24,124,0,2198
28,128,0,11664
29,129,0,1333
31,131,0,15246
40,140,0,10434
41,141,0,29160
53,153,0,25428
54,154,0,4138
56,156,0,4772
64,164,0,6542
75,175,0,3671
86,186,0,21668
93,193,0,8132
98,198,0,18341
1,29,0,-15072
1,34,0,-5614
1,53,0,-15124
1,57,0,-13211
1,75,0,-8404
2,4,0,-8784
2,22,0,-12526
2,23,0,-8102
2,37,0,-12884
2,62,0,-8387
2,67,0,-9487
2,72,0,-10915
2,76,0,-14845
2,82,0,-12728
2,89,0,-15016
3,12,0,-8804
3,30,0,-14438
3,41,0,-7913
4,22,0,-14928
4,23,0,-9385
4,37,0,-7768
4,62,0,-10502
4,72,0,-14318
4,89,0,-15596
5,20,0,-9170
5,24,0,-12348
5,33,0,-14232
5,43,0,-8048
5,55,0,-14271
5,59,0,-10173
5,64,0,-6589
5,68,0,-12055
5,85,0,-12774
5,88,0,-12915
5,92,0,-15012
6,9,0,-13432
6,11,0,-9245
6,17,0,-13770
6,19,0,-10603
6,49,0,-8762
6,51,0,-5961
6,65,0,-2713
7,8,0,-14578
7,18,0,-9697
7,58,0,-13526
7,63,0,-13284
7,93,0,-12556
8,58,0,-4507
8,63,0,-10103
8,74,0,-3031
9,17,0,-3708
9,19,0,-14913
9,41,0,-12931
9,50,0,-3163
9,60,0,-13852
9,65,0,-15820
9,71,0,-15899
9,97,0,-13618
10,35,0,-15009
10,54,0,-12872
10,77,0,-10661
10,87,0,-8803
10,98,0,-12696
11,17,0,-15101
11,19,0,-3583
11,49,0,-9210
11,51,0,-11249
11,65,0,-7962
12,25,0,-10274
12,26,0,-14021
12,30,0,-9393
13,15,0,-12485
13,18,0,-14520
13,32,0,-10482
13,36,0,-12657
13,45,0,-8437
13,58,0,-12591
13,63,0,-7019
13,90,0,-8477
13,93,0,-11128
14,31,0,-14540
14,40,0,-10033
14,42,0,-1777
14,46,0,-7454
14,47,0,-9894
14,48,0,-8790
14,70,0,-13164
15,18,0,-11672
15,45,0,-8521
15,90,0,-4417
15,93,0,-7773
16,37,0,-11801
16,38,0,-15942
17,19,0,-12504
17,41,0,-15342
17,50,0,-6072
17,60,0,-11749
17,61,0,-15857
17,65,0,-15759
17,71,0,-12268
17,97,0,-10335
18,63,0,-15076
18,90,0,-9725
18,93,0,-4396
19,49,0,-12620
19,51,0,-13987
19,65,0,-10163
19,71,0,-14054
19,97,0,-15925
20,24,0,-8552
20,28,0,-12142
20,33,0,-12691
20,43,0,-4872
20,55,0,-5153
20,59,0,-4885
20,64,0,-8358
20,85,0,-13779
20,88,0,-3801
21,22,0,-7018
21,24,0,-11277
21,33,0,-9359
21,62,0,-9639
21,72,0,-8923
21,76,0,-9547
21,81,0,-13965
21,85,0,-12435
22,62,0,-4637
22,72,0,-1966
22,76,0,-4258
23,36,0,-15124
23,37,0,-7291
23,62,0,-15627
23,67,0,-10803
23,89,0,-7156
24,33,0,-4437
24,43,0,-12986
24,55,0,-10860
24,59,0,-13427
24,64,0,-6392
24,85,0,-6938
24,88,0,-10136
25,26,0,-7140
25,27,0,-15527
25,30,0,-5647
25,99,0,-15933
26,27,0,-9358
26,30,0,-12746
26,96,0,-15848
26,99,0,-9333
27,31,0,-10343
27,44,0,-9311
27,96,0,-9825
27,99,0,-1659
28,43,0,-8835
28,55,0,-11496
28,59,0,-7437
28,88,0,-11345
29,34,0,-9672
29,53,0,-5183
29,75,0,-7398
30,78,0,-13935
30,83,0,-12146
30,94,0,-14733
30,95,0,-11670
31,42,0,-12867
31,44,0,-7862
31,70,0,-10232
31,99,0,-11594
32,36,0,-2245
32,45,0,-10419
32,63,0,-15261
32,89,0,-9830
33,55,0,-15297
33,64,0,-7643
33,81,0,-11690
33,85,0,-3718
33,88,0,-14564
33,92,0,-13179
34,53,0,-10812
34,75,0,-2824
35,40,0,-15920
35,48,0,-15301
35,66,0,-12310
35,79,0,-9957
35,86,0,-11624
36,45,0,-12382
36,89,0,-8062
37,89,0,-9941
38,39,0,-10166
39,52,0,-13402
39,81,0,-9809
39,92,0,-15876
40,42,0,-11536
40,46,0,-4256
40,47,0,-15691
40,48,0,-6010
40,66,0,-9036
40,70,0,-15619
40,79,0,-9623
41,50,0,-9769
42,46,0,-9198
42,47,0,-10662
42,48,0,-10567
42,70,0,-12418
43,55,0,-8142
43,59,0,-2190
43,64,0,-10712
43,88,0,-7004
44,70,0,-15115
44,96,0,-9848
44,99,0,-9436
45,63,0,-15436
45,90,0,-7575
45,93,0,-12839
46,47,0,-11452
46,48,0,-2372
46,66,0,-12654
46,79,0,-12679
47,48,0,-10407
47,54,0,-8711
47,69,0,-9026
47,78,0,-15757
47,87,0,-12905
48,54,0,-14493
48,66,0,-13331
48,79,0,-12933
49,51,0,-4813
49,65,0,-6081
50,60,0,-13392
50,97,0,-14513
51,65,0,-4206
52,81,0,-12895
52,85,0,-15491
52,92,0,-6410
52,100,0,-7672
53,75,0,-9699
54,69,0,-7079
54,77,0,-10181
54,87,0,-4527
55,59,0,-6631
55,64,0,-12967
55,88,0,-1356
56,57,0,-7286
56,84,0,-15551
56,91,0,-7778
57,91,0,-14891
58,63,0,-5635
58,74,0,-7044
59,64,0,-12137
59,88,0,-5707
60,61,0,-6123
60,71,0,-10010
60,80,0,-6994
60,83,0,-11937
60,91,0,-15440
60,94,0,-9803
60,95,0,-14648
60,97,0,-5957
61,71,0,-8075
61,80,0,-4245
61,83,0,-13239
61,91,0,-9355
61,94,0,-10624
61,95,0,-15058
61,97,0,-6070
62,72,0,-3822
62,76,0,-8268
62,82,0,-15336
63,74,0,-12658
63,90,0,-13500
63,93,0,-13502
64,85,0,-6594
64,88,0,-11753
64,92,0,-12261
66,79,0,-2354
66,86,0,-11557
67,82,0,-10028
67,89,0,-14083
67,98,0,-7460
68,92,0,-14672
68,100,0,-13820
69,73,0,-15715
69,77,0,-13908
69,78,0,-10994
69,87,0,-10887
71,80,0,-12288
71,91,0,-13345
71,97,0,-4148
72,76,0,-4462
72,82,0,-14225
73,91,0,-13665
74,86,0,-13976
76,82,0,-14722
76,84,0,-14321
77,87,0,-6805
77,98,0,-10391
78,83,0,-13614
78,94,0,-15288
78,95,0,-10587
79,86,0,-10430
80,83,0,-9308
80,91,0,-10209
80,94,0,-6693
80,95,0,-10875
80,97,0,-9749
81,85,0,-10189
81,92,0,-10805
82,84,0,-8930
82,98,0,-13918
83,94,0,-2624
83,95,0,-3072
85,92,0,-9493
87,98,0,-15631
90,93,0,-5329
91,97,0,-14034
92,100,0,-11538
94,95,0,-4859
94,97,0,-14885
96,99,0,-8385
