12,112,0,9803
14,114,0,16399
19,119,0,8420
25,125,0,13727
33,133,0,8861
36,136,0,7917
47,147,0,16625
66,166,0,5980
69,169,0,26226
70,170,0,14185
81,181,0,8141
84,184,0,16088
88,188,0,2266
99,199,0,7099
1,2,0,-11224
1,29,0,-12245
1,43,0,-12245
1,63,0,-9361
1,64,0,-7268
1,70,0,-12395
1,76,0,-10105
1,93,0,-6625
1,94,0,-12441
2,29,0,-8882
2,43,0,-9080
2,63,0,-15367
2,64,0,-13801
2,65,0,-15695
2,76,0,-12259
2,81,0,-15548
2,84,0,-6439
2,91,0,-11733
2,99,0,-11674
3,72,0,-11693
3,74,0,-7015
3,77,0,-7205
3,83,0,-10428
3,86,0,-14882
4,17,0,-9074
4,26,0,-9546
4,48,0,-12016
4,54,0,-11005
4,89,0,-8195
5,13,0,-15424
5,16,0,-8269
5,21,0,-15516
5,23,0,-11333
5,33,0,-7221
5,46,0,-8768
5,67,0,-6949
5,78,0,-10372
5,92,0,-5214
6,7,0,-13189
6,20,0,-9194
6,22,0,-15428
6,25,0,-11538
6,34,0,-8294
6,35,0,-9176
6,36,0,-13307
6,37,0,-4637
6,38,0,-8087
6,60,0,-9912
6,75,0,-12445
6,100,0,-15587
7,19,0,-6583
7,34,0,-15457
7,37,0,-11364
7,60,0,-6706
8,12,0,-12072
8,24,0,-12502
8,32,0,-13062
8,95,0,-15117
9,43,0,-15309
9,49,0,-1677
9,52,0,-11392
9,56,0,-2771
9,65,0,-6670
9,79,0,-15929
9,84,0,-10436
9,88,0,-14573
9,95,0,-14194
10,24,0,-11161
10,57,0,-4745
10,73,0,-7067
10,82,0,-2230
11,27,0,-14615
11,40,0,-1930
11,41,0,-12711
11,47,0,-5774
11,66,0,-13883
12,50,0,-9588
12,81,0,-9916
12,91,0,-12926
12,95,0,-15160
12,97,0,-15159
12,99,0,-7651
13,20,0,-14516
13,21,0,-11238
13,25,0,-10906
13,35,0,-14342
13,55,0,-15040
13,62,0,-9210
13,67,0,-8490
13,68,0,-6735
13,71,0,-13354
13,78,0,-7201
13,80,0,-8805
13,98,0,-13652
13,100,0,-15194
14,51,0,-3242
15,42,0,-2265
15,69,0,-12688
15,72,0,-7610
15,86,0,-2566
16,21,0,-11747
16,23,0,-14894
16,33,0,-10600
16,67,0,-11132
16,78,0,-15692
16,92,0,-4735
16,100,0,-14795
17,26,0,-14693
17,48,0,-4459
17,54,0,-3981
17,89,0,-13624
18,74,0,-14307
18,83,0,-12306
18,87,0,-14126
19,53,0,-12955
19,60,0,-13199
19,83,0,-14914
20,21,0,-9088
20,22,0,-8778
20,25,0,-3636
20,34,0,-6691
20,35,0,-240
20,36,0,-6445
20,37,0,-13777
20,38,0,-2599
20,60,0,-15060
20,100,0,-6929
21,22,0,-9350
21,25,0,-7717
21,34,0,-13772
21,35,0,-9107
21,36,0,-8732
21,38,0,-10764
21,67,0,-11736
21,78,0,-14746
21,92,0,-15501
21,100,0,-4796
22,25,0,-11046
22,34,0,-7688
22,35,0,-8999
22,36,0,-2361
22,38,0,-7856
22,60,0,-15858
22,69,0,-11045
22,100,0,-4652
23,33,0,-4499
23,46,0,-13000
23,92,0,-10341
24,31,0,-15412
24,57,0,-13777
24,73,0,-15403
24,79,0,-10417
24,82,0,-13391
24,88,0,-12417
24,95,0,-10743
25,34,0,-10326
25,35,0,-3447
25,36,0,-8945
25,37,0,-15830
25,38,0,-6236
25,68,0,-15314
25,100,0,-7714
26,54,0,-13808
26,89,0,-1350
27,47,0,-15839
27,55,0,-14143
27,62,0,-14951
27,71,0,-14744
27,80,0,-15831
27,98,0,-10719
28,87,0,-11691
29,44,0,-14897
29,63,0,-9811
29,81,0,-9804
29,84,0,-13820
29,91,0,-5248
29,96,0,-14242
29,97,0,-8230
29,99,0,-12915
30,58,0,-4778
30,85,0,-12969
31,79,0,-6637
31,88,0,-5617
31,95,0,-13505
32,39,0,-13681
33,46,0,-11460
33,67,0,-14170
33,92,0,-5930
34,35,0,-6891
34,36,0,-6064
34,37,0,-12418
34,38,0,-4099
34,60,0,-9122
34,69,0,-14553
34,100,0,-9591
35,36,0,-6671
35,37,0,-13743
35,38,0,-2793
35,60,0,-15198
35,100,0,-7070
36,38,0,-5539
36,60,0,-14855
36,69,0,-12947
36,100,0,-3999
37,38,0,-12714
37,44,0,-15154
37,59,0,-11758
37,60,0,-10708
37,75,0,-8364
37,96,0,-14073
38,60,0,-12605
38,100,0,-7520
39,50,0,-12386
39,53,0,-14602
39,87,0,-11707
40,41,0,-11208
40,47,0,-6971
40,66,0,-12584
41,47,0,-13499
41,66,0,-2310
42,61,0,-14533
42,69,0,-12824
42,72,0,-8890
42,86,0,-4535
43,45,0,-12993
43,49,0,-15907
43,52,0,-10890
43,56,0,-14624
43,64,0,-9252
43,65,0,-10975
43,70,0,-15780
43,76,0,-5213
43,84,0,-10618
43,93,0,-14658
44,59,0,-6803
44,63,0,-8323
44,75,0,-7525
44,90,0,-11414
44,96,0,-4547
44,97,0,-14765
45,52,0,-7191
45,65,0,-11938
45,76,0,-13394
45,85,0,-11662
46,55,0,-15668
46,67,0,-11117
46,78,0,-10880
46,92,0,-13383
47,66,0,-13730
48,54,0,-7656
49,52,0,-10728
49,56,0,-1763
49,65,0,-6263
49,84,0,-11941
49,88,0,-14657
49,95,0,-15139
50,53,0,-15226
50,81,0,-9368
50,91,0,-13939
50,97,0,-12713
50,99,0,-15441
52,56,0,-8966
52,65,0,-4812
52,76,0,-14020
52,84,0,-15326
53,87,0,-14679
54,89,0,-13014
55,62,0,-10585
55,68,0,-11522
55,71,0,-15771
55,78,0,-11769
55,80,0,-6927
55,98,0,-6109
56,65,0,-4542
56,84,0,-11854
57,73,0,-10864
57,82,0,-4395
58,70,0,-13155
58,85,0,-10627
59,63,0,-13764
59,75,0,-3730
59,96,0,-2945
59,97,0,-12838
61,69,0,-13046
62,67,0,-15814
62,68,0,-2502
62,71,0,-6072
62,78,0,-12079
62,80,0,-4531
62,98,0,-5923
63,75,0,-15617
63,90,0,-15046
63,91,0,-14235
63,93,0,-13988
63,96,0,-10827
63,97,0,-14312
64,70,0,-7190
64,76,0,-4572
64,85,0,-13818
64,93,0,-5748
64,94,0,-11197
65,76,0,-15421
65,84,0,-11678
67,68,0,-13775
67,78,0,-4571
67,80,0,-13008
67,92,0,-10848
68,71,0,-7424
68,78,0,-10413
68,80,0,-4686
68,98,0,-7886
69,86,0,-14534
69,100,0,-15510
70,76,0,-10580
70,85,0,-11632
70,93,0,-6414
70,94,0,-6876
71,80,0,-10556
71,90,0,-10506
71,98,0,-9948
72,86,0,-5316
73,82,0,-6468
74,77,0,-2870
74,83,0,-3657
75,90,0,-14873
75,96,0,-5711
76,84,0,-15434
76,85,0,-12939
76,93,0,-10311
76,94,0,-15627
77,83,0,-3890
78,80,0,-8701
78,92,0,-14988
78,98,0,-13549
79,88,0,-1999
79,95,0,-7093
80,98,0,-5136
81,91,0,-4571
81,97,0,-5245
81,99,0,-10179
84,91,0,-14618
84,99,0,-9188
88,95,0,-7930
90,96,0,-15541
91,96,0,-15224
91,97,0,-4977
91,99,0,-10186
93,94,0,-6242
95,99,0,-14434
96,97,0,-11701
97,99,0,-14490
4,14,0,-10000000
4,28,0,-10000000
