8,208,0,8002
10,210,0,3793
23,223,0,4736
29,229,0,9111
33,233,0,16417
41,241,0,12828
45,245,0,335
54,254,0,12999
68,268,0,20398
72,272,0,8280
76,276,0,9603
79,279,0,19155
83,283,0,11772
90,290,0,19415
102,302,0,7848
103,303,0,9947
105,305,0,7890
114,314,0,14181
116,316,0,12383
124,324,0,11360
128,328,0,13603
129,329,0,17209
143,343,0,5302
154,354,0,15511
160,360,0,12009
161,361,0,6400
162,362,0,9
164,364,0,15635
169,369,0,2459
170,370,0,18401
192,392,0,20910
193,393,0,20197
196,396,0,885
1,7,0,-8050
1,70,0,-8846
1,77,0,-3926
1,86,0,-4248
1,102,0,-4938
1,136,0,-10835
1,156,0,-10538
2,39,0,-6799
2,40,0,-4118
2,48,0,-10333
2,61,0,-2487
2,87,0,-4088
2,99,0,-5002
2,132,0,-1787
2,146,0,-7749
2,149,0,-11259
2,176,0,-9723
2,193,0,-7450
3,57,0,-7051
3,124,0,-10348
3,151,0,-6912
3,164,0,-10383
3,179,0,-10995
3,183,0,-8914
3,187,0,-11215
4,46,0,-9963
4,49,0,-5311
4,107,0,-3200
4,127,0,-6835
4,135,0,-6436
4,161,0,-10135
4,183,0,-7168
4,187,0,-7009
5,20,0,-7190
5,33,0,-5445
5,114,0,-10061
5,158,0,-10856
5,198,0,-3798
6,30,0,-7684
6,62,0,-10515
6,81,0,-11025
6,85,0,-9587
6,92,0,-4851
6,97,0,-7648
6,126,0,-4212
7,70,0,-6603
7,77,0,-8497
7,86,0,-3834
7,102,0,-3703
7,120,0,-9282
7,136,0,-10800
7,156,0,-9401
8,52,0,-7049
8,128,0,-4804
9,19,0,-7967
9,23,0,-7909
9,35,0,-9667
9,79,0,-9923
9,82,0,-8822
9,104,0,-10298
9,171,0,-10890
10,155,0,-8649
10,157,0,-7949
11,75,0,-8937
11,140,0,-4074
11,155,0,-9260
11,189,0,-3862
12,103,0,-10675
12,124,0,-8613
12,158,0,-4354
12,167,0,-9091
13,65,0,-2559
13,103,0,-8741
13,127,0,-10188
13,130,0,-9227
13,153,0,-4019
13,157,0,-6829
14,62,0,-1304
14,74,0,-10115
14,81,0,-934
14,83,0,-8486
14,109,0,-1047
15,24,0,-3685
15,34,0,-8623
15,76,0,-2712
15,148,0,-9759
15,150,0,-10471
15,175,0,-7407
15,195,0,-5435
16,65,0,-10075
16,93,0,-6985
16,103,0,-6287
16,158,0,-10803
17,44,0,-2074
17,50,0,-7902
17,113,0,-2418
17,147,0,-9899
17,152,0,-3702
17,200,0,-5799
18,20,0,-11220
18,36,0,-2626
18,57,0,-6906
18,114,0,-2803
18,124,0,-6771
18,131,0,-8735
18,159,0,-3435
18,196,0,-6867
18,198,0,-9055
18,199,0,-7720
19,82,0,-3460
19,90,0,-11052
19,98,0,-9499
19,104,0,-9512
19,182,0,-9873
19,194,0,-6858
20,33,0,-5722
20,114,0,-9343
20,196,0,-9118
20,198,0,-5878
20,199,0,-6586
21,118,0,-5209
21,188,0,-11268
22,42,0,-4497
22,95,0,-2020
22,144,0,-7717
22,145,0,-7678
22,169,0,-5292
22,184,0,-8961
23,35,0,-9527
23,51,0,-7950
23,72,0,-8758
23,79,0,-3980
23,111,0,-10442
23,119,0,-10687
23,171,0,-6039
24,34,0,-8476
24,76,0,-3763
24,78,0,-9359
24,148,0,-7452
24,150,0,-7377
24,175,0,-4026
24,195,0,-1754
25,51,0,-9358
25,55,0,-5575
25,67,0,-4839
25,90,0,-10441
25,106,0,-5176
25,117,0,-1540
25,121,0,-4973
26,59,0,-8187
26,122,0,-5266
26,134,0,-10080
26,173,0,-10399
26,184,0,-11291
26,186,0,-8815
27,52,0,-7407
27,94,0,-7180
27,112,0,-4835
27,165,0,-2265
27,191,0,-6138
28,38,0,-1439
28,162,0,-2334
29,77,0,-9062
29,139,0,-2647
29,141,0,-5463
29,154,0,-3431
29,172,0,-9786
30,35,0,-10663
30,85,0,-6345
30,92,0,-10365
30,97,0,-10902
30,104,0,-10922
30,126,0,-11247
31,32,0,-9315
31,68,0,-7358
31,69,0,-2576
31,129,0,-8941
32,63,0,-9226
32,68,0,-4700
32,69,0,-7169
32,116,0,-4341
32,129,0,-4912
32,163,0,-9302
32,173,0,-5996
33,198,0,-7464
34,76,0,-10967
34,148,0,-5352
34,175,0,-7895
34,195,0,-8795
35,72,0,-3237
35,101,0,-10227
35,110,0,-3456
35,111,0,-4144
35,115,0,-10304
35,168,0,-9381
35,171,0,-5764
36,57,0,-4332
36,114,0,-4738
36,124,0,-6091
36,131,0,-8277
36,159,0,-4654
36,196,0,-9077
36,198,0,-11000
36,199,0,-10242
37,47,0,-3205
37,56,0,-7090
37,64,0,-7655
37,138,0,-7807
37,166,0,-7261
37,180,0,-8870
37,193,0,-11117
38,162,0,-899
39,40,0,-4477
39,61,0,-9046
39,87,0,-10798
39,99,0,-8292
39,132,0,-5030
39,146,0,-4246
40,61,0,-5515
40,87,0,-7285
40,99,0,-3816
40,132,0,-3172
40,146,0,-3686
40,176,0,-8603
40,193,0,-11072
41,131,0,-9472
41,160,0,-3955
41,164,0,-6806
41,179,0,-6815
42,63,0,-10137
42,95,0,-2534
42,116,0,-10976
42,144,0,-5643
42,145,0,-3190
42,163,0,-10796
42,169,0,-1475
42,184,0,-10209
43,71,0,-6797
43,91,0,-10634
43,100,0,-6574
43,125,0,-5951
43,143,0,-10564
43,181,0,-9013
44,50,0,-8288
44,113,0,-4316
44,152,0,-4642
44,200,0,-7614
45,85,0,-7717
45,93,0,-10480
45,97,0,-10902
45,120,0,-5737
45,123,0,-2914
46,54,0,-6936
46,105,0,-3893
46,127,0,-10610
46,135,0,-9959
46,161,0,-4857
47,56,0,-4071
47,64,0,-4953
47,66,0,-10633
47,138,0,-7508
47,166,0,-5101
47,180,0,-7790
47,193,0,-10024
48,61,0,-10047
48,87,0,-9163
48,133,0,-8409
48,149,0,-3213
48,166,0,-8721
48,193,0,-5129
49,107,0,-6953
49,135,0,-5072
49,151,0,-10085
49,183,0,-5380
49,187,0,-2996
50,113,0,-9315
50,152,0,-4304
50,200,0,-6399
51,55,0,-7548
51,67,0,-5813
51,79,0,-4079
51,90,0,-8431
51,98,0,-10173
51,117,0,-8740
51,121,0,-8074
51,177,0,-10814
52,94,0,-10533
52,112,0,-7430
52,128,0,-10703
52,165,0,-6515
53,71,0,-6771
53,84,0,-2506
53,89,0,-8067
53,91,0,-3466
53,125,0,-11078
53,133,0,-5523
53,136,0,-9620
53,142,0,-7591
53,149,0,-9128
53,156,0,-11001
53,181,0,-11038
53,185,0,-1834
54,75,0,-7635
54,105,0,-3566
54,161,0,-8661
55,58,0,-11161
55,67,0,-7076
55,79,0,-10779
55,90,0,-4890
55,98,0,-6902
55,106,0,-5198
55,117,0,-6395
55,121,0,-8819
55,182,0,-11313
56,64,0,-1485
56,66,0,-7468
56,138,0,-7257
56,166,0,-6301
56,180,0,-6388
57,114,0,-8385
57,124,0,-6299
57,131,0,-10191
57,159,0,-8634
57,164,0,-9876
57,179,0,-11037
58,60,0,-4741
58,73,0,-4617
58,78,0,-8676
58,82,0,-10668
58,90,0,-8272
58,96,0,-10485
58,98,0,-6875
58,150,0,-8840
58,182,0,-3055
59,134,0,-2350
60,73,0,-4600
60,78,0,-6555
60,96,0,-9469
60,150,0,-4251
60,175,0,-10817
60,182,0,-7196
60,195,0,-10357
61,87,0,-1789
61,99,0,-4440
61,132,0,-4195
61,146,0,-9159
61,149,0,-10247
61,176,0,-8294
61,193,0,-8423
62,74,0,-9595
62,81,0,-1059
62,83,0,-9770
62,109,0,-1854
63,116,0,-5835
63,129,0,-6576
63,144,0,-10922
63,145,0,-6963
63,163,0,-689
63,169,0,-9587
63,173,0,-10247
64,66,0,-6034
64,138,0,-6212
64,166,0,-7776
64,180,0,-5077
64,188,0,-10098
65,103,0,-6183
65,127,0,-9577
65,130,0,-7259
65,153,0,-5224
65,157,0,-7754
65,167,0,-10328
66,118,0,-10075
66,138,0,-6758
66,172,0,-8478
66,180,0,-4670
66,188,0,-4560
67,79,0,-9799
67,90,0,-10845
67,106,0,-9498
67,117,0,-3596
67,121,0,-2381
67,177,0,-8561
68,69,0,-6415
68,116,0,-8974
68,129,0,-8389
68,173,0,-8975
69,116,0,-10605
69,129,0,-6367
70,86,0,-6275
70,89,0,-7886
70,102,0,-5005
70,136,0,-4265
70,142,0,-10084
70,156,0,-2798
71,84,0,-6982
71,89,0,-10116
71,91,0,-3997
71,125,0,-8493
71,133,0,-10768
71,142,0,-8219
71,155,0,-11208
71,181,0,-10342
71,185,0,-6583
72,101,0,-8618
72,110,0,-4152
72,111,0,-1785
72,115,0,-7367
72,168,0,-8096
72,171,0,-3344
73,78,0,-10963
73,96,0,-5907
73,98,0,-10194
73,150,0,-8366
73,178,0,-10375
73,182,0,-4820
73,194,0,-11215
74,81,0,-10565
74,109,0,-11137
74,186,0,-5850
75,105,0,-10289
75,140,0,-9881
75,189,0,-8862
76,148,0,-11080
76,150,0,-8696
76,175,0,-7758
76,192,0,-11184
76,195,0,-5269
77,86,0,-5665
77,102,0,-6873
77,141,0,-10180
77,154,0,-8551
78,148,0,-9025
78,150,0,-5746
78,175,0,-6457
78,195,0,-7624
79,82,0,-10885
79,90,0,-9901
79,98,0,-11027
79,119,0,-11283
79,171,0,-9685
80,87,0,-10667
80,125,0,-6907
80,133,0,-10876
80,143,0,-10399
80,170,0,-5547
80,176,0,-9194
80,181,0,-4159
81,83,0,-9197
81,109,0,-846
82,90,0,-7603
82,98,0,-6156
82,182,0,-7780
82,194,0,-9287
83,108,0,-11271
83,109,0,-8502
84,89,0,-5561
84,91,0,-2990
84,133,0,-7849
84,136,0,-7716
84,142,0,-5206
84,149,0,-10685
84,156,0,-8918
84,185,0,-4280
85,92,0,-8992
85,97,0,-7407
85,110,0,-10373
85,120,0,-10765
85,123,0,-5117
85,126,0,-11050
86,102,0,-1272
86,136,0,-9677
86,156,0,-8747
87,99,0,-5696
87,132,0,-5864
87,133,0,-9635
87,146,0,-10903
87,149,0,-8898
87,176,0,-8674
87,193,0,-8503
88,174,0,-8243
88,197,0,-9202
89,91,0,-6928
89,136,0,-5412
89,142,0,-2221
89,155,0,-9639
89,156,0,-5522
89,185,0,-9827
90,98,0,-2133
90,106,0,-9168
90,117,0,-11109
90,182,0,-7315
91,125,0,-10829
91,133,0,-8675
91,136,0,-10387
91,142,0,-5565
91,185,0,-4275
92,97,0,-3434
92,123,0,-11213
92,126,0,-2477
92,141,0,-7981
92,154,0,-10115
93,101,0,-7419
93,168,0,-7581
94,112,0,-3193
94,165,0,-5450
95,144,0,-6202
95,145,0,-5722
95,169,0,-3561
95,184,0,-8924
96,178,0,-6160
96,182,0,-9818
96,192,0,-10236
96,194,0,-9335
97,120,0,-9703
97,123,0,-8255
97,126,0,-5866
97,141,0,-8720
97,154,0,-10386
98,106,0,-10695
98,182,0,-5392
99,132,0,-5457
99,146,0,-6352
99,176,0,-5010
101,110,0,-7230
101,111,0,-6836
101,115,0,-5519
101,168,0,-1224
101,171,0,-10958
102,136,0,-8510
102,156,0,-7513
103,127,0,-11071
103,130,0,-5629
103,153,0,-10519
103,167,0,-6916
104,108,0,-8923
104,109,0,-11165
104,194,0,-9740
105,161,0,-5214
106,117,0,-6709
106,121,0,-10118
106,191,0,-8314
107,127,0,-5706
107,130,0,-8893
107,135,0,-9465
107,167,0,-8597
107,183,0,-6142
107,187,0,-7372
108,109,0,-11191
108,194,0,-7315
110,111,0,-3410
110,115,0,-8838
110,168,0,-6229
110,171,0,-7492
111,115,0,-6172
111,168,0,-6317
111,171,0,-4696
112,165,0,-2673
112,191,0,-10348
113,147,0,-7506
113,152,0,-5036
113,200,0,-5293
114,124,0,-5775
114,159,0,-5849
114,196,0,-7715
114,198,0,-6326
114,199,0,-7612
115,119,0,-10297
115,168,0,-6206
115,171,0,-7956
116,129,0,-5491
116,144,0,-8578
116,145,0,-8624
116,163,0,-6164
116,169,0,-11226
116,173,0,-4801
117,121,0,-3434
117,177,0,-11185
118,138,0,-9431
118,180,0,-9352
118,188,0,-6091
119,171,0,-9437
119,177,0,-8190
120,123,0,-6151
121,128,0,-9591
121,177,0,-7757
122,144,0,-10490
122,173,0,-11157
122,184,0,-6655
122,186,0,-6098
124,158,0,-11050
124,159,0,-10110
124,198,0,-9108
125,133,0,-10740
125,143,0,-8992
125,170,0,-9370
125,181,0,-3084
125,185,0,-9469
126,141,0,-7725
126,154,0,-10023
127,130,0,-5867
127,153,0,-7203
127,167,0,-7789
128,177,0,-9976
129,163,0,-6298
129,173,0,-9685
130,153,0,-8611
130,167,0,-3308
131,159,0,-5930
131,160,0,-10345
131,164,0,-10903
131,196,0,-9130
132,146,0,-6487
132,176,0,-10438
132,193,0,-7901
133,149,0,-5256
133,181,0,-9168
133,185,0,-4438
135,161,0,-6999
135,183,0,-10306
135,187,0,-8047
136,142,0,-7523
136,156,0,-1695
138,180,0,-2106
138,188,0,-7929
139,141,0,-7332
139,154,0,-5725
139,172,0,-7165
140,155,0,-5188
140,189,0,-1025
141,154,0,-2313
142,155,0,-8099
142,156,0,-7740
142,185,0,-9167
143,170,0,-6967
143,181,0,-10048
144,145,0,-6338
144,169,0,-6922
144,173,0,-6779
144,184,0,-6658
145,163,0,-7615
145,169,0,-2751
145,173,0,-10248
146,176,0,-9978
147,152,0,-11251
147,178,0,-8145
147,192,0,-8161
147,200,0,-8479
148,175,0,-4404
148,195,0,-6634
149,185,0,-8893
149,193,0,-7897
150,175,0,-7256
150,195,0,-6275
151,164,0,-10747
151,174,0,-7835
151,179,0,-10562
151,183,0,-6906
151,187,0,-7186
151,197,0,-7392
152,200,0,-3996
153,157,0,-10621
155,189,0,-5566
159,196,0,-4908
159,199,0,-6806
160,164,0,-2963
160,174,0,-9945
160,179,0,-2863
162,176,0,-11029
163,169,0,-10214
163,173,0,-10699
164,174,0,-8741
164,179,0,-1250
165,191,0,-8229
166,193,0,-5441
168,171,0,-10709
170,176,0,-10610
170,181,0,-8085
172,188,0,-8767
174,179,0,-7711
174,197,0,-3637
175,195,0,-2584
178,192,0,-4434
179,197,0,-11116
180,188,0,-6503
181,185,0,-9238
182,194,0,-11077
183,187,0,-3067
184,186,0,-10831
196,198,0,-10954
196,199,0,-2600
198,199,0,-9247
28,137,0,-10000000
28,190,0,-10000000
