11,411,0,12996
20,420,0,5850
31,431,0,7318
35,435,0,740
38,438,0,4852
39,439,0,10565
49,449,0,11235
51,451,0,492
60,460,0,5260
63,463,0,8140
70,470,0,4888
74,474,0,12101
81,481,0,7097
100,500,0,1976
104,504,0,13235
110,510,0,1772
113,513,0,2626
116,516,0,4280
125,525,0,5349
137,537,0,5616
144,544,0,1669
146,546,0,13027
150,550,0,4452
170,570,0,13511
175,575,0,68
178,578,0,7173
188,588,0,5067
189,589,0,560
193,593,0,8111
209,609,0,5068
240,640,0,1526
249,649,0,9674
256,656,0,3953
264,664,0,3917
270,670,0,1420
280,680,0,10271
286,686,0,14197
295,695,0,3742
312,712,0,5812
314,714,0,5009
318,718,0,4569
323,723,0,12186
331,731,0,9277
337,737,0,14036
340,740,0,9904
344,744,0,1624
349,749,0,6001
352,752,0,4797
355,755,0,13263
358,758,0,160
360,760,0,1201
365,765,0,3527
366,766,0,7171
370,770,0,12471
372,772,0,3472
381,781,0,6863
383,783,0,11520
385,785,0,214
389,789,0,10419
395,795,0,8351
399,799,0,12423
400,800,0,738
1,5,0,-7071
1,34,0,-7755
1,129,0,-5880
1,160,0,-5086
1,195,0,-7884
1,258,0,-5446
1,282,0,-6543
1,328,0,-7739
1,343,0,-7519
1,347,0,-6888
2,61,0,-5311
2,107,0,-931
2,127,0,-4486
2,261,0,-5777
2,277,0,-2332
2,332,0,-5077
3,11,0,-5433
3,117,0,-5374
3,171,0,-6012
3,175,0,-3516
3,178,0,-7086
3,211,0,-6398
3,225,0,-6216
3,232,0,-5678
3,304,0,-1581
3,356,0,-4707
3,363,0,-3051
4,72,0,-5679
4,93,0,-5505
4,103,0,-2732
4,140,0,-7325
4,208,0,-3997
4,240,0,-7764
4,265,0,-3660
4,270,0,-4844
4,308,0,-7387
4,321,0,-5453
4,333,0,-1849
5,129,0,-7305
5,292,0,-2525
5,343,0,-6107
6,59,0,-5346
6,126,0,-1146
6,156,0,-4396
6,203,0,-7206
6,287,0,-6143
6,302,0,-6221
6,316,0,-6872
6,366,0,-3569
7,12,0,-7760
7,26,0,-6097
7,66,0,-5288
7,87,0,-3927
7,190,0,-3342
7,207,0,-7582
7,234,0,-5401
7,256,0,-7800
7,294,0,-4305
7,352,0,-3107
7,388,0,-5764
8,102,0,-7351
8,152,0,-6253
8,276,0,-3155
8,285,0,-6317
8,296,0,-7914
8,331,0,-7642
9,28,0,-4849
9,105,0,-5389
9,145,0,-5356
9,146,0,-5876
9,250,0,-3964
9,306,0,-2214
9,354,0,-6811
10,124,0,-7044
10,142,0,-5253
10,237,0,-4945
10,287,0,-7511
10,303,0,-4627
10,311,0,-6364
11,171,0,-5532
11,175,0,-4078
11,178,0,-6359
11,211,0,-1151
11,225,0,-6288
11,232,0,-7661
11,304,0,-4885
11,334,0,-2939
11,356,0,-1985
11,363,0,-7792
12,33,0,-7799
12,66,0,-6098
12,87,0,-5311
12,108,0,-6090
12,169,0,-3401
12,256,0,-7495
12,294,0,-6000
12,388,0,-3915
13,20,0,-7210
13,29,0,-3894
13,51,0,-5842
13,92,0,-5528
13,128,0,-6487
13,133,0,-6590
13,155,0,-2650
13,182,0,-7966
13,187,0,-3088
13,220,0,-1549
13,336,0,-6671
13,375,0,-7194
13,387,0,-4834
13,397,0,-4120
14,35,0,-7404
14,38,0,-6270
14,61,0,-5553
14,65,0,-3658
14,95,0,-5356
14,257,0,-6801
14,260,0,-5813
14,370,0,-5526
14,394,0,-1216
15,71,0,-5213
15,131,0,-7442
15,134,0,-1721
15,153,0,-7286
15,252,0,-6095
15,303,0,-6533
15,311,0,-5045
15,350,0,-2880
16,158,0,-3306
16,262,0,-5478
16,284,0,-6597
16,291,0,-7897
16,358,0,-7786
16,384,0,-7620
17,86,0,-6769
17,209,0,-4607
17,231,0,-4560
17,248,0,-2993
17,256,0,-7390
17,272,0,-4642
17,300,0,-7077
17,385,0,-6304
18,39,0,-4535
18,44,0,-2330
18,47,0,-4401
18,76,0,-7979
18,113,0,-6755
18,163,0,-5742
18,199,0,-6793
18,200,0,-6764
18,238,0,-6787
18,374,0,-6679
19,23,0,-3575
19,142,0,-7071
19,237,0,-6731
19,271,0,-5124
19,346,0,-6288
20,51,0,-4395
20,92,0,-2732
20,130,0,-2456
20,133,0,-3585
20,220,0,-6241
20,319,0,-7541
20,324,0,-5574
20,375,0,-7675
20,387,0,-2476
20,397,0,-5673
21,70,0,-4626
21,88,0,-5555
21,143,0,-6339
21,184,0,-3307
21,219,0,-3910
21,239,0,-5767
21,295,0,-6638
22,63,0,-3785
22,125,0,-5939
22,151,0,-6744
22,314,0,-6842
22,326,0,-7611
22,371,0,-5794
23,46,0,-5627
23,142,0,-7742
23,237,0,-7565
23,271,0,-2058
23,346,0,-4852
24,75,0,-3913
24,137,0,-7236
24,235,0,-2967
24,335,0,-2952
24,367,0,-2979
25,53,0,-7058
25,60,0,-3181
25,227,0,-7213
25,344,0,-7395
26,41,0,-6259
26,66,0,-6633
26,99,0,-5323
26,190,0,-5285
26,256,0,-7589
26,300,0,-5002
26,352,0,-5502
26,385,0,-5220
27,174,0,-6159
28,38,0,-7934
28,105,0,-3935
28,145,0,-4983
28,148,0,-5726
28,242,0,-7696
28,250,0,-1348
28,306,0,-6985
28,365,0,-7732
29,82,0,-5904
29,155,0,-1286
29,182,0,-7682
29,187,0,-4731
29,218,0,-5004
29,220,0,-5365
29,336,0,-6595
29,375,0,-5394
29,387,0,-7527
29,397,0,-4024
30,46,0,-5984
30,84,0,-7271
30,119,0,-6744
30,191,0,-6382
30,271,0,-7891
30,283,0,-5856
31,81,0,-7926
31,143,0,-6768
31,168,0,-4502
31,194,0,-7632
31,216,0,-4520
31,239,0,-5698
31,259,0,-2590
31,380,0,-5427
32,58,0,-6690
32,83,0,-6581
32,94,0,-5768
32,197,0,-7976
32,230,0,-7251
32,233,0,-5672
32,322,0,-5007
33,71,0,-5936
33,108,0,-6922
33,131,0,-5647
33,169,0,-6115
33,252,0,-7461
33,310,0,-3487
33,329,0,-6628
33,364,0,-3558
34,90,0,-5864
34,185,0,-5453
34,189,0,-3221
34,258,0,-3242
34,328,0,-5599
34,347,0,-1641
35,38,0,-7549
35,65,0,-4099
35,82,0,-4039
35,95,0,-2673
35,116,0,-4207
35,218,0,-6551
35,257,0,-6129
35,260,0,-3391
35,353,0,-4404
35,370,0,-6213
35,394,0,-6875
36,183,0,-5692
36,253,0,-7360
36,269,0,-4350
36,289,0,-5768
36,323,0,-7993
36,389,0,-7288
37,41,0,-5147
37,99,0,-6468
37,160,0,-7232
37,190,0,-7196
37,207,0,-2963
37,213,0,-3166
37,247,0,-2027
37,274,0,-2622
37,299,0,-5066
37,339,0,-7475
37,352,0,-7382
38,65,0,-4690
38,95,0,-5049
38,148,0,-5283
38,250,0,-7257
38,370,0,-1374
38,394,0,-5064
39,44,0,-6853
39,47,0,-5660
39,76,0,-3646
39,172,0,-7608
39,199,0,-4564
39,200,0,-7007
39,238,0,-2787
39,374,0,-7948
40,54,0,-7720
40,102,0,-3968
40,152,0,-7052
40,161,0,-3199
40,296,0,-6535
40,312,0,-4295
40,322,0,-7754
40,398,0,-4132
41,99,0,-1351
41,160,0,-5294
41,190,0,-6461
41,207,0,-5282
41,213,0,-6150
41,247,0,-6498
41,274,0,-5674
41,352,0,-6784
42,67,0,-6765
42,115,0,-2866
42,203,0,-7995
42,266,0,-6367
42,302,0,-6241
42,315,0,-5131
42,390,0,-6426
42,391,0,-4601
43,64,0,-4738
43,170,0,-6236
43,212,0,-5900
43,226,0,-2706
43,254,0,-7435
43,263,0,-5749
43,267,0,-4500
43,320,0,-7360
43,342,0,-2183
43,376,0,-7029
44,47,0,-5124
44,113,0,-6705
44,157,0,-7861
44,163,0,-4685
44,200,0,-7989
44,374,0,-6862
45,173,0,-7410
45,226,0,-7128
45,229,0,-2899
45,254,0,-2838
45,263,0,-6862
45,297,0,-1196
45,351,0,-2346
46,119,0,-5077
46,191,0,-2584
46,205,0,-6963
46,271,0,-3743
47,76,0,-7466
47,113,0,-2763
47,163,0,-3844
47,199,0,-4192
47,210,0,-7911
47,243,0,-7235
47,374,0,-2449
47,392,0,-5575
48,49,0,-3976
48,51,0,-7195
48,62,0,-6562
48,92,0,-7988
48,133,0,-6589
48,159,0,-2515
48,279,0,-4146
48,319,0,-1073
48,324,0,-4633
48,369,0,-4817
48,382,0,-7747
49,62,0,-4887
49,104,0,-4300
49,159,0,-6479
49,204,0,-6456
49,253,0,-6644
49,279,0,-6371
49,290,0,-5539
49,319,0,-4384
49,324,0,-4465
49,389,0,-6393
50,80,0,-3222
50,164,0,-4622
50,340,0,-6873
51,92,0,-1796
51,128,0,-5132
51,130,0,-6763
51,133,0,-1133
51,159,0,-6271
51,220,0,-4316
51,319,0,-6224
51,324,0,-6851
51,387,0,-2992
51,397,0,-7108
52,69,0,-3949
52,111,0,-7618
52,137,0,-6667
52,147,0,-2391
52,181,0,-3719
52,246,0,-1648
52,305,0,-7218
53,60,0,-4048
53,101,0,-5879
53,334,0,-6777
53,344,0,-4053
54,67,0,-5967
54,141,0,-6976
54,188,0,-6521
54,203,0,-5664
54,390,0,-5490
55,63,0,-5134
55,97,0,-2869
55,101,0,-3979
55,192,0,-6917
55,236,0,-873
55,281,0,-592
55,314,0,-3447
55,326,0,-1433
55,400,0,-2306
56,117,0,-7593
56,154,0,-4920
56,178,0,-7871
56,225,0,-7259
56,232,0,-5435
56,363,0,-7509
57,94,0,-7412
57,262,0,-6058
57,284,0,-5950
57,288,0,-7219
57,307,0,-6499
58,83,0,-7305
58,106,0,-7712
58,197,0,-1453
58,214,0,-2506
58,230,0,-6885
58,233,0,-1416
58,268,0,-7570
58,273,0,-6262
58,359,0,-3735
59,124,0,-5297
59,126,0,-6264
59,156,0,-6236
59,215,0,-5679
59,287,0,-3512
59,316,0,-1879
59,317,0,-7861
60,192,0,-7418
60,344,0,-5698
61,107,0,-5418
61,127,0,-2862
61,257,0,-7409
61,261,0,-5173
61,277,0,-7208
61,394,0,-6767
62,104,0,-5616
62,176,0,-5320
62,253,0,-4659
62,279,0,-5419
62,289,0,-7486
62,290,0,-7685
62,319,0,-7537
62,348,0,-7836
62,379,0,-3987
62,381,0,-7426
62,389,0,-6132
63,97,0,-7024
63,125,0,-7691
63,236,0,-5627
63,281,0,-4775
63,314,0,-4336
63,326,0,-3888
63,371,0,-5553
63,400,0,-4259
64,120,0,-3626
64,167,0,-4106
64,170,0,-2841
64,212,0,-7213
64,226,0,-7367
64,267,0,-5747
64,342,0,-4131
64,376,0,-2754
65,82,0,-7723
65,95,0,-1711
65,116,0,-7449
65,257,0,-6486
65,260,0,-4123
65,370,0,-3394
65,394,0,-2862
66,87,0,-6614
66,169,0,-7250
66,190,0,-7889
66,248,0,-7310
66,256,0,-2600
66,272,0,-7062
66,294,0,-7471
66,352,0,-7800
66,388,0,-2198
67,188,0,-6672
67,203,0,-7181
67,251,0,-4624
67,307,0,-7014
67,390,0,-5422
67,391,0,-2616
68,100,0,-3174
68,111,0,-7795
68,166,0,-3252
68,177,0,-6802
68,217,0,-4647
68,222,0,-3516
68,227,0,-6825
68,396,0,-4378
69,100,0,-6879
69,147,0,-5670
69,150,0,-6812
69,181,0,-7657
69,246,0,-5166
69,305,0,-7782
69,396,0,-7341
70,88,0,-3045
70,143,0,-6032
70,184,0,-7240
70,219,0,-5557
70,295,0,-2467
70,360,0,-4754
71,134,0,-4058
71,153,0,-6992
71,157,0,-7338
71,252,0,-1798
71,293,0,-4601
71,310,0,-4108
71,313,0,-5294
71,329,0,-7429
71,350,0,-3212
71,364,0,-5345
72,93,0,-7172
72,109,0,-6641
72,140,0,-7824
72,208,0,-7507
72,240,0,-6481
72,265,0,-4667
72,270,0,-929
72,301,0,-5792
72,321,0,-3646
72,333,0,-6259
73,121,0,-3653
73,227,0,-5924
74,83,0,-6460
74,180,0,-7872
74,230,0,-6420
74,241,0,-1905
74,249,0,-5532
74,264,0,-6107
74,268,0,-5658
74,275,0,-4939
74,323,0,-3931
74,395,0,-7192
75,137,0,-5336
75,181,0,-5542
75,235,0,-5622
75,246,0,-7331
75,335,0,-1160
75,367,0,-4265
76,172,0,-4850
76,199,0,-4042
76,210,0,-7396
76,238,0,-3812
77,124,0,-5700
77,142,0,-4822
77,202,0,-1943
77,215,0,-4596
77,237,0,-5245
77,301,0,-3413
77,346,0,-5234
78,148,0,-5441
78,357,0,-1354
78,365,0,-3720
78,373,0,-4794
78,378,0,-2406
79,109,0,-3780
79,110,0,-5167
79,140,0,-6356
79,240,0,-4642
79,321,0,-6964
79,377,0,-7043
79,383,0,-6478
80,164,0,-7513
80,276,0,-5984
81,196,0,-7454
81,216,0,-3406
81,278,0,-5521
81,355,0,-7366
82,95,0,-6032
82,116,0,-5800
82,155,0,-7157
82,201,0,-7611
82,218,0,-3821
82,260,0,-7193
82,291,0,-7790
82,353,0,-4532
82,375,0,-7091
83,94,0,-6563
83,197,0,-7536
83,214,0,-7080
83,230,0,-1150
83,233,0,-5958
83,241,0,-6311
83,264,0,-7405
83,268,0,-1658
83,275,0,-5852
83,359,0,-7934
83,395,0,-6897
84,119,0,-3856
84,191,0,-6286
84,283,0,-4281
84,330,0,-5422
85,182,0,-4920
85,336,0,-6013
85,373,0,-3923
86,98,0,-3500
86,123,0,-3319
86,209,0,-4546
86,231,0,-7477
87,190,0,-6806
87,234,0,-3114
87,294,0,-894
87,352,0,-6496
87,360,0,-7260
87,388,0,-5634
88,143,0,-3298
88,168,0,-7606
88,184,0,-6839
88,219,0,-7989
88,234,0,-7684
88,239,0,-7780
88,259,0,-7815
88,295,0,-2225
88,360,0,-5034
88,380,0,-6502
89,206,0,-2627
89,325,0,-2323
90,185,0,-5601
90,189,0,-2664
90,347,0,-7363
91,97,0,-6558
91,144,0,-7048
91,171,0,-5795
91,175,0,-7097
91,244,0,-6132
91,304,0,-7654
91,399,0,-7316
91,400,0,-7496
92,128,0,-6659
92,130,0,-5006
92,133,0,-1498
92,155,0,-7396
92,159,0,-7551
92,220,0,-4201
92,319,0,-6937
92,324,0,-6508
92,387,0,-1348
92,397,0,-5745
93,103,0,-7368
93,270,0,-6344
93,301,0,-7756
93,333,0,-3817
94,230,0,-7708
94,249,0,-7445
94,264,0,-6134
95,116,0,-6559
95,257,0,-6782
95,260,0,-4032
95,353,0,-7043
95,370,0,-3678
95,394,0,-4564
96,280,0,-985
96,334,0,-7982
96,344,0,-4397
97,101,0,-2992
97,171,0,-5565
97,236,0,-1995
97,281,0,-3454
97,314,0,-6314
97,326,0,-3309
97,400,0,-2817
98,123,0,-5342
98,209,0,-7821
98,338,0,-5522
99,160,0,-5815
99,190,0,-6615
99,207,0,-6286
99,213,0,-7452
99,247,0,-7849
99,274,0,-6995
99,352,0,-6946
100,166,0,-2632
100,217,0,-5748
100,222,0,-6105
100,396,0,-4997
101,171,0,-5448
101,175,0,-7781
101,236,0,-3459
101,281,0,-4457
101,314,0,-6858
101,326,0,-5199
101,334,0,-7317
101,356,0,-7433
101,400,0,-5335
102,152,0,-4575
102,161,0,-4089
102,285,0,-5297
102,286,0,-7244
102,296,0,-4069
102,312,0,-6488
102,331,0,-7818
102,398,0,-6022
103,140,0,-7555
103,208,0,-3380
103,263,0,-7318
103,265,0,-5001
103,270,0,-7484
103,308,0,-5119
103,321,0,-7180
103,333,0,-3639
104,204,0,-3532
104,253,0,-3667
104,290,0,-2079
104,324,0,-7727
104,389,0,-2315
105,145,0,-1252
105,242,0,-4018
105,250,0,-4713
105,306,0,-6684
106,273,0,-3329
106,285,0,-7205
106,286,0,-6056
107,127,0,-4085
107,261,0,-5055
107,277,0,-3023
107,332,0,-5866
107,386,0,-7915
108,131,0,-7047
108,165,0,-4049
108,169,0,-2792
108,186,0,-3855
108,256,0,-7596
108,272,0,-7917
108,341,0,-5274
108,388,0,-6808
109,140,0,-3189
109,208,0,-6633
109,240,0,-934
109,265,0,-4871
109,270,0,-7026
109,321,0,-3429
110,152,0,-6676
110,318,0,-7313
110,331,0,-3427
110,377,0,-2877
110,383,0,-1814
111,137,0,-3639
111,177,0,-7564
111,217,0,-3171
111,246,0,-6522
111,367,0,-7589
111,396,0,-3509
112,135,0,-5774
112,196,0,-7276
112,224,0,-3177
112,325,0,-6217
112,355,0,-6845
113,138,0,-7963
113,163,0,-3054
113,199,0,-5934
113,243,0,-4478
113,374,0,-676
113,392,0,-5089
114,174,0,-3273
114,255,0,-7945
114,332,0,-7996
114,345,0,-2743
114,372,0,-5010
115,122,0,-6929
115,266,0,-7159
115,302,0,-4060
115,315,0,-5941
115,366,0,-6805
115,390,0,-7423
115,391,0,-7384
116,201,0,-5940
116,218,0,-5520
116,257,0,-4821
116,260,0,-3945
116,291,0,-5561
116,353,0,-1844
116,358,0,-7738
116,375,0,-7968
117,232,0,-6214
117,304,0,-6703
117,363,0,-2876
118,146,0,-7545
118,179,0,-4894
118,198,0,-624
118,305,0,-2670
118,349,0,-5246
119,191,0,-2606
119,205,0,-6740
119,283,0,-7060
120,167,0,-1322
120,170,0,-3291
120,342,0,-7690
120,376,0,-3011
121,177,0,-6384
121,222,0,-6574
121,227,0,-2884
122,243,0,-5337
122,266,0,-7325
122,315,0,-7008
122,362,0,-2364
123,209,0,-6259
124,142,0,-5493
124,202,0,-7182
124,215,0,-2738
124,237,0,-5749
124,287,0,-2555
124,301,0,-7439
124,316,0,-6237
125,151,0,-3126
125,200,0,-7712
125,371,0,-3545
126,156,0,-5339
126,203,0,-7397
126,287,0,-6534
126,302,0,-5275
126,316,0,-7887
126,366,0,-2541
127,221,0,-6640
127,257,0,-7557
127,261,0,-2391
127,277,0,-6797
127,298,0,-6848
128,133,0,-6212
128,159,0,-7876
128,187,0,-6537
128,220,0,-5394
128,382,0,-7298
128,387,0,-7358
129,195,0,-3481
129,258,0,-6314
129,282,0,-1114
129,292,0,-6820
129,328,0,-5534
129,343,0,-2701
129,347,0,-7977
130,133,0,-6028
130,220,0,-7673
130,324,0,-6925
130,375,0,-6337
130,387,0,-4271
130,397,0,-5433
132,251,0,-7214
132,266,0,-5242
132,315,0,-5698
132,368,0,-6070
132,384,0,-6845
132,391,0,-7932
133,159,0,-6053
133,220,0,-5124
133,319,0,-5560
133,324,0,-5766
133,387,0,-2846
133,397,0,-7234
134,153,0,-5776
134,252,0,-4584
134,293,0,-7600
134,303,0,-7087
134,310,0,-7992
134,311,0,-5295
134,350,0,-1192
135,196,0,-5385
135,224,0,-2598
135,355,0,-6665
136,209,0,-5143
136,231,0,-3701
136,300,0,-7829
136,361,0,-2391
136,385,0,-7879
137,181,0,-5694
137,217,0,-6755
137,235,0,-6436
137,246,0,-5092
137,335,0,-5116
137,367,0,-4846
137,396,0,-6908
138,172,0,-5149
138,199,0,-6500
138,210,0,-2163
138,362,0,-7766
138,374,0,-7434
138,386,0,-5693
138,392,0,-3007
139,140,0,-7961
139,164,0,-7790
139,173,0,-4829
139,193,0,-3054
139,308,0,-5682
139,309,0,-4638
139,340,0,-5536
140,164,0,-7879
140,208,0,-4210
140,240,0,-2359
140,265,0,-3999
140,270,0,-7833
140,308,0,-6993
140,321,0,-4195
141,161,0,-7939
141,188,0,-2917
141,312,0,-5483
141,322,0,-7555
141,398,0,-6034
142,202,0,-4589
142,215,0,-6698
142,237,0,-431
142,287,0,-7588
142,346,0,-4256
143,168,0,-4633
143,184,0,-5864
143,239,0,-5657
143,259,0,-4683
143,295,0,-5464
143,380,0,-3740
144,184,0,-7736
144,239,0,-7840
144,244,0,-1012
144,337,0,-1221
144,399,0,-2019
145,146,0,-7609
145,179,0,-7261
145,242,0,-3715
145,250,0,-5564
145,306,0,-6250
146,150,0,-7911
146,198,0,-7248
146,306,0,-3836
146,354,0,-5239
147,181,0,-3321
147,246,0,-3236
147,305,0,-5678
147,349,0,-7390
148,250,0,-6047
148,357,0,-6687
148,365,0,-6657
148,370,0,-6141
148,378,0,-4837
149,176,0,-3091
149,223,0,-6833
149,279,0,-6735
149,369,0,-7937
149,379,0,-5734
150,255,0,-6483
151,238,0,-6997
151,371,0,-6579
152,331,0,-3254
152,377,0,-5847
152,383,0,-5681
153,157,0,-7247
153,243,0,-7828
153,252,0,-5719
153,293,0,-6696
153,311,0,-6768
153,350,0,-5097
154,178,0,-3429
154,225,0,-3333
154,232,0,-3280
154,363,0,-7315
155,182,0,-7830
155,187,0,-4082
155,218,0,-5849
155,220,0,-4087
155,336,0,-6635
155,375,0,-5504
155,387,0,-6353
155,397,0,-3356
156,203,0,-5234
156,316,0,-6669
156,317,0,-5478
156,318,0,-7046
156,366,0,-6894
156,390,0,-7139
157,163,0,-6028
157,252,0,-5699
157,293,0,-2809
157,313,0,-3511
157,329,0,-7848
158,262,0,-4166
158,284,0,-6016
159,279,0,-4016
159,319,0,-2595
159,324,0,-6429
159,369,0,-3006
159,382,0,-5398
160,213,0,-5487
160,247,0,-7052
160,274,0,-5508
161,285,0,-6532
161,286,0,-6346
161,296,0,-4203
161,312,0,-2472
161,322,0,-4668
161,398,0,-1959
162,185,0,-6288
163,199,0,-7990
163,243,0,-5943
163,374,0,-3589
164,309,0,-7684
164,340,0,-4801
165,169,0,-6752
165,186,0,-1554
165,272,0,-6197
165,341,0,-1242
166,217,0,-7461
166,222,0,-4501
166,396,0,-6918
167,170,0,-2722
167,267,0,-7607
167,376,0,-4207
168,194,0,-6344
168,239,0,-7627
168,259,0,-4456
168,339,0,-5448
168,380,0,-1232
169,186,0,-6228
169,256,0,-7478
169,341,0,-7993
169,388,0,-5284
170,267,0,-4898
170,342,0,-6472
170,376,0,-4692
171,175,0,-2596
171,211,0,-6552
171,236,0,-7447
171,304,0,-4436
171,334,0,-6289
171,356,0,-3577
172,199,0,-4093
172,210,0,-2988
172,386,0,-3963
172,392,0,-5126
173,193,0,-2745
173,254,0,-6924
173,308,0,-5494
173,309,0,-7630
173,351,0,-6314
174,332,0,-7443
174,345,0,-3305
174,372,0,-7994
175,211,0,-5227
175,304,0,-2007
175,334,0,-6004
175,356,0,-2276
175,363,0,-6568
176,223,0,-6000
176,279,0,-4878
176,348,0,-7751
176,369,0,-7066
176,379,0,-3131
177,217,0,-5888
177,222,0,-6941
177,227,0,-6354
177,396,0,-6700
178,211,0,-6070
178,225,0,-1085
178,232,0,-3359
178,356,0,-7823
178,363,0,-6793
179,198,0,-4415
179,242,0,-5700
179,305,0,-7403
179,349,0,-6339
180,204,0,-4851
180,249,0,-5551
180,264,0,-6807
180,290,0,-6316
180,323,0,-6061
181,246,0,-2770
181,335,0,-6427
182,187,0,-5003
182,336,0,-1295
182,373,0,-5559
182,378,0,-7560
183,269,0,-1604
184,219,0,-6943
184,239,0,-2599
184,259,0,-5677
184,337,0,-6620
185,189,0,-4459
185,347,0,-6900
186,248,0,-6699
186,256,0,-6683
186,272,0,-4869
186,341,0,-2418
186,388,0,-7946
187,220,0,-4041
187,336,0,-3718
187,387,0,-7769
187,397,0,-6876
188,251,0,-7492
188,307,0,-5932
189,258,0,-6068
189,347,0,-4776
190,207,0,-4413
190,234,0,-7008
190,294,0,-6869
190,339,0,-7452
190,352,0,-331
191,205,0,-5824
191,245,0,-7462
191,271,0,-6289
192,236,0,-7655
192,281,0,-6502
192,314,0,-4655
192,326,0,-7718
193,308,0,-6637
193,309,0,-4885
193,340,0,-7156
194,216,0,-7679
194,278,0,-7346
194,299,0,-4403
194,339,0,-5869
194,380,0,-7314
195,258,0,-5435
195,282,0,-2391
195,328,0,-2894
195,343,0,-5620
195,347,0,-6622
196,224,0,-5673
196,278,0,-6708
196,355,0,-2019
197,214,0,-1221
197,230,0,-6909
197,233,0,-2348
197,268,0,-7479
197,273,0,-7296
197,359,0,-2306
198,305,0,-3282
198,349,0,-5538
199,210,0,-4949
199,238,0,-6678
199,374,0,-5288
199,386,0,-7985
199,392,0,-4325
200,238,0,-6432
201,218,0,-4075
201,291,0,-688
201,353,0,-4713
201,375,0,-3249
201,397,0,-6528
202,215,0,-6473
202,237,0,-4949
202,301,0,-4688
202,346,0,-3500
203,302,0,-7151
203,366,0,-7064
203,390,0,-1933
203,391,0,-7948
204,253,0,-6689
204,290,0,-1476
204,323,0,-6551
204,389,0,-4567
205,245,0,-2193
205,327,0,-7579
205,338,0,-5940
206,325,0,-2255
207,213,0,-6097
207,247,0,-4919
207,274,0,-5529
207,299,0,-6527
207,339,0,-5795
207,352,0,-4551
208,240,0,-5707
208,265,0,-2968
208,270,0,-7021
208,308,0,-4357
208,321,0,-5034
208,333,0,-5770
209,231,0,-2988
209,248,0,-7589
209,361,0,-4940
210,374,0,-7413
210,386,0,-4416
210,392,0,-3067
211,225,0,-6197
211,232,0,-7865
211,304,0,-5982
211,334,0,-2549
211,356,0,-3082
212,226,0,-7374
212,229,0,-7544
212,320,0,-1462
212,342,0,-4006
212,376,0,-7419
212,393,0,-3679
213,247,0,-1786
213,274,0,-594
213,299,0,-5781
214,230,0,-6308
214,233,0,-2904
214,268,0,-6778
214,359,0,-1350
214,395,0,-7219
215,237,0,-7067
215,287,0,-4544
215,301,0,-5144
215,316,0,-5757
216,259,0,-6992
216,278,0,-7083
217,222,0,-7573
217,396,0,-942
218,291,0,-4435
218,353,0,-3675
218,375,0,-3375
218,397,0,-5564
220,336,0,-7756
220,375,0,-7877
220,387,0,-3770
220,397,0,-4601
221,257,0,-6503
221,261,0,-4710
221,298,0,-3047
221,358,0,-5685
222,227,0,-3792
222,396,0,-7577
223,289,0,-7540
223,348,0,-2931
223,379,0,-4258
223,381,0,-4571
224,355,0,-6166
225,232,0,-2351
225,304,0,-7271
225,356,0,-7530
225,363,0,-5723
226,254,0,-5057
226,263,0,-3119
226,267,0,-5085
226,342,0,-4546
228,278,0,-4040
228,299,0,-7943
228,355,0,-6809
229,254,0,-5282
229,297,0,-2024
229,320,0,-7881
229,351,0,-4122
229,393,0,-7208
230,233,0,-5632
230,241,0,-5932
230,268,0,-848
230,275,0,-4967
230,359,0,-7041
230,395,0,-5813
231,248,0,-7280
231,300,0,-5995
231,361,0,-4945
231,385,0,-5660
232,304,0,-7079
232,363,0,-4086
233,268,0,-6366
233,273,0,-7063
233,359,0,-4254
234,294,0,-2237
234,295,0,-7292
234,339,0,-6806
234,352,0,-6678
234,360,0,-6564
234,380,0,-7927
235,335,0,-4462
235,367,0,-1725
236,281,0,-1461
236,314,0,-4320
236,326,0,-1742
236,400,0,-2097
237,287,0,-7756
237,346,0,-4341
239,259,0,-3490
239,337,0,-6970
239,380,0,-7634
240,265,0,-4103
240,270,0,-6749
240,321,0,-2997
241,249,0,-7359
241,264,0,-7804
241,268,0,-5092
241,275,0,-3165
241,323,0,-4801
241,395,0,-5393
243,362,0,-4628
243,374,0,-4842
243,392,0,-6773
244,337,0,-2190
244,399,0,-2586
245,338,0,-4378
246,335,0,-7924
246,396,0,-7883
247,274,0,-1555
247,299,0,-4221
248,256,0,-4775
248,272,0,-1830
248,300,0,-7737
248,385,0,-6886
249,264,0,-1322
249,323,0,-6993
250,306,0,-6173
251,288,0,-6350
251,307,0,-3765
251,391,0,-4467
252,293,0,-3117
252,310,0,-4983
252,313,0,-4295
252,329,0,-7504
252,350,0,-3449
252,364,0,-6127
253,289,0,-4598
253,290,0,-5272
253,348,0,-7814
253,379,0,-6907
253,381,0,-6469
253,389,0,-2249
254,263,0,-4082
254,297,0,-4016
254,351,0,-4559
255,354,0,-6186
256,272,0,-4473
256,385,0,-7435
256,388,0,-3870
257,260,0,-2847
257,261,0,-7670
257,353,0,-6641
257,358,0,-7358
257,394,0,-7322
258,282,0,-6012
258,328,0,-3391
258,347,0,-1747
259,380,0,-4826
260,353,0,-5370
260,370,0,-7408
260,394,0,-5861
261,298,0,-4463
261,386,0,-7038
262,284,0,-2002
262,288,0,-4666
262,384,0,-7888
263,267,0,-6382
263,297,0,-7992
263,308,0,-7378
263,342,0,-7666
265,270,0,-4337
265,308,0,-7317
265,321,0,-2217
265,333,0,-5388
266,315,0,-1260
266,362,0,-6243
267,342,0,-6285
268,275,0,-4213
268,359,0,-7383
268,395,0,-5276
270,301,0,-5990
270,321,0,-3784
270,333,0,-5337
271,346,0,-6489
272,341,0,-6362
272,388,0,-7858
273,285,0,-5904
273,286,0,-3381
273,296,0,-6475
273,322,0,-7070
274,299,0,-5734
275,323,0,-7785
275,395,0,-2253
277,332,0,-2879
277,345,0,-7553
278,355,0,-5164
279,319,0,-5114
279,369,0,-2912
279,379,0,-6719
279,382,0,-6130
280,344,0,-5311
281,314,0,-2860
281,326,0,-1406
281,400,0,-2527
282,292,0,-7835
282,328,0,-4691
282,343,0,-3402
282,347,0,-7573
284,288,0,-2684
284,307,0,-6439
284,368,0,-7236
284,384,0,-6745
285,286,0,-3435
285,296,0,-2366
285,322,0,-7424
286,296,0,-3176
286,312,0,-7651
286,322,0,-4921
286,398,0,-7155
287,316,0,-5037
288,307,0,-4886
288,368,0,-5708
288,384,0,-5475
289,348,0,-4831
289,379,0,-7179
289,381,0,-3082
289,389,0,-6305
290,323,0,-7183
290,324,0,-7909
290,389,0,-3248
291,353,0,-4510
291,375,0,-3930
291,397,0,-7214
292,343,0,-4803
293,310,0,-5677
293,313,0,-1868
293,329,0,-6333
293,350,0,-6420
293,364,0,-6410
294,352,0,-6547
294,360,0,-6786
294,388,0,-6529
295,360,0,-2922
296,312,0,-6283
296,322,0,-5507
296,398,0,-5718
297,351,0,-2217
298,386,0,-5596
299,339,0,-6634
300,385,0,-851
302,366,0,-2764
302,390,0,-7067
303,311,0,-1976
303,350,0,-7954
304,334,0,-7393
304,356,0,-3654
304,363,0,-4607
305,349,0,-5363
306,354,0,-5014
307,391,0,-7885
309,340,0,-3067
310,313,0,-4873
310,329,0,-3995
310,350,0,-7291
310,364,0,-1242
311,350,0,-6066
312,322,0,-4152
312,398,0,-566
313,329,0,-4583
313,350,0,-7744
313,364,0,-5288
314,326,0,-3547
314,400,0,-4809
315,362,0,-6335
315,391,0,-7788
316,317,0,-6841
316,318,0,-6835
317,318,0,-1792
317,377,0,-6116
318,331,0,-7378
318,377,0,-4582
319,324,0,-3924
319,369,0,-5350
319,382,0,-7993
320,342,0,-5423
320,393,0,-2475
321,333,0,-6935
322,398,0,-3933
323,389,0,-7817
324,387,0,-7328
326,400,0,-1277
328,347,0,-4044
329,360,0,-6533
329,364,0,-3173
331,377,0,-3336
331,383,0,-2582
332,345,0,-5256
334,344,0,-6020
334,356,0,-3785
335,367,0,-3149
336,373,0,-6847
337,399,0,-2357
338,341,0,-7294
339,352,0,-7301
339,380,0,-5363
342,376,0,-5711
342,393,0,-7651
345,372,0,-5408
348,379,0,-5011
348,381,0,-1751
353,375,0,-6266
356,363,0,-7545
357,365,0,-3331
357,373,0,-4112
357,378,0,-3582
358,368,0,-7550
358,384,0,-7161
359,395,0,-6817
362,392,0,-7680
365,373,0,-7223
365,378,0,-5976
366,390,0,-7706
368,384,0,-793
369,382,0,-3332
370,394,0,-4315
371,400,0,-7741
373,378,0,-5383
374,392,0,-4509
375,387,0,-7260
375,397,0,-3299
377,383,0,-3911
379,381,0,-5481
386,392,0,-7481
387,397,0,-4423
390,391,0,-6016
