2,402,0,6056
14,414,0,10428
22,422,0,8299
36,436,0,6246
46,446,0,6397
73,473,0,13330
79,479,0,14956
83,483,0,14061
87,487,0,5689
88,488,0,7222
89,489,0,1187
102,502,0,3608
103,503,0,2460
111,511,0,8600
115,515,0,9598
117,517,0,14312
122,522,0,2426
130,530,0,9507
131,531,0,13569
146,546,0,7055
164,564,0,13781
169,569,0,6732
176,576,0,9748
190,590,0,10416
192,592,0,14678
196,596,0,10177
197,597,0,12251
216,616,0,14476
219,619,0,9968
239,639,0,5125
245,645,0,3116
249,649,0,6191
250,650,0,11956
260,660,0,14708
265,665,0,11465
271,671,0,9455
292,692,0,9512
296,696,0,10996
302,702,0,1360
317,717,0,7173
320,720,0,12224
333,733,0,14601
342,742,0,10937
360,760,0,14884
361,761,0,335
374,774,0,14017
386,786,0,6084
388,788,0,7335
394,794,0,10257
1,19,0,-6784
1,51,0,-4541
1,73,0,-2329
1,84,0,-4796
1,100,0,-6740
1,341,0,-6354
1,343,0,-3925
1,375,0,-6882
1,391,0,-5481
1,400,0,-5213
2,26,0,-5207
2,113,0,-2116
2,196,0,-6959
2,214,0,-1904
2,370,0,-4561
3,12,0,-7953
3,25,0,-1678
3,87,0,-5509
3,96,0,-7856
3,195,0,-782
3,219,0,-5543
3,366,0,-5165
4,40,0,-7878
4,52,0,-6164
4,74,0,-6522
4,114,0,-5979
4,259,0,-3905
4,322,0,-7046
5,16,0,-7902
5,41,0,-4653
5,44,0,-6495
5,104,0,-5371
5,118,0,-6882
5,144,0,-7670
5,208,0,-6112
5,251,0,-7631
5,317,0,-7549
5,327,0,-5345
5,352,0,-6872
6,104,0,-7636
6,152,0,-4496
6,204,0,-3577
6,228,0,-7890
6,239,0,-4027
6,326,0,-1517
6,327,0,-6729
6,352,0,-5448
6,360,0,-6360
7,68,0,-3131
7,123,0,-6737
7,159,0,-552
7,161,0,-1464
7,303,0,-6381
8,154,0,-4479
8,202,0,-7796
8,384,0,-6444
9,23,0,-7837
9,93,0,-1380
9,183,0,-736
9,202,0,-2968
9,211,0,-6917
9,265,0,-1334
9,365,0,-3763
10,176,0,-723
10,233,0,-7029
10,251,0,-7292
10,283,0,-5501
10,285,0,-3700
10,302,0,-2469
10,315,0,-6918
10,325,0,-5540
10,334,0,-7572
10,342,0,-5925
11,72,0,-2101
11,197,0,-3376
11,345,0,-7405
11,346,0,-2990
12,42,0,-6187
12,96,0,-7213
12,106,0,-7540
12,181,0,-6632
12,215,0,-4234
12,353,0,-4146
13,108,0,-6903
13,175,0,-7580
13,201,0,-4861
13,219,0,-6581
13,225,0,-4480
13,257,0,-4786
13,309,0,-5843
13,364,0,-6851
14,92,0,-7472
14,103,0,-2944
14,146,0,-5779
14,158,0,-7346
14,162,0,-3446
14,249,0,-2519
14,252,0,-5419
14,275,0,-3567
14,311,0,-965
14,337,0,-6712
14,369,0,-7556
14,388,0,-7908
15,20,0,-5873
15,86,0,-2485
15,115,0,-6879
15,185,0,-2980
15,204,0,-7797
15,228,0,-1938
15,253,0,-5800
15,267,0,-4678
15,271,0,-7825
15,277,0,-1831
15,293,0,-3538
15,297,0,-5898
15,319,0,-2542
15,360,0,-3266
16,118,0,-7802
16,178,0,-6347
17,33,0,-4562
17,80,0,-1891
17,127,0,-3012
17,205,0,-4716
17,210,0,-3411
17,221,0,-7113
17,244,0,-5889
17,321,0,-7065
17,379,0,-7339
18,99,0,-5269
18,220,0,-3265
18,245,0,-5592
18,256,0,-4674
18,266,0,-3861
18,294,0,-3383
18,307,0,-1067
18,351,0,-5168
19,51,0,-6575
19,309,0,-6839
19,324,0,-7892
19,341,0,-5562
19,343,0,-5721
19,364,0,-7243
19,400,0,-2885
20,86,0,-3591
20,115,0,-3776
20,188,0,-6447
20,228,0,-7296
20,267,0,-6470
20,271,0,-7462
20,277,0,-4429
20,293,0,-7366
20,319,0,-6276
21,76,0,-7143
21,221,0,-7962
21,234,0,-7417
21,274,0,-3197
22,147,0,-1280
22,238,0,-6508
23,81,0,-7967
23,93,0,-6832
23,97,0,-5121
23,117,0,-2133
23,163,0,-2840
23,173,0,-4693
23,183,0,-7855
23,211,0,-2364
23,250,0,-4427
23,265,0,-6994
23,361,0,-5042
24,139,0,-5081
24,305,0,-6298
24,308,0,-1051
24,395,0,-6690
25,87,0,-4675
25,175,0,-7093
25,195,0,-2149
25,219,0,-4710
25,366,0,-5779
26,113,0,-5683
26,142,0,-5831
26,196,0,-3949
26,214,0,-4628
26,289,0,-3171
26,347,0,-6919
26,354,0,-7496
26,370,0,-3596
26,372,0,-4840
27,69,0,-2633
27,174,0,-7307
27,189,0,-4689
27,232,0,-2994
27,264,0,-7404
27,296,0,-1910
28,52,0,-5143
28,61,0,-2739
28,79,0,-7865
28,259,0,-7373
28,328,0,-2134
28,363,0,-7271
28,371,0,-5284
29,91,0,-7181
29,118,0,-6176
29,123,0,-7632
29,226,0,-7827
29,295,0,-7792
29,317,0,-5813
29,334,0,-7788
29,376,0,-6925
30,94,0,-3536
30,135,0,-4291
30,164,0,-6485
30,209,0,-1882
30,288,0,-4084
30,335,0,-7230
30,373,0,-372
30,377,0,-5027
31,37,0,-5525
31,99,0,-7727
31,110,0,-3635
31,150,0,-6626
31,351,0,-6226
32,282,0,-7881
33,35,0,-7221
33,80,0,-3000
33,127,0,-7447
33,205,0,-5745
33,210,0,-7150
33,244,0,-4599
33,379,0,-6203
34,133,0,-7513
34,165,0,-3276
34,200,0,-5616
34,231,0,-6201
34,236,0,-7302
34,241,0,-6527
34,272,0,-7895
34,276,0,-2321
34,350,0,-3964
35,63,0,-6913
35,182,0,-5680
35,205,0,-7276
36,45,0,-4851
36,62,0,-7083
36,97,0,-4947
36,134,0,-6745
36,166,0,-4340
36,171,0,-3807
36,173,0,-4884
36,250,0,-5647
36,361,0,-4527
36,390,0,-7063
37,110,0,-3203
37,124,0,-5192
37,125,0,-7212
37,291,0,-6631
37,294,0,-7759
37,318,0,-5613
37,348,0,-5845
37,351,0,-6284
38,71,0,-7392
38,88,0,-4783
38,160,0,-3696
38,170,0,-6027
38,179,0,-6909
38,194,0,-3232
38,382,0,-5105
38,390,0,-5052
39,47,0,-6944
39,129,0,-7523
39,207,0,-5574
39,217,0,-4924
39,292,0,-4581
39,356,0,-6106
40,59,0,-7331
40,74,0,-1476
40,89,0,-6421
40,109,0,-6074
40,114,0,-7319
40,145,0,-2503
40,167,0,-5666
40,191,0,-2326
40,254,0,-6470
40,310,0,-652
40,322,0,-4918
40,371,0,-7382
41,104,0,-1272
41,144,0,-3509
41,149,0,-6119
41,152,0,-6989
41,204,0,-7667
41,327,0,-3800
41,352,0,-3516
42,215,0,-4082
42,353,0,-4685
42,369,0,-7980
43,101,0,-3231
43,103,0,-7946
43,111,0,-6767
43,146,0,-5502
43,192,0,-6828
43,252,0,-5264
43,301,0,-3655
43,337,0,-4679
43,388,0,-2990
44,118,0,-7484
44,120,0,-5222
44,176,0,-7733
44,208,0,-2234
44,226,0,-3961
44,233,0,-7636
44,251,0,-1289
44,317,0,-6134
44,334,0,-7457
44,342,0,-3329
44,376,0,-6626
45,62,0,-2617
45,97,0,-7284
45,128,0,-6388
45,134,0,-3174
45,173,0,-7974
45,250,0,-7970
45,313,0,-7757
45,329,0,-7081
45,331,0,-6450
46,60,0,-4743
46,332,0,-4731
46,397,0,-6213
47,107,0,-3487
47,129,0,-745
47,207,0,-5580
47,355,0,-7002
47,356,0,-3975
48,55,0,-3478
48,102,0,-2391
48,222,0,-7904
48,298,0,-6669
48,392,0,-4716
48,397,0,-7770
49,143,0,-2432
49,198,0,-7950
49,237,0,-7821
49,278,0,-1945
49,280,0,-3439
49,345,0,-3503
49,349,0,-7846
50,53,0,-4774
50,59,0,-7212
50,89,0,-7299
50,94,0,-6917
50,95,0,-6041
50,105,0,-5798
50,135,0,-6317
50,141,0,-7389
50,254,0,-7705
50,287,0,-6277
50,299,0,-7798
50,355,0,-7505
50,377,0,-7697
50,396,0,-6479
51,73,0,-3832
51,170,0,-7394
51,172,0,-7942
51,343,0,-7516
51,391,0,-7224
51,400,0,-6981
52,61,0,-4760
52,74,0,-7414
52,259,0,-2292
52,328,0,-4668
52,363,0,-7451
52,371,0,-7745
53,59,0,-7216
53,95,0,-3666
53,105,0,-6228
53,141,0,-3967
53,238,0,-4909
53,287,0,-2393
53,355,0,-4987
53,380,0,-7141
53,396,0,-2048
54,85,0,-4299
54,178,0,-7948
54,184,0,-5810
54,229,0,-6358
54,281,0,-2597
54,383,0,-4162
54,393,0,-5018
54,394,0,-4127
55,102,0,-1739
55,196,0,-7695
55,354,0,-5891
55,372,0,-6238
55,392,0,-3308
56,67,0,-3770
56,77,0,-1111
56,91,0,-5898
56,126,0,-6901
56,240,0,-5617
56,340,0,-3903
56,374,0,-1263
57,98,0,-5200
57,153,0,-860
57,223,0,-2680
57,268,0,-3721
57,270,0,-3825
57,336,0,-3880
58,83,0,-7751
58,136,0,-6192
58,148,0,-4198
58,190,0,-6902
58,243,0,-7632
58,246,0,-6126
58,273,0,-5951
58,368,0,-7237
59,89,0,-2097
59,95,0,-3967
59,105,0,-1416
59,141,0,-5192
59,145,0,-6126
59,167,0,-4884
59,191,0,-5009
59,254,0,-939
59,310,0,-7012
59,380,0,-7956
59,386,0,-5285
59,396,0,-6773
60,199,0,-5221
60,332,0,-197
60,339,0,-4753
61,79,0,-5923
61,259,0,-6994
61,328,0,-4451
61,330,0,-7495
61,363,0,-4549
61,371,0,-7938
62,82,0,-7847
62,128,0,-3776
62,134,0,-1523
62,160,0,-7883
62,329,0,-6158
62,331,0,-7839
63,66,0,-6419
63,146,0,-7634
63,155,0,-4103
63,182,0,-1329
64,89,0,-6378
64,94,0,-7712
64,105,0,-7939
64,145,0,-6691
64,157,0,-347
64,167,0,-4173
64,254,0,-7803
64,286,0,-2086
64,371,0,-6065
65,108,0,-7528
65,116,0,-1759
65,133,0,-2357
65,187,0,-6624
65,200,0,-4382
65,231,0,-6651
65,257,0,-5754
65,309,0,-7547
65,324,0,-3530
66,155,0,-2358
66,182,0,-7748
66,231,0,-7556
66,236,0,-3902
66,249,0,-7259
66,275,0,-6166
67,77,0,-2901
67,91,0,-7810
67,137,0,-5820
67,279,0,-7299
67,340,0,-7284
67,374,0,-4652
68,123,0,-3613
68,132,0,-7397
68,159,0,-2626
68,161,0,-2582
68,295,0,-5603
68,303,0,-6127
69,164,0,-7993
69,174,0,-7709
69,189,0,-7309
69,232,0,-3139
69,247,0,-7686
69,296,0,-4498
70,78,0,-2450
70,90,0,-1935
70,136,0,-6583
70,246,0,-6255
70,320,0,-5474
70,363,0,-6333
71,88,0,-7764
71,170,0,-3097
71,172,0,-5665
72,197,0,-2179
72,346,0,-2860
73,84,0,-5918
73,100,0,-6527
73,172,0,-7943
73,343,0,-6253
73,391,0,-3789
73,400,0,-7304
74,89,0,-7850
74,109,0,-6535
74,114,0,-6884
74,145,0,-3598
74,167,0,-6835
74,191,0,-3801
74,254,0,-7945
74,259,0,-6741
74,310,0,-1903
74,322,0,-4957
74,328,0,-7684
74,371,0,-7235
75,121,0,-3528
75,168,0,-6992
75,248,0,-5196
75,272,0,-5904
75,312,0,-5701
75,362,0,-3172
75,385,0,-6544
76,188,0,-2312
76,221,0,-6037
77,91,0,-6771
77,126,0,-6450
77,240,0,-5719
77,340,0,-5012
77,374,0,-2341
78,90,0,-712
78,246,0,-7407
78,320,0,-7350
78,363,0,-6491
79,320,0,-4596
79,330,0,-2046
79,363,0,-4239
80,127,0,-4495
80,205,0,-3774
80,210,0,-5177
80,244,0,-5774
80,321,0,-6583
80,379,0,-7393
81,110,0,-7473
81,117,0,-5895
81,125,0,-826
81,163,0,-5143
81,211,0,-5832
81,258,0,-6651
81,291,0,-2258
81,318,0,-6259
81,348,0,-2403
82,138,0,-7111
82,313,0,-4057
82,329,0,-1751
82,331,0,-6173
82,357,0,-7316
82,398,0,-3369
83,136,0,-7436
83,148,0,-3644
83,172,0,-4184
83,391,0,-6692
84,100,0,-3722
84,298,0,-5286
84,323,0,-5581
84,341,0,-7097
84,343,0,-5068
84,375,0,-4992
84,391,0,-6134
84,400,0,-7900
85,178,0,-5390
85,184,0,-3233
85,229,0,-3321
85,281,0,-5201
85,383,0,-6159
85,384,0,-7587
85,394,0,-6282
86,115,0,-5665
86,185,0,-5420
86,228,0,-3705
86,253,0,-5488
86,267,0,-3911
86,271,0,-7881
86,277,0,-1920
86,293,0,-5193
86,319,0,-3988
86,360,0,-5306
87,140,0,-7321
87,195,0,-5222
87,290,0,-7526
87,366,0,-4582
88,160,0,-5611
88,170,0,-4856
88,179,0,-2894
88,194,0,-7554
88,260,0,-4194
88,382,0,-1982
89,95,0,-5749
89,105,0,-2342
89,141,0,-7149
89,145,0,-4649
89,157,0,-6687
89,167,0,-2808
89,191,0,-4183
89,254,0,-1426
89,310,0,-6276
89,386,0,-7229
90,246,0,-7452
90,320,0,-6639
90,363,0,-5944
91,233,0,-4316
91,334,0,-4235
91,340,0,-3686
91,374,0,-4750
91,376,0,-5007
92,101,0,-6783
92,103,0,-4887
92,111,0,-7539
92,158,0,-3159
92,162,0,-4064
92,252,0,-4709
92,301,0,-6669
92,337,0,-4094
92,388,0,-5576
93,117,0,-6972
93,163,0,-6828
93,183,0,-1925
93,202,0,-4057
93,211,0,-5668
93,265,0,-177
93,365,0,-3629
94,135,0,-3116
94,157,0,-7814
94,209,0,-1770
94,286,0,-7742
94,288,0,-5592
94,373,0,-3287
94,377,0,-5131
95,105,0,-3477
95,141,0,-1656
95,238,0,-7773
95,254,0,-4904
95,287,0,-5876
95,380,0,-5390
95,386,0,-5096
95,396,0,-2810
96,106,0,-5928
96,181,0,-1873
96,195,0,-7289
96,366,0,-6508
97,117,0,-7254
97,163,0,-7946
97,166,0,-7847
97,171,0,-6669
97,173,0,-1195
97,211,0,-7205
97,250,0,-736
97,331,0,-7284
97,361,0,-1991
98,153,0,-4378
98,177,0,-7030
98,206,0,-5483
98,223,0,-2548
98,263,0,-6072
98,268,0,-4155
98,270,0,-5267
98,304,0,-5402
98,336,0,-5201
98,389,0,-7774
99,150,0,-4889
99,294,0,-4384
99,305,0,-7467
99,307,0,-5850
99,351,0,-4404
100,222,0,-4932
100,298,0,-5207
100,391,0,-4394
101,111,0,-3607
101,146,0,-7633
101,192,0,-4371
101,252,0,-5682
101,301,0,-424
101,337,0,-4417
101,388,0,-3318
102,190,0,-7420
102,354,0,-6546
102,372,0,-7736
102,392,0,-2533
103,146,0,-4703
103,158,0,-5766
103,162,0,-1670
103,249,0,-4825
103,252,0,-2721
103,275,0,-6028
103,311,0,-3870
103,337,0,-3852
103,388,0,-5233
104,144,0,-3980
104,149,0,-5717
104,152,0,-5972
104,204,0,-6562
104,327,0,-2948
104,352,0,-2248
105,141,0,-4989
105,145,0,-6922
105,167,0,-5019
105,191,0,-6112
105,254,0,-2009
105,386,0,-6204
105,396,0,-6141
106,181,0,-4063
106,300,0,-7517
107,129,0,-2809
107,207,0,-5219
107,238,0,-7019
107,287,0,-6873
107,299,0,-5812
107,355,0,-4112
107,356,0,-3533
108,116,0,-6481
108,257,0,-7184
108,369,0,-4540
109,114,0,-4141
109,145,0,-7938
109,191,0,-6179
109,310,0,-5465
109,322,0,-2127
109,386,0,-6843
110,125,0,-6849
110,163,0,-7821
110,291,0,-7002
110,318,0,-7728
110,348,0,-6034
110,351,0,-7627
111,192,0,-2584
111,301,0,-3198
111,337,0,-7062
111,344,0,-5386
111,358,0,-6080
111,388,0,-6555
112,143,0,-7524
112,193,0,-3052
112,212,0,-2701
112,227,0,-3686
112,230,0,-7559
112,237,0,-6848
112,255,0,-3587
112,278,0,-7643
113,196,0,-6093
113,214,0,-1055
113,235,0,-7271
113,354,0,-7869
113,370,0,-3561
114,310,0,-6960
114,322,0,-2904
115,188,0,-6074
115,271,0,-4022
115,277,0,-5048
115,293,0,-6374
115,319,0,-5752
116,133,0,-4116
116,187,0,-7885
116,200,0,-6141
116,231,0,-7714
116,257,0,-4091
116,309,0,-6147
116,324,0,-3417
117,125,0,-6244
117,163,0,-766
117,173,0,-6791
117,211,0,-1311
117,250,0,-6557
117,265,0,-7104
117,291,0,-7797
117,348,0,-7335
117,361,0,-7064
118,226,0,-5389
118,317,0,-2213
118,376,0,-7181
119,298,0,-5964
119,323,0,-5349
119,397,0,-4638
120,208,0,-3224
120,251,0,-4681
120,285,0,-7465
120,315,0,-6630
120,327,0,-7823
120,342,0,-7354
121,168,0,-7683
121,241,0,-7710
121,248,0,-6349
121,272,0,-2376
121,312,0,-2215
121,350,0,-5695
121,362,0,-6589
122,130,0,-7152
122,320,0,-7583
122,330,0,-7183
123,132,0,-5667
123,159,0,-6217
123,161,0,-5944
123,295,0,-2000
123,303,0,-7347
124,294,0,-7627
124,318,0,-5421
124,351,0,-7266
125,163,0,-5517
125,211,0,-6333
125,258,0,-6758
125,291,0,-1602
125,318,0,-5551
125,348,0,-1585
126,180,0,-3236
126,213,0,-6682
126,240,0,-3264
126,269,0,-5858
126,284,0,-4326
126,374,0,-7881
127,205,0,-5231
127,210,0,-3906
127,221,0,-5502
127,234,0,-6123
127,274,0,-7055
127,321,0,-6344
128,134,0,-4037
128,329,0,-6356
129,207,0,-5597
129,355,0,-6258
129,356,0,-3888
130,216,0,-6567
130,262,0,-4296
130,378,0,-6434
131,192,0,-6777
131,316,0,-3318
131,344,0,-3898
131,358,0,-6919
132,198,0,-7910
132,295,0,-5298
132,303,0,-5433
133,187,0,-5321
133,200,0,-2039
133,231,0,-5865
133,306,0,-7644
133,324,0,-4764
134,160,0,-6372
134,329,0,-7634
135,164,0,-5942
135,209,0,-3716
135,288,0,-3443
135,299,0,-5584
135,373,0,-4317
135,377,0,-2182
136,148,0,-5122
136,246,0,-5461
136,320,0,-6883
137,203,0,-7454
137,218,0,-6081
137,279,0,-6792
137,282,0,-7790
137,302,0,-7143
137,387,0,-6608
138,241,0,-4533
138,248,0,-3509
138,357,0,-428
138,398,0,-3883
139,262,0,-7773
139,308,0,-4540
139,395,0,-6979
140,199,0,-7039
140,290,0,-5177
141,238,0,-7057
141,254,0,-6120
141,287,0,-5723
141,380,0,-3809
141,386,0,-4506
141,396,0,-2279
142,186,0,-4586
142,289,0,-5787
142,347,0,-1255
143,193,0,-7752
143,212,0,-6355
143,230,0,-7309
143,237,0,-5536
143,255,0,-6700
143,278,0,-995
143,280,0,-2366
143,345,0,-3013
144,149,0,-3904
144,152,0,-6576
144,204,0,-7563
144,297,0,-7938
144,327,0,-6927
144,352,0,-5634
144,394,0,-5144
145,157,0,-6822
145,167,0,-3236
145,191,0,-2014
145,254,0,-5188
145,310,0,-2801
145,322,0,-7189
145,371,0,-6041
146,162,0,-6362
146,182,0,-7680
146,249,0,-5446
146,252,0,-3645
146,275,0,-6313
146,301,0,-7976
146,311,0,-6593
146,337,0,-4732
146,388,0,-4522
147,238,0,-5259
147,355,0,-7348
148,172,0,-7760
149,152,0,-3716
149,185,0,-6833
149,204,0,-4776
149,297,0,-4044
149,326,0,-7452
149,352,0,-5932
149,394,0,-6790
150,305,0,-6992
150,351,0,-7707
152,185,0,-5744
152,204,0,-1066
152,228,0,-7103
152,297,0,-4267
152,326,0,-3735
152,327,0,-6983
152,352,0,-4744
152,360,0,-5589
153,206,0,-7815
153,223,0,-1839
153,268,0,-3493
153,270,0,-3850
153,336,0,-3884
154,178,0,-7521
154,384,0,-1984
155,182,0,-5431
155,236,0,-6057
155,249,0,-6761
155,275,0,-5921
156,359,0,-897
156,399,0,-2667
157,167,0,-4417
157,286,0,-1770
157,371,0,-5870
158,162,0,-4214
158,215,0,-6763
158,252,0,-6915
158,300,0,-7051
158,311,0,-7785
158,337,0,-6796
158,353,0,-6391
159,161,0,-1045
159,303,0,-6034
160,166,0,-7905
160,179,0,-6122
160,194,0,-3402
160,382,0,-4501
160,390,0,-4735
161,258,0,-7943
161,295,0,-7844
161,303,0,-4991
162,249,0,-5802
162,252,0,-3866
162,275,0,-6948
162,311,0,-4155
162,337,0,-4598
162,388,0,-6202
163,173,0,-7525
163,211,0,-1278
163,250,0,-7239
163,265,0,-6947
163,291,0,-7085
163,348,0,-6663
163,361,0,-7818
164,207,0,-7805
164,209,0,-7670
164,288,0,-2736
164,299,0,-5764
164,373,0,-6823
164,377,0,-3955
165,200,0,-6487
165,241,0,-5559
165,276,0,-3258
165,350,0,-5909
166,171,0,-1298
166,173,0,-7138
166,194,0,-6162
166,361,0,-6349
166,378,0,-6080
166,390,0,-4437
167,191,0,-4115
167,254,0,-4083
167,286,0,-6134
167,310,0,-5817
167,371,0,-6639
168,244,0,-5761
168,261,0,-7732
168,379,0,-5167
168,385,0,-2108
169,177,0,-3377
169,206,0,-4034
169,224,0,-4827
170,172,0,-7714
170,179,0,-7594
170,260,0,-7224
170,382,0,-6791
171,173,0,-5896
171,194,0,-7378
171,250,0,-7131
171,361,0,-5087
171,378,0,-7066
171,390,0,-5700
172,391,0,-7332
173,211,0,-6954
173,250,0,-1298
173,361,0,-879
174,232,0,-4643
174,247,0,-2600
174,264,0,-5616
174,296,0,-7051
174,314,0,-5963
174,338,0,-5625
175,201,0,-6841
175,219,0,-5527
175,225,0,-3381
175,290,0,-3158
176,233,0,-6542
176,251,0,-6605
176,283,0,-5892
176,285,0,-3816
176,302,0,-3190
176,315,0,-6965
176,325,0,-5968
176,334,0,-7055
176,342,0,-5205
176,376,0,-7760
177,206,0,-1566
177,224,0,-7452
177,268,0,-6000
177,270,0,-6391
177,336,0,-6290
178,384,0,-7658
178,394,0,-6648
179,260,0,-3240
179,306,0,-6707
179,382,0,-1832
180,213,0,-4531
180,240,0,-6497
180,269,0,-4450
180,284,0,-7121
183,202,0,-2237
183,211,0,-7151
183,265,0,-1930
183,365,0,-4454
184,229,0,-717
184,248,0,-7813
184,281,0,-5105
184,362,0,-6547
184,383,0,-5198
184,384,0,-7729
185,204,0,-5712
185,228,0,-3314
185,253,0,-7883
185,267,0,-7181
185,277,0,-4105
185,293,0,-2652
185,297,0,-2918
185,319,0,-2790
185,326,0,-6926
185,360,0,-3169
186,347,0,-3986
187,200,0,-5204
187,260,0,-7931
187,306,0,-2726
187,324,0,-5672
188,221,0,-5652
189,232,0,-6704
189,264,0,-5979
189,296,0,-3042
189,338,0,-6861
190,222,0,-7154
190,243,0,-4961
190,273,0,-7401
190,354,0,-6378
190,368,0,-5961
190,392,0,-5012
191,254,0,-4144
191,310,0,-2095
191,322,0,-5808
191,386,0,-7820
192,301,0,-4117
192,344,0,-5049
192,358,0,-7050
192,388,0,-7689
193,212,0,-1436
193,227,0,-5888
193,230,0,-4955
193,237,0,-4811
193,255,0,-1258
194,378,0,-6763
194,382,0,-7187
194,390,0,-1853
195,219,0,-6314
195,366,0,-4410
196,214,0,-5348
196,289,0,-3887
196,354,0,-3570
196,370,0,-2535
196,372,0,-2295
196,392,0,-7937
197,314,0,-7305
197,346,0,-1527
198,258,0,-6334
198,303,0,-4314
199,332,0,-5381
199,339,0,-4041
200,231,0,-5581
200,276,0,-7822
200,306,0,-7858
200,324,0,-6521
201,225,0,-3887
201,257,0,-5653
201,309,0,-4205
201,341,0,-6012
201,364,0,-2112
201,375,0,-7830
201,400,0,-7751
202,250,0,-7789
202,265,0,-4101
202,313,0,-7353
202,331,0,-6068
202,365,0,-6528
203,218,0,-2994
203,279,0,-5564
203,282,0,-431
203,387,0,-899
204,228,0,-6560
204,239,0,-7594
204,297,0,-4776
204,326,0,-2685
204,327,0,-7149
204,352,0,-5023
204,360,0,-4980
205,210,0,-7963
205,234,0,-7690
205,321,0,-2970
206,223,0,-6701
206,268,0,-4677
206,270,0,-5245
206,336,0,-5138
207,299,0,-4835
207,356,0,-1787
208,226,0,-6184
208,251,0,-2357
208,327,0,-7659
208,342,0,-5197
209,288,0,-5001
209,335,0,-7678
209,373,0,-1577
209,377,0,-5219
210,221,0,-4399
210,244,0,-6083
210,379,0,-6931
211,250,0,-6476
211,265,0,-5798
211,291,0,-7932
211,348,0,-7622
211,361,0,-7375
212,227,0,-6169
212,230,0,-4865
212,237,0,-4209
212,255,0,-993
212,278,0,-6812
212,280,0,-7340
213,269,0,-1535
214,289,0,-7385
214,354,0,-7524
214,370,0,-2836
214,372,0,-7497
215,353,0,-606
216,242,0,-5369
216,262,0,-3877
216,378,0,-4399
216,395,0,-4249
217,292,0,-741
218,279,0,-2648
218,282,0,-3011
218,387,0,-2824
219,225,0,-5712
220,245,0,-5820
220,247,0,-7004
220,256,0,-1809
220,266,0,-2052
220,294,0,-5623
220,307,0,-3074
220,351,0,-7416
221,274,0,-6761
222,298,0,-7951
222,391,0,-6523
222,392,0,-7583
223,268,0,-3245
223,270,0,-4078
223,304,0,-7638
223,336,0,-4061
225,290,0,-6196
225,309,0,-7612
225,364,0,-5717
226,233,0,-4726
226,251,0,-4535
226,317,0,-3295
226,334,0,-4289
226,342,0,-3133
226,376,0,-3058
227,255,0,-6864
227,284,0,-6895
228,253,0,-4572
228,267,0,-3953
228,277,0,-3729
228,293,0,-4988
228,297,0,-5957
228,319,0,-4239
228,326,0,-6414
228,360,0,-1612
229,248,0,-7620
229,281,0,-5799
229,362,0,-6836
229,383,0,-5916
229,384,0,-7040
230,237,0,-1773
230,255,0,-3997
230,280,0,-6631
230,345,0,-7225
231,236,0,-4451
232,247,0,-5171
232,264,0,-6769
232,296,0,-3717
232,338,0,-7365
233,251,0,-7452
233,317,0,-7053
233,334,0,-673
233,340,0,-7955
233,342,0,-4606
233,376,0,-2061
234,274,0,-4411
234,321,0,-5973
235,243,0,-5086
235,273,0,-7023
235,368,0,-5124
236,272,0,-7065
236,312,0,-7225
236,350,0,-6866
237,255,0,-3607
237,278,0,-6446
237,280,0,-4995
237,345,0,-5662
238,287,0,-2825
238,355,0,-3351
238,396,0,-4976
239,326,0,-5146
240,284,0,-2968
240,340,0,-7065
240,374,0,-6160
241,248,0,-5423
241,272,0,-7646
241,276,0,-4264
241,350,0,-5050
241,357,0,-4922
241,398,0,-6420
242,378,0,-5788
242,395,0,-4475
243,273,0,-3906
243,354,0,-7826
243,368,0,-1388
244,333,0,-6869
244,379,0,-1657
244,385,0,-5880
245,247,0,-6817
245,256,0,-7532
245,266,0,-3965
245,307,0,-4534
246,273,0,-5133
246,368,0,-7750
247,256,0,-7383
247,266,0,-5673
247,314,0,-7533
248,272,0,-7917
248,357,0,-3390
248,362,0,-4955
248,398,0,-7390
249,252,0,-6630
249,275,0,-1208
249,311,0,-2456
249,369,0,-7101
250,331,0,-7511
250,361,0,-2177
251,285,0,-7373
251,317,0,-7138
251,334,0,-7386
251,342,0,-2870
251,376,0,-6783
252,275,0,-7803
252,301,0,-5880
252,311,0,-6384
252,337,0,-1434
252,388,0,-2520
253,267,0,-1670
253,277,0,-6910
253,360,0,-5251
254,310,0,-6187
254,386,0,-5805
254,396,0,-7707
255,278,0,-7271
255,280,0,-7373
256,266,0,-3603
256,294,0,-6175
256,307,0,-4740
256,351,0,-7803
257,309,0,-2655
257,324,0,-4770
257,364,0,-6467
258,291,0,-5992
258,303,0,-6785
258,318,0,-6938
258,348,0,-6966
259,328,0,-6579
260,306,0,-5299
260,382,0,-4613
261,281,0,-7816
261,333,0,-3414
261,379,0,-6629
261,381,0,-2833
261,383,0,-6548
261,385,0,-5657
261,393,0,-6246
262,378,0,-6677
262,395,0,-7268
263,304,0,-1126
263,389,0,-2277
264,296,0,-5826
264,314,0,-6978
264,338,0,-898
265,365,0,-3456
266,294,0,-6959
266,307,0,-3094
267,277,0,-5493
267,319,0,-7136
267,360,0,-5090
268,270,0,-1128
268,336,0,-1051
269,284,0,-7368
270,336,0,-109
271,277,0,-6349
271,293,0,-5373
271,319,0,-5570
271,333,0,-5767
271,381,0,-5766
272,276,0,-6750
272,312,0,-647
272,350,0,-4117
273,368,0,-2622
275,311,0,-3255
275,369,0,-6452
276,312,0,-7396
276,350,0,-2656
277,293,0,-3318
277,297,0,-6862
277,319,0,-2113
277,360,0,-5094
278,280,0,-3204
278,345,0,-3722
279,282,0,-5500
279,387,0,-5472
280,345,0,-862
281,362,0,-7936
281,381,0,-7595
281,383,0,-1566
281,393,0,-3925
281,394,0,-6695
282,387,0,-1311
283,285,0,-2705
283,302,0,-4555
283,315,0,-3386
283,325,0,-361
285,302,0,-4107
285,315,0,-3228
285,325,0,-2955
285,342,0,-7447
286,371,0,-5959
287,355,0,-2809
287,396,0,-3447
288,299,0,-5699
288,373,0,-4376
288,377,0,-2031
289,347,0,-7042
289,354,0,-7037
289,370,0,-5340
289,372,0,-3000
291,318,0,-4002
291,348,0,-975
293,297,0,-4310
293,319,0,-1207
293,360,0,-5501
294,307,0,-4447
294,351,0,-1837
295,340,0,-7595
296,338,0,-6686
297,319,0,-5103
297,326,0,-6963
297,360,0,-5193
298,323,0,-5172
298,375,0,-7799
299,355,0,-7538
299,356,0,-5045
299,377,0,-4165
300,367,0,-1755
301,337,0,-4568
301,388,0,-3593
302,315,0,-7091
302,325,0,-4433
304,389,0,-2406
305,308,0,-7007
305,335,0,-3251
306,324,0,-6301
307,351,0,-6217
308,395,0,-5696
309,324,0,-5277
309,341,0,-6965
309,364,0,-4248
309,400,0,-7062
310,322,0,-4428
310,371,0,-7997
311,337,0,-7668
311,369,0,-6595
312,350,0,-4759
313,329,0,-4605
313,331,0,-2551
313,398,0,-6218
314,338,0,-6223
315,325,0,-3738
316,344,0,-7105
317,334,0,-6438
317,342,0,-6403
317,376,0,-5000
318,348,0,-4140
319,360,0,-5064
320,330,0,-5546
320,363,0,-5017
323,341,0,-7398
323,343,0,-7167
323,375,0,-3821
326,327,0,-7701
326,352,0,-6071
326,360,0,-4862
327,352,0,-2281
328,371,0,-3618
329,331,0,-6128
329,398,0,-4962
330,363,0,-6281
332,339,0,-4777
333,379,0,-5437
333,381,0,-3247
333,385,0,-7068
333,393,0,-7946
334,340,0,-7917
334,342,0,-4602
334,376,0,-1438
335,373,0,-7079
337,388,0,-1689
340,374,0,-2707
341,343,0,-2514
341,364,0,-3925
341,375,0,-3594
341,400,0,-2873
342,376,0,-4248
343,364,0,-6439
343,375,0,-3650
343,400,0,-2936
344,358,0,-3287
345,349,0,-7735
354,370,0,-4974
354,372,0,-4275
354,392,0,-4853
355,356,0,-7491
355,396,0,-6255
357,362,0,-7984
357,398,0,-4026
359,399,0,-1958
362,383,0,-6616
362,385,0,-7570
364,375,0,-6177
364,400,0,-5702
370,372,0,-4765
372,392,0,-7390
373,377,0,-5206
375,400,0,-6014
378,390,0,-5421
378,395,0,-7701
379,385,0,-4738
380,386,0,-4070
380,396,0,-5094
381,383,0,-6783
381,393,0,-4701
383,393,0,-4092
386,396,0,-6757
393,394,0,-7864
131,151,0,-10000000
131,156,0,-10000000
131,169,0,-10000000
