1,101,0,97615
5,105,0,86921
7,107,0,73789
8,108,0,35009
10,110,0,75638
13,113,0,46710
16,116,0,83192
19,119,0,59700
20,120,0,96925
22,122,0,19830
30,130,0,58358
31,131,0,43526
32,132,0,29188
33,133,0,93145
42,142,0,60676
43,143,0,24834
49,149,0,75078
51,151,0,59647
53,153,0,18005
57,157,0,86615
58,158,0,83903
59,159,0,58149
61,161,0,98961
64,164,0,58750
67,167,0,52302
74,174,0,28510
78,178,0,93352
80,180,0,79968
86,186,0,47067
90,190,0,31498
92,192,0,83801
94,194,0,76278
99,199,0,97187
1,40,0,-50955
1,49,0,-80882
1,86,0,-95574
2,15,0,-55141
2,17,0,-50716
2,37,0,-56058
2,78,0,-73811
3,13,0,-72432
3,59,0,-28517
3,64,0,-25813
3,73,0,-42504
3,78,0,-78528
4,27,0,-88501
4,28,0,-20826
4,32,0,-92522
4,55,0,-70882
4,78,0,-46015
4,98,0,-48000
5,25,0,-7989
5,40,0,-15518
5,41,0,-75654
5,55,0,-27793
5,61,0,-49552
5,65,0,-64707
5,69,0,-4864
5,84,0,-50969
5,92,0,-26824
6,8,0,-77125
6,13,0,-71749
6,17,0,-91625
6,24,0,-15746
6,35,0,-76437
6,38,0,-82181
6,45,0,-33366
6,53,0,-7832
6,64,0,-8882
6,93,0,-24212
7,62,0,-57266
7,74,0,-29066
7,75,0,-27896
7,76,0,-21803
7,81,0,-62798
8,12,0,-23646
8,51,0,-90632
8,90,0,-64966
9,34,0,-64833
9,79,0,-49919
9,82,0,-69169
9,99,0,-70689
10,22,0,-44019
10,25,0,-50902
10,49,0,-27202
10,87,0,-30165
11,39,0,-90219
11,43,0,-49429
11,74,0,-61589
12,30,0,-1643
12,45,0,-18597
12,48,0,-56730
12,54,0,-15237
12,67,0,-75710
12,70,0,-97342
12,79,0,-18908
12,91,0,-31803
13,19,0,-74327
13,26,0,-9411
13,30,0,-11796
13,53,0,-94275
13,70,0,-21553
13,77,0,-81768
13,93,0,-61666
14,16,0,-51745
14,70,0,-32815
15,26,0,-40324
15,52,0,-72445
15,73,0,-66985
15,84,0,-87529
16,19,0,-17014
16,26,0,-45963
16,41,0,-78660
16,54,0,-163
16,69,0,-59513
16,75,0,-68412
16,97,0,-83485
17,51,0,-40277
17,53,0,-36910
17,62,0,-26717
17,75,0,-47197
17,93,0,-30229
18,23,0,-85866
18,30,0,-21696
18,50,0,-4513
18,53,0,-1344
18,69,0,-69365
18,75,0,-29609
19,20,0,-60801
19,32,0,-39396
19,36,0,-72518
19,51,0,-74289
19,63,0,-65776
19,73,0,-17884
19,83,0,-86195
20,32,0,-68669
20,52,0,-93634
20,58,0,-20200
20,60,0,-88869
20,61,0,-10617
20,76,0,-16987
20,81,0,-96418
20,99,0,-1208
21,23,0,-19444
21,27,0,-28192
21,89,0,-26158
22,33,0,-9416
22,50,0,-33043
22,84,0,-86729
22,92,0,-79017
22,94,0,-29394
23,54,0,-10275
23,59,0,-94224
23,63,0,-8623
23,66,0,-29571
23,76,0,-34843
23,79,0,-2753
23,91,0,-44239
24,25,0,-53440
24,27,0,-88284
24,32,0,-46602
24,41,0,-76433
24,54,0,-41579
24,64,0,-92191
24,76,0,-41898
24,83,0,-16559
24,96,0,-94711
25,45,0,-72505
25,52,0,-90821
25,73,0,-16779
25,100,0,-21227
26,40,0,-66199
26,51,0,-75335
26,52,0,-52507
26,87,0,-51797
26,99,0,-96725
27,28,0,-2930
27,45,0,-32403
27,83,0,-33630
27,89,0,-49865
28,35,0,-60761
28,38,0,-57041
28,67,0,-73455
28,76,0,-99792
28,95,0,-55140
28,96,0,-67397
29,47,0,-57708
29,56,0,-23504
29,69,0,-4388
29,92,0,-40091
30,34,0,-55667
30,45,0,-30301
30,60,0,-17474
30,62,0,-73142
30,70,0,-64889
30,72,0,-95191
30,75,0,-10708
30,79,0,-85092
30,86,0,-32277
30,97,0,-73484
31,33,0,-39702
31,67,0,-80999
31,84,0,-32401
31,87,0,-39141
31,93,0,-92341
32,37,0,-70788
32,43,0,-27715
32,55,0,-48071
32,80,0,-51108
32,89,0,-14335
32,98,0,-97231
33,39,0,-77538
33,48,0,-89355
33,57,0,-10739
33,72,0,-89290
34,51,0,-34101
34,72,0,-86296
34,80,0,-79065
34,94,0,-46513
34,98,0,-88499
35,68,0,-14929
35,69,0,-44052
35,70,0,-85694
35,90,0,-77915
35,98,0,-67667
36,60,0,-53561
36,71,0,-14246
36,81,0,-41184
36,90,0,-71702
37,71,0,-88238
38,74,0,-51285
38,85,0,-12804
39,58,0,-43900
39,61,0,-27852
39,71,0,-31144
39,82,0,-99210
39,85,0,-75784
39,99,0,-62017
40,45,0,-91421
40,46,0,-24831
40,48,0,-24042
40,61,0,-54513
40,67,0,-26965
40,83,0,-16053
41,84,0,-75291
41,90,0,-91318
42,47,0,-63338
42,50,0,-81608
42,54,0,-85091
43,57,0,-39235
43,64,0,-11364
43,65,0,-17894
43,68,0,-59871
43,76,0,-94282
44,47,0,-59111
44,49,0,-53394
44,52,0,-70888
44,70,0,-50661
44,92,0,-21300
45,66,0,-64281
45,67,0,-44508
45,72,0,-65880
45,75,0,-51744
45,83,0,-12911
46,58,0,-25583
46,63,0,-76945
46,97,0,-18869
47,57,0,-74764
47,82,0,-74293
48,62,0,-74566
49,53,0,-48464
49,78,0,-4942
49,99,0,-35387
50,85,0,-11692
50,91,0,-76548
50,99,0,-20396
51,64,0,-10533
51,93,0,-49468
52,63,0,-55865
52,90,0,-26553
52,92,0,-82419
52,100,0,-73138
53,58,0,-44210
53,67,0,-43776
53,87,0,-63667
53,94,0,-78200
54,92,0,-98330
54,96,0,-80611
55,75,0,-80483
55,83,0,-22869
56,88,0,-99289
57,68,0,-52974
57,97,0,-77696
58,62,0,-10039
58,68,0,-95095
58,80,0,-59085
58,82,0,-36781
59,82,0,-468
59,94,0,-97898
60,65,0,-54646
60,90,0,-4520
60,95,0,-89136
61,67,0,-73565
61,74,0,-87237
61,85,0,-64627
61,94,0,-68801
61,95,0,-73777
62,66,0,-42755
62,87,0,-99828
62,94,0,-50007
63,93,0,-62647
64,73,0,-7813
65,66,0,-40824
65,88,0,-98930
65,98,0,-18018
66,81,0,-99006
66,83,0,-42734
66,95,0,-53011
68,75,0,-62616
68,84,0,-78610
69,83,0,-34199
71,91,0,-38872
71,98,0,-52665
72,82,0,-38021
72,97,0,-34935
73,96,0,-44787
73,100,0,-90979
74,100,0,-10012
75,84,0,-84708
75,99,0,-87396
76,91,0,-13192
76,95,0,-52037
77,85,0,-79688
77,93,0,-76679
77,95,0,-89872
79,82,0,-49715
79,90,0,-53441
79,91,0,-86534
79,95,0,-66823
79,99,0,-15920
80,86,0,-46126
81,92,0,-63763
83,92,0,-6639
83,93,0,-91655
84,91,0,-53429
85,95,0,-30914
88,89,0,-78654
90,95,0,-51176
91,92,0,-2732
91,100,0,-95710
