1,201,0,99902
16,216,0,81607
18,218,0,21890
20,220,0,35691
21,221,0,2035
26,226,0,81640
31,231,0,42953
32,232,0,71336
36,236,0,17440
39,239,0,22945
48,248,0,75286
52,252,0,95530
57,257,0,76964
68,268,0,38156
71,271,0,17448
74,274,0,46195
77,277,0,3790
82,282,0,70034
83,283,0,55916
84,284,0,74057
98,298,0,51318
99,299,0,49848
106,306,0,7319
109,309,0,17632
112,312,0,53268
125,325,0,3166
126,326,0,56273
127,327,0,93213
128,328,0,67613
130,330,0,74933
132,332,0,99347
133,333,0,2261
135,335,0,55530
142,342,0,45340
155,355,0,63848
157,357,0,69887
159,359,0,72148
161,361,0,27679
162,362,0,89982
163,363,0,50196
171,371,0,12378
173,373,0,49384
181,381,0,26018
182,382,0,17382
187,387,0,32157
191,391,0,17400
195,395,0,65971
199,399,0,48958
1,15,0,-53243
1,27,0,-44682
1,31,0,-81027
1,38,0,-28086
1,83,0,-20292
1,116,0,-50832
1,128,0,-75979
1,132,0,-59881
1,160,0,-34630
1,193,0,-82974
1,198,0,-28792
2,26,0,-9809
2,53,0,-56494
2,55,0,-66303
2,56,0,-68593
2,78,0,-580
2,80,0,-57075
2,86,0,-49802
2,140,0,-16372
2,168,0,-87374
2,173,0,-54379
2,190,0,-22433
2,200,0,-81873
3,11,0,-84670
3,25,0,-72156
3,65,0,-19449
3,94,0,-25759
3,141,0,-67658
3,184,0,-17707
3,185,0,-55378
4,16,0,-66650
4,18,0,-22028
4,41,0,-34615
4,46,0,-38368
4,62,0,-28501
4,96,0,-58855
4,112,0,-98478
4,153,0,-21662
4,176,0,-20711
4,180,0,-55266
4,191,0,-63080
5,20,0,-13375
5,88,0,-31191
5,94,0,-61303
5,107,0,-98036
5,126,0,-75927
5,163,0,-65851
5,167,0,-49055
5,195,0,-41153
6,19,0,-46923
6,25,0,-63675
6,36,0,-51341
6,107,0,-33412
6,176,0,-36928
6,177,0,-63429
7,49,0,-65514
7,118,0,-93152
7,123,0,-72606
7,128,0,-54797
7,133,0,-46917
7,178,0,-88098
8,24,0,-69150
8,46,0,-11012
8,49,0,-22433
8,144,0,-65847
8,171,0,-29798
8,177,0,-81009
8,179,0,-19705
8,199,0,-27468
9,12,0,-87411
9,17,0,-86929
9,31,0,-22538
9,45,0,-40838
9,61,0,-97267
9,119,0,-29409
9,178,0,-39056
9,195,0,-65594
10,44,0,-64996
10,49,0,-45406
10,174,0,-99236
10,193,0,-50073
11,92,0,-71624
11,105,0,-73831
11,138,0,-10206
11,156,0,-51660
11,168,0,-48514
12,13,0,-95308
12,38,0,-76159
12,43,0,-7394
12,114,0,-27958
12,177,0,-86186
13,23,0,-35040
13,86,0,-32108
13,131,0,-92162
13,176,0,-11639
14,76,0,-33256
14,77,0,-14894
14,81,0,-36664
14,151,0,-22918
14,177,0,-49713
14,183,0,-88157
14,198,0,-14627
15,19,0,-53222
15,37,0,-81306
15,54,0,-88896
15,78,0,-63410
15,101,0,-23735
15,164,0,-8992
15,195,0,-39585
16,23,0,-15006
16,31,0,-11198
16,46,0,-56628
16,66,0,-14171
16,79,0,-24089
16,159,0,-45320
16,168,0,-35345
17,34,0,-79440
17,82,0,-2812
17,156,0,-54352
17,157,0,-93411
18,20,0,-52307
18,26,0,-73370
18,41,0,-16158
18,84,0,-44617
18,88,0,-73710
18,94,0,-95656
18,100,0,-23986
18,109,0,-79603
18,128,0,-83536
18,152,0,-34041
18,160,0,-6491
18,165,0,-51832
19,28,0,-63310
19,31,0,-82736
19,66,0,-43107
19,75,0,-59738
19,104,0,-55700
19,141,0,-31642
19,192,0,-35053
20,45,0,-20109
20,54,0,-79895
20,76,0,-43904
20,89,0,-70252
20,102,0,-69703
20,104,0,-13607
20,120,0,-22013
20,159,0,-65591
21,40,0,-24167
21,108,0,-82788
21,109,0,-43986
21,135,0,-159
21,138,0,-20192
21,194,0,-93792
22,37,0,-25683
22,147,0,-76464
23,24,0,-97696
23,36,0,-65937
23,86,0,-69320
23,129,0,-5895
25,74,0,-91138
25,80,0,-58457
25,88,0,-17757
25,112,0,-11212
26,34,0,-5844
26,47,0,-4767
26,56,0,-34594
26,86,0,-18804
26,136,0,-47068
26,137,0,-49535
26,150,0,-72404
26,179,0,-70529
27,73,0,-34678
27,84,0,-88367
27,134,0,-72098
27,155,0,-18913
28,53,0,-65259
28,78,0,-25331
28,101,0,-57626
28,150,0,-30944
28,180,0,-45703
28,190,0,-66607
29,86,0,-81365
29,162,0,-51723
29,180,0,-37612
29,196,0,-58336
30,55,0,-13686
30,75,0,-29360
30,85,0,-84480
30,90,0,-77538
30,171,0,-61446
30,190,0,-16878
31,49,0,-90240
31,110,0,-55841
31,122,0,-75338
31,156,0,-87416
32,76,0,-47300
32,104,0,-68762
32,109,0,-81145
33,155,0,-29626
33,166,0,-40892
34,44,0,-27834
34,71,0,-44939
34,72,0,-2297
34,78,0,-51548
34,107,0,-48576
35,36,0,-88963
35,41,0,-97932
35,74,0,-77992
35,91,0,-50642
35,122,0,-40310
35,197,0,-62340
36,76,0,-25151
36,80,0,-12250
36,95,0,-6495
36,157,0,-40584
36,180,0,-88862
36,192,0,-17216
37,42,0,-12053
37,70,0,-77317
37,125,0,-63346
37,131,0,-63927
37,157,0,-93518
37,186,0,-10729
38,105,0,-21288
38,161,0,-28599
38,169,0,-91860
38,170,0,-38775
39,70,0,-47495
39,100,0,-91416
39,115,0,-69053
40,95,0,-51000
40,175,0,-3901
40,179,0,-15211
41,87,0,-42273
41,109,0,-45359
41,151,0,-65173
41,191,0,-89747
42,62,0,-96343
42,68,0,-85097
42,74,0,-11761
42,136,0,-90229
42,168,0,-23813
42,181,0,-10374
42,196,0,-95810
43,65,0,-7689
43,114,0,-78394
43,163,0,-21355
44,59,0,-20892
44,88,0,-64499
44,172,0,-21771
44,177,0,-37992
45,110,0,-87893
46,103,0,-8253
46,119,0,-20933
46,127,0,-11044
46,144,0,-56837
47,70,0,-74735
47,75,0,-55693
47,81,0,-52442
47,89,0,-48251
47,102,0,-7211
47,154,0,-38204
47,161,0,-12637
47,171,0,-28312
48,51,0,-7427
48,52,0,-28023
48,70,0,-831
48,85,0,-1901
48,166,0,-55837
49,84,0,-39008
50,61,0,-24646
50,97,0,-49723
50,113,0,-44491
50,158,0,-94684
50,172,0,-73868
51,67,0,-13604
51,87,0,-8964
51,109,0,-9791
51,148,0,-84256
51,197,0,-20746
52,96,0,-28022
52,169,0,-20770
53,65,0,-31289
53,74,0,-32964
53,148,0,-517
53,153,0,-91723
53,172,0,-17502
54,102,0,-70916
54,111,0,-89667
54,134,0,-71841
54,162,0,-60786
54,166,0,-93804
54,187,0,-89598
54,200,0,-83801
55,121,0,-85968
56,57,0,-38804
56,107,0,-8378
56,112,0,-58572
56,129,0,-96886
56,157,0,-12757
56,199,0,-67735
57,129,0,-55482
57,141,0,-70172
57,168,0,-96971
57,170,0,-67143
57,172,0,-98191
57,184,0,-55632
58,131,0,-85152
58,198,0,-36963
59,75,0,-71794
59,104,0,-26574
59,145,0,-84810
59,174,0,-34789
59,175,0,-50410
59,193,0,-31386
60,61,0,-52162
60,63,0,-2573
60,100,0,-16102
60,192,0,-30466
61,115,0,-67332
61,172,0,-88993
61,196,0,-96036
62,76,0,-33811
62,83,0,-62106
63,66,0,-11653
63,74,0,-7569
63,75,0,-12829
63,151,0,-91134
63,167,0,-59285
63,177,0,-12350
64,88,0,-45708
64,121,0,-15671
64,130,0,-34439
64,164,0,-39599
65,69,0,-78316
65,82,0,-26346
65,85,0,-49479
65,102,0,-80452
65,142,0,-7703
66,117,0,-25214
66,125,0,-61260
66,191,0,-62963
66,195,0,-94222
67,78,0,-75115
67,177,0,-51848
68,92,0,-69484
68,99,0,-41312
68,162,0,-71666
69,103,0,-54469
69,163,0,-17161
69,199,0,-62383
70,81,0,-63463
70,82,0,-98757
70,83,0,-77443
70,140,0,-87321
70,146,0,-36534
70,152,0,-41041
70,173,0,-52743
71,125,0,-40216
71,137,0,-9352
72,77,0,-71542
72,83,0,-588
72,128,0,-33293
72,137,0,-24160
72,140,0,-18497
72,154,0,-78062
72,179,0,-10569
72,186,0,-83239
72,195,0,-80296
73,89,0,-9886
73,105,0,-94769
73,124,0,-84498
73,133,0,-86740
73,138,0,-56137
74,132,0,-85292
74,135,0,-39625
75,101,0,-45300
75,141,0,-75338
75,155,0,-10071
75,168,0,-68883
76,145,0,-5819
76,173,0,-96447
77,165,0,-18883
77,169,0,-37461
77,179,0,-55404
77,196,0,-6068
77,200,0,-19162
78,144,0,-78699
79,105,0,-64473
79,186,0,-71328
80,91,0,-66308
80,93,0,-46863
80,134,0,-5907
80,188,0,-8946
81,95,0,-40346
81,141,0,-76234
81,167,0,-65778
81,192,0,-67460
82,144,0,-14238
83,109,0,-85929
83,128,0,-37298
83,150,0,-36567
83,169,0,-3646
83,186,0,-58238
83,197,0,-30887
84,94,0,-29631
85,96,0,-19044
86,132,0,-83796
87,89,0,-2929
87,138,0,-75060
87,157,0,-915
87,167,0,-36369
87,179,0,-45481
88,111,0,-91569
89,164,0,-57607
90,109,0,-71376
90,116,0,-45631
90,142,0,-11738
90,187,0,-67437
91,110,0,-33459
91,128,0,-5255
91,136,0,-96758
91,138,0,-30218
91,151,0,-51651
91,153,0,-81310
91,158,0,-74570
91,185,0,-18939
91,187,0,-93510
91,188,0,-45952
92,152,0,-71673
92,180,0,-19869
93,99,0,-15293
93,139,0,-41099
93,150,0,-99879
94,112,0,-42302
94,113,0,-93230
94,138,0,-24001
94,140,0,-66304
94,160,0,-4981
95,168,0,-48936
95,200,0,-33837
97,148,0,-2921
97,170,0,-53515
97,194,0,-62754
98,143,0,-32885
98,159,0,-11736
99,137,0,-54130
99,168,0,-82367
99,197,0,-9878
100,156,0,-14303
100,176,0,-68506
101,158,0,-84527
101,179,0,-82141
101,195,0,-83041
102,136,0,-2838
103,140,0,-77615
103,191,0,-64100
104,120,0,-45412
104,127,0,-47126
104,133,0,-19161
104,165,0,-53747
105,121,0,-10927
106,110,0,-96652
106,167,0,-91440
106,185,0,-64728
106,186,0,-85886
106,197,0,-8087
107,113,0,-28281
107,155,0,-83858
107,166,0,-65862
108,129,0,-24080
108,147,0,-31001
108,184,0,-48836
108,190,0,-82446
109,126,0,-80432
109,128,0,-62879
109,161,0,-19057
109,187,0,-54809
109,197,0,-92084
110,158,0,-15468
110,200,0,-79749
111,149,0,-56717
111,190,0,-88456
112,176,0,-43980
112,191,0,-21585
113,138,0,-27275
113,145,0,-58728
113,172,0,-19676
113,186,0,-94938
114,143,0,-87801
114,165,0,-78171
114,167,0,-4606
114,198,0,-10447
115,156,0,-74346
115,172,0,-92758
115,197,0,-19055
116,120,0,-19505
116,147,0,-25055
117,122,0,-82521
117,154,0,-77385
118,192,0,-42298
120,174,0,-3801
121,175,0,-78825
121,193,0,-15711
122,153,0,-58521
122,166,0,-997
122,191,0,-59926
123,152,0,-79841
123,187,0,-80507
124,189,0,-59115
124,196,0,-40811
125,191,0,-86563
126,165,0,-88099
126,166,0,-99961
127,134,0,-68288
128,157,0,-7722
128,189,0,-564
129,138,0,-40203
129,170,0,-53424
131,149,0,-12811
132,170,0,-39128
133,147,0,-43986
133,160,0,-56925
133,177,0,-41731
133,180,0,-94190
133,181,0,-15923
134,167,0,-4372
134,168,0,-450
134,175,0,-21487
134,186,0,-56791
135,149,0,-13009
135,171,0,-58223
135,199,0,-96787
137,168,0,-90498
137,184,0,-3303
139,185,0,-42043
140,149,0,-50649
141,200,0,-56779
142,170,0,-69852
142,186,0,-20483
143,162,0,-93495
143,197,0,-1492
144,153,0,-95737
144,162,0,-26366
145,200,0,-60629
146,196,0,-15709
147,165,0,-42870
147,193,0,-28112
148,177,0,-35040
148,186,0,-18419
149,167,0,-47945
151,170,0,-97330
151,192,0,-4229
152,176,0,-67038
153,161,0,-10208
153,177,0,-95937
153,182,0,-60467
153,185,0,-66797
154,164,0,-42531
155,182,0,-81911
156,173,0,-6332
156,198,0,-21955
157,199,0,-97641
159,170,0,-90864
159,193,0,-42523
160,198,0,-66226
162,196,0,-46255
163,179,0,-47947
163,180,0,-89756
163,187,0,-84942
164,184,0,-64881
165,180,0,-24096
167,181,0,-25663
171,189,0,-98459
172,177,0,-13924
173,179,0,-10215
174,181,0,-17413
175,184,0,-67119
175,189,0,-62641
177,180,0,-15941
177,190,0,-45870
180,183,0,-31903
180,187,0,-31576
180,196,0,-23267
181,198,0,-7634
185,195,0,-46375
192,196,0,-44449
