2,402,0,37798
5,405,0,13916
7,407,0,46365
8,408,0,88037
9,409,0,84886
14,414,0,74683
17,417,0,33330
19,419,0,76270
24,424,0,87812
25,425,0,5178
28,428,0,29105
45,445,0,71656
59,459,0,29966
62,462,0,78591
68,468,0,48794
69,469,0,80435
71,471,0,52092
76,476,0,18394
87,487,0,66422
91,491,0,36429
96,496,0,18560
99,499,0,64681
104,504,0,25971
105,505,0,50074
109,509,0,6931
111,511,0,73353
114,514,0,6379
123,523,0,4864
124,524,0,39848
129,529,0,16729
130,530,0,69409
145,545,0,88578
146,546,0,97537
149,549,0,51868
158,558,0,44662
161,561,0,96159
166,566,0,87892
175,575,0,70396
176,576,0,87874
181,581,0,29705
182,582,0,32465
188,588,0,53990
193,593,0,13724
199,599,0,68260
204,604,0,6560
205,605,0,16976
207,607,0,49441
208,608,0,76756
210,610,0,30401
211,611,0,55969
212,612,0,55107
213,613,0,3258
219,619,0,21361
220,620,0,69227
224,624,0,52200
226,626,0,69177
229,629,0,78823
230,630,0,98933
241,641,0,93126
243,643,0,14487
248,648,0,68486
253,653,0,20622
261,661,0,41690
264,664,0,61113
276,676,0,79154
277,677,0,85943
280,680,0,16022
284,684,0,15591
288,688,0,9932
292,692,0,16513
297,697,0,17779
300,700,0,67318
301,701,0,4747
302,702,0,46847
303,703,0,21620
306,706,0,3539
310,710,0,84856
330,730,0,1528
336,736,0,59964
343,743,0,28582
347,747,0,68691
351,751,0,56614
355,755,0,61570
359,759,0,49366
361,761,0,9330
370,770,0,48646
371,771,0,6179
372,772,0,59357
377,777,0,18563
382,782,0,31134
389,789,0,21366
391,791,0,67468
395,795,0,45209
397,797,0,4566
1,92,0,-60502
1,123,0,-20865
1,139,0,-75079
2,47,0,-5766
2,50,0,-74374
2,126,0,-63712
2,178,0,-46343
2,291,0,-15680
2,359,0,-14874
2,388,0,-11667
3,282,0,-24098
3,374,0,-20460
4,39,0,-95455
4,188,0,-80619
4,200,0,-36311
4,348,0,-83835
4,396,0,-43638
5,15,0,-14818
5,33,0,-29994
5,54,0,-60299
5,78,0,-77095
5,132,0,-91595
5,133,0,-55181
5,379,0,-29711
6,77,0,-6963
6,107,0,-8759
6,111,0,-22261
6,138,0,-26626
6,139,0,-1750
6,180,0,-88035
6,331,0,-29848
6,388,0,-49066
7,9,0,-31598
7,223,0,-40398
7,390,0,-85534
7,391,0,-59034
8,73,0,-8782
8,272,0,-92665
9,108,0,-80760
9,233,0,-98893
9,236,0,-81243
9,352,0,-36428
9,379,0,-67594
9,381,0,-4023
10,24,0,-65548
10,210,0,-31271
10,349,0,-97286
10,384,0,-443
11,249,0,-49566
11,299,0,-20724
11,324,0,-29720
11,357,0,-69468
11,358,0,-48641
11,396,0,-42640
12,94,0,-80402
12,162,0,-55935
12,180,0,-68314
12,201,0,-21147
12,207,0,-11078
12,267,0,-7023
12,318,0,-69170
12,388,0,-77722
13,222,0,-59774
13,261,0,-73384
13,289,0,-12294
13,293,0,-75606
13,320,0,-68410
13,322,0,-44017
13,369,0,-95697
14,76,0,-11377
14,112,0,-24897
14,227,0,-81048
14,272,0,-10030
14,330,0,-29461
15,195,0,-79330
15,289,0,-18962
16,255,0,-65058
16,355,0,-14825
17,32,0,-91956
17,41,0,-1887
17,104,0,-56188
17,258,0,-42160
18,102,0,-93781
18,141,0,-94069
18,156,0,-88173
18,232,0,-7796
18,364,0,-84961
19,24,0,-77316
19,65,0,-29722
19,91,0,-87728
19,143,0,-55101
19,221,0,-49224
19,224,0,-83428
19,227,0,-7519
19,273,0,-94104
19,339,0,-15586
20,128,0,-62666
20,159,0,-91788
20,192,0,-33932
20,196,0,-67643
20,214,0,-81087
20,387,0,-58490
21,93,0,-51665
21,125,0,-67733
21,138,0,-49087
21,205,0,-68670
21,212,0,-13253
22,41,0,-88318
22,277,0,-11968
22,292,0,-21882
22,299,0,-80933
22,307,0,-56323
22,324,0,-90072
22,353,0,-26711
22,377,0,-20134
23,40,0,-7832
23,83,0,-18847
23,99,0,-60516
23,161,0,-31708
23,305,0,-49612
23,373,0,-37343
24,38,0,-84935
24,148,0,-71688
24,213,0,-63271
24,329,0,-24535
25,55,0,-67568
25,130,0,-76559
25,163,0,-56663
25,233,0,-3665
25,291,0,-13614
26,206,0,-91874
26,227,0,-52308
26,244,0,-24392
26,276,0,-99749
26,333,0,-56086
27,34,0,-49235
27,86,0,-93829
27,287,0,-18261
27,327,0,-92310
28,33,0,-75324
28,45,0,-4503
28,61,0,-69349
28,144,0,-54013
28,162,0,-67926
28,247,0,-68659
29,76,0,-84144
29,115,0,-1908
29,120,0,-20153
29,235,0,-96365
29,300,0,-45931
29,314,0,-98359
29,366,0,-68863
29,374,0,-88544
30,41,0,-9561
30,67,0,-8009
30,168,0,-22169
30,252,0,-35123
30,387,0,-59669
31,248,0,-50839
31,265,0,-15042
31,271,0,-18717
32,181,0,-91128
32,379,0,-77375
32,382,0,-41376
33,56,0,-29997
33,75,0,-47998
33,93,0,-94635
33,180,0,-99250
33,392,0,-64516
34,49,0,-34822
34,92,0,-82780
34,98,0,-81160
34,160,0,-21569
34,166,0,-64949
34,183,0,-91067
34,224,0,-4359
34,235,0,-35359
34,312,0,-3287
34,352,0,-15947
35,44,0,-43399
35,64,0,-29489
35,73,0,-18500
35,106,0,-32386
35,128,0,-20118
35,135,0,-37704
35,242,0,-2565
35,313,0,-14758
36,132,0,-31803
37,48,0,-20368
37,91,0,-38962
37,137,0,-10652
37,260,0,-25057
37,269,0,-44199
37,301,0,-82865
37,315,0,-32918
38,104,0,-40254
38,116,0,-9515
38,223,0,-24678
38,275,0,-35123
38,296,0,-27776
38,340,0,-58872
38,373,0,-30514
39,79,0,-83731
39,130,0,-51105
39,288,0,-75546
39,306,0,-8905
39,367,0,-22108
40,92,0,-43014
40,217,0,-89990
40,250,0,-55365
40,276,0,-48746
40,277,0,-25924
40,310,0,-52266
40,341,0,-51711
41,91,0,-63111
41,124,0,-8661
41,129,0,-45887
41,169,0,-83885
42,49,0,-43806
42,58,0,-94909
42,83,0,-11799
42,114,0,-13757
42,185,0,-75086
42,199,0,-56694
42,208,0,-66058
42,303,0,-44303
42,371,0,-8369
43,134,0,-80135
43,158,0,-92993
43,174,0,-93007
43,203,0,-23463
43,355,0,-59288
44,249,0,-193
44,276,0,-6998
44,278,0,-7192
44,387,0,-79013
45,365,0,-93606
46,85,0,-63724
46,137,0,-69569
46,139,0,-41928
46,231,0,-57375
46,256,0,-96338
46,269,0,-37671
46,293,0,-67002
46,396,0,-37704
46,400,0,-97398
47,178,0,-85570
47,271,0,-59511
47,286,0,-67477
47,343,0,-19066
47,384,0,-93023
48,108,0,-13495
48,127,0,-2341
48,159,0,-41299
48,162,0,-67782
48,187,0,-73335
48,190,0,-32236
48,213,0,-71431
48,252,0,-53973
49,65,0,-82426
49,71,0,-89929
49,75,0,-61132
49,79,0,-9788
49,149,0,-42259
49,183,0,-56519
49,277,0,-63850
49,398,0,-89786
50,207,0,-28891
50,239,0,-98966
50,254,0,-61096
50,383,0,-28617
51,125,0,-94257
51,228,0,-90409
51,328,0,-18409
51,348,0,-54230
52,57,0,-19110
52,140,0,-12442
52,214,0,-42285
52,325,0,-75060
53,156,0,-83921
53,211,0,-97475
53,324,0,-58487
54,61,0,-24428
54,103,0,-71343
54,139,0,-6070
54,199,0,-60424
54,318,0,-21410
54,383,0,-77640
55,63,0,-96234
55,127,0,-96409
55,267,0,-6114
55,328,0,-9639
55,338,0,-16100
55,377,0,-47445
56,280,0,-63633
56,312,0,-76610
56,354,0,-82613
56,377,0,-96138
57,69,0,-27229
57,216,0,-12107
57,233,0,-29888
57,242,0,-38605
57,244,0,-50712
57,294,0,-3748
58,62,0,-15864
58,92,0,-35283
58,117,0,-60135
58,161,0,-87667
58,172,0,-62440
59,258,0,-80035
59,279,0,-29688
60,227,0,-20028
60,361,0,-89082
61,323,0,-41123
62,65,0,-77329
62,82,0,-25821
62,99,0,-11409
62,169,0,-54708
62,174,0,-16920
62,201,0,-61286
62,221,0,-23927
62,229,0,-16637
62,249,0,-20078
62,263,0,-22023
62,328,0,-76970
62,332,0,-552
62,342,0,-9442
62,347,0,-75972
62,362,0,-60808
63,156,0,-50036
63,178,0,-3931
63,197,0,-26322
63,338,0,-25325
63,368,0,-66848
64,133,0,-26154
64,168,0,-2751
64,191,0,-33528
64,208,0,-21695
64,302,0,-57207
64,357,0,-39945
64,371,0,-47376
65,185,0,-87593
65,189,0,-34687
65,204,0,-23490
65,222,0,-42980
65,331,0,-70632
66,75,0,-63184
66,151,0,-79910
66,294,0,-7021
66,336,0,-35190
67,105,0,-69932
67,162,0,-22481
67,337,0,-35694
67,398,0,-86796
68,253,0,-82256
68,279,0,-35476
68,306,0,-39592
68,329,0,-9569
69,95,0,-99766
69,241,0,-84627
69,245,0,-70127
69,284,0,-8799
70,160,0,-43469
70,303,0,-45681
70,357,0,-57992
70,365,0,-86041
70,372,0,-45812
71,146,0,-82086
71,147,0,-24091
71,225,0,-94417
71,245,0,-70760
71,361,0,-58310
71,392,0,-35242
72,160,0,-42321
72,172,0,-76996
72,210,0,-85292
72,244,0,-59238
73,209,0,-43095
74,79,0,-67339
74,117,0,-10696
74,261,0,-52229
74,379,0,-40841
75,93,0,-12163
75,100,0,-40478
75,102,0,-46580
75,222,0,-63358
75,238,0,-96970
75,275,0,-38500
75,315,0,-64070
75,354,0,-45996
75,370,0,-4893
76,145,0,-33010
76,155,0,-65331
76,182,0,-84140
76,278,0,-2572
76,347,0,-74206
76,389,0,-65649
77,213,0,-95397
77,261,0,-45908
77,278,0,-93779
77,365,0,-67862
78,249,0,-77656
78,376,0,-25733
79,159,0,-96147
79,206,0,-97042
79,237,0,-60498
79,286,0,-72029
79,294,0,-96809
79,333,0,-9527
79,356,0,-13990
79,377,0,-54581
80,98,0,-54380
80,171,0,-36925
80,191,0,-41248
80,365,0,-83816
80,368,0,-67889
81,84,0,-7638
81,218,0,-34842
81,241,0,-85808
81,262,0,-80900
81,351,0,-49497
81,384,0,-63094
82,133,0,-15799
83,122,0,-10141
83,194,0,-89746
83,344,0,-90109
84,178,0,-80146
84,194,0,-73319
84,246,0,-87648
84,282,0,-94835
84,283,0,-21610
84,336,0,-23427
85,140,0,-99995
85,248,0,-25750
85,349,0,-79134
85,381,0,-85483
85,390,0,-66686
86,138,0,-58562
86,229,0,-43105
87,123,0,-8209
87,126,0,-99739
87,182,0,-34321
87,190,0,-22548
87,238,0,-62959
87,239,0,-56833
87,304,0,-29199
88,199,0,-78204
88,221,0,-24410
88,225,0,-49035
89,173,0,-96143
89,223,0,-39364
89,397,0,-43769
90,124,0,-4122
90,251,0,-83169
90,275,0,-52581
90,374,0,-81135
91,110,0,-30234
91,128,0,-3790
91,162,0,-504
91,307,0,-87797
91,395,0,-19484
92,169,0,-72975
92,218,0,-72306
92,262,0,-18263
92,282,0,-89238
92,308,0,-59810
93,121,0,-70472
93,123,0,-70298
93,139,0,-49956
93,176,0,-64832
93,250,0,-82668
93,276,0,-54020
93,323,0,-16678
93,336,0,-46810
93,371,0,-90601
93,388,0,-77704
94,142,0,-17841
94,159,0,-52009
94,215,0,-92689
94,225,0,-63871
95,100,0,-44429
95,181,0,-12348
95,197,0,-79057
95,201,0,-95037
95,217,0,-5463
95,220,0,-41461
95,314,0,-76964
96,191,0,-58638
97,103,0,-11941
97,108,0,-61238
97,359,0,-28983
98,227,0,-21052
98,365,0,-73843
99,287,0,-96600
99,288,0,-35708
99,375,0,-31451
99,393,0,-57743
99,400,0,-68257
100,126,0,-67634
100,314,0,-83836
100,353,0,-8496
100,363,0,-32700
100,385,0,-10371
101,109,0,-265
101,248,0,-65500
101,252,0,-38168
101,336,0,-55566
101,375,0,-3284
102,113,0,-30951
102,174,0,-12330
102,311,0,-39890
103,114,0,-27397
103,181,0,-31940
103,183,0,-79113
103,261,0,-82903
103,286,0,-40178
103,332,0,-11038
103,368,0,-3751
104,174,0,-92184
104,399,0,-31323
105,203,0,-28770
105,235,0,-21510
105,267,0,-19764
105,346,0,-80140
106,123,0,-86650
106,254,0,-61377
106,285,0,-19424
106,329,0,-7312
107,129,0,-17962
107,215,0,-61493
107,229,0,-91410
107,251,0,-59015
107,323,0,-32351
108,176,0,-94959
108,194,0,-61274
108,256,0,-30322
108,275,0,-64607
108,285,0,-71524
108,347,0,-17247
108,357,0,-4856
109,167,0,-46912
109,214,0,-66271
109,285,0,-33387
109,312,0,-91043
109,377,0,-65707
109,392,0,-69526
110,192,0,-91769
110,216,0,-96691
110,326,0,-70599
110,339,0,-55593
110,372,0,-14977
110,393,0,-29491
111,159,0,-40017
111,181,0,-59495
111,196,0,-25304
111,319,0,-92626
112,228,0,-9776
112,385,0,-65274
113,329,0,-95237
114,221,0,-55164
114,248,0,-91010
114,250,0,-46174
114,326,0,-8844
114,392,0,-82763
115,124,0,-35352
115,137,0,-56346
115,141,0,-38558
115,162,0,-93776
115,300,0,-21070
115,347,0,-52043
115,348,0,-42656
116,161,0,-38025
116,204,0,-56594
116,340,0,-31714
116,394,0,-1709
117,170,0,-90853
117,173,0,-47272
117,225,0,-82424
117,312,0,-89060
118,124,0,-90518
118,135,0,-20899
118,182,0,-69626
118,184,0,-38936
118,313,0,-16379
118,369,0,-71897
119,322,0,-87892
119,396,0,-77916
119,397,0,-78000
120,168,0,-26188
120,381,0,-81461
121,142,0,-12434
121,179,0,-40109
121,193,0,-72187
121,229,0,-30958
121,270,0,-50714
121,319,0,-54072
121,344,0,-22859
121,349,0,-60111
121,351,0,-66165
122,202,0,-19205
122,245,0,-59101
122,255,0,-52112
122,323,0,-15551
122,367,0,-19450
122,375,0,-33477
123,194,0,-20127
123,206,0,-98585
123,341,0,-24516
123,369,0,-75867
124,297,0,-92497
124,328,0,-99902
124,333,0,-17580
124,383,0,-62687
125,200,0,-68975
125,342,0,-64246
126,139,0,-72867
126,141,0,-35159
126,198,0,-6183
126,219,0,-92077
126,369,0,-64155
127,164,0,-52653
127,332,0,-77998
127,358,0,-1107
127,365,0,-14814
128,218,0,-8642
128,232,0,-19601
128,251,0,-29985
128,278,0,-44034
128,280,0,-74020
128,396,0,-20570
129,218,0,-4958
129,223,0,-61842
129,273,0,-58331
129,352,0,-2482
129,379,0,-36345
129,381,0,-38828
130,157,0,-49690
130,251,0,-25807
130,290,0,-54499
130,302,0,-71039
131,146,0,-17346
131,158,0,-62237
131,167,0,-24926
131,184,0,-3405
131,186,0,-65643
131,267,0,-43075
131,279,0,-84856
131,315,0,-97481
132,210,0,-10161
132,255,0,-61724
132,284,0,-17666
132,309,0,-21820
133,160,0,-84765
133,295,0,-16756
133,312,0,-59244
133,351,0,-46227
134,261,0,-59102
134,287,0,-9324
134,333,0,-20923
134,375,0,-86174
135,211,0,-61478
135,215,0,-29774
135,229,0,-35260
136,163,0,-56648
136,177,0,-34677
136,295,0,-72230
136,349,0,-55744
136,359,0,-28522
137,163,0,-25075
137,288,0,-98942
137,311,0,-63928
137,329,0,-92025
137,351,0,-35453
137,388,0,-46531
138,225,0,-86569
138,237,0,-22729
138,332,0,-69046
138,397,0,-21894
139,175,0,-66892
139,252,0,-64175
139,293,0,-57823
139,307,0,-87889
140,187,0,-10449
140,325,0,-39674
140,358,0,-9662
141,202,0,-62780
141,385,0,-93468
142,261,0,-52701
143,150,0,-70670
143,258,0,-73799
143,291,0,-21068
143,309,0,-55673
144,156,0,-11260
144,237,0,-65678
145,150,0,-75445
145,197,0,-74135
145,291,0,-7885
145,380,0,-32881
145,393,0,-90481
146,277,0,-55799
146,386,0,-24222
146,395,0,-80162
146,397,0,-78520
146,398,0,-35093
147,258,0,-73457
147,375,0,-93627
148,190,0,-84377
148,204,0,-59662
148,263,0,-39404
148,283,0,-60623
148,329,0,-55368
148,398,0,-33711
149,164,0,-11051
149,274,0,-18551
150,202,0,-80539
150,216,0,-67209
150,271,0,-72718
150,333,0,-76678
150,344,0,-85178
150,348,0,-10408
150,374,0,-28202
151,206,0,-71912
151,242,0,-64418
151,280,0,-40845
152,367,0,-40359
152,386,0,-65951
153,234,0,-29672
153,265,0,-51016
153,349,0,-26621
153,386,0,-34952
154,202,0,-1749
154,299,0,-24693
154,399,0,-47736
155,283,0,-17893
155,309,0,-49167
155,369,0,-33681
155,392,0,-90729
156,204,0,-44129
156,217,0,-74828
156,251,0,-33750
156,397,0,-12602
157,199,0,-62814
157,243,0,-8133
157,322,0,-83317
157,337,0,-21756
157,376,0,-61040
158,200,0,-53843
158,243,0,-37614
158,366,0,-20537
158,377,0,-7860
159,185,0,-75917
160,205,0,-62333
160,271,0,-77483
160,278,0,-97776
160,291,0,-1089
160,300,0,-47206
160,314,0,-67821
160,351,0,-64040
160,363,0,-48229
161,168,0,-53291
161,216,0,-31026
161,217,0,-72169
161,286,0,-7047
161,354,0,-35976
161,387,0,-4402
162,179,0,-9121
162,196,0,-38123
162,291,0,-25651
162,351,0,-97626
162,385,0,-95290
163,323,0,-94992
163,348,0,-76465
164,229,0,-6515
164,253,0,-58948
164,279,0,-18694
164,333,0,-66110
164,378,0,-58271
165,177,0,-34561
165,233,0,-20530
165,235,0,-10621
165,242,0,-14400
165,303,0,-35230
165,329,0,-79645
165,334,0,-95337
165,398,0,-35873
166,213,0,-99010
166,246,0,-50812
166,276,0,-18145
166,392,0,-10957
167,224,0,-38864
167,228,0,-99704
167,257,0,-83220
167,286,0,-11488
168,216,0,-83237
168,223,0,-30086
168,248,0,-22011
168,262,0,-47334
168,302,0,-48602
168,330,0,-71413
169,217,0,-30156
169,244,0,-15969
169,250,0,-67900
169,258,0,-5751
169,298,0,-6629
169,385,0,-26826
170,258,0,-13264
170,290,0,-72442
170,338,0,-15222
170,349,0,-35076
171,286,0,-96891
171,327,0,-65629
171,386,0,-26500
171,387,0,-95939
172,204,0,-5027
172,242,0,-94433
172,340,0,-37228
172,375,0,-97094
173,183,0,-98801
173,216,0,-59505
173,285,0,-98205
173,367,0,-36398
173,392,0,-30586
174,308,0,-76188
176,181,0,-42247
176,343,0,-55824
176,393,0,-23312
177,184,0,-42100
177,283,0,-67073
177,285,0,-5675
177,348,0,-12966
177,387,0,-47273
178,214,0,-63724
178,234,0,-73285
179,236,0,-40041
179,322,0,-42873
179,366,0,-67918
179,383,0,-30320
180,264,0,-83129
180,359,0,-76665
181,185,0,-77090
181,247,0,-7929
181,259,0,-40736
181,265,0,-96384
181,278,0,-43614
181,287,0,-2672
181,295,0,-67363
181,329,0,-46240
181,330,0,-82842
181,396,0,-5657
182,240,0,-79324
182,275,0,-19950
182,370,0,-627
183,191,0,-64267
183,219,0,-10826
183,389,0,-72703
184,239,0,-67024
184,315,0,-71436
185,253,0,-9995
185,373,0,-92169
186,230,0,-96809
186,275,0,-44503
187,193,0,-19704
187,323,0,-96968
188,218,0,-23137
188,256,0,-30366
188,273,0,-85799
188,348,0,-45578
188,363,0,-65983
189,195,0,-52827
189,202,0,-34808
189,205,0,-46388
189,296,0,-26581
190,238,0,-23212
190,245,0,-83889
190,366,0,-84796
191,247,0,-12890
191,272,0,-96675
191,349,0,-21986
192,221,0,-13864
192,309,0,-83299
192,399,0,-19838
193,296,0,-39004
193,371,0,-4108
194,225,0,-7676
194,315,0,-89205
194,351,0,-49374
194,365,0,-67056
194,369,0,-49310
195,246,0,-14743
195,316,0,-70401
195,342,0,-21183
195,393,0,-44835
197,255,0,-70654
198,236,0,-29361
198,327,0,-51470
198,343,0,-89370
198,355,0,-70480
199,224,0,-69016
199,286,0,-13993
199,370,0,-47526
199,390,0,-26921
200,330,0,-23358
201,283,0,-2962
201,312,0,-26477
201,372,0,-74096
202,227,0,-25944
202,245,0,-76730
202,263,0,-83868
202,381,0,-6170
203,234,0,-19118
203,297,0,-55363
203,351,0,-79207
203,357,0,-95941
203,399,0,-39528
204,267,0,-74708
204,338,0,-4046
204,363,0,-59288
205,212,0,-88085
205,306,0,-5221
206,302,0,-98618
206,377,0,-28231
206,393,0,-45080
207,244,0,-69011
207,283,0,-1338
207,354,0,-44650
208,251,0,-73880
208,272,0,-47106
208,277,0,-13689
208,279,0,-87569
208,375,0,-32063
209,252,0,-37920
209,283,0,-91851
209,289,0,-76706
209,343,0,-44708
209,381,0,-81704
210,215,0,-31041
210,248,0,-87519
210,257,0,-5749
210,354,0,-13886
210,388,0,-22665
211,258,0,-449
211,297,0,-90157
212,271,0,-85238
212,285,0,-92035
212,308,0,-58371
212,317,0,-64635
212,349,0,-75710
213,254,0,-87462
213,279,0,-75480
213,317,0,-21476
213,342,0,-87760
213,386,0,-87781
214,256,0,-70719
214,260,0,-35956
215,245,0,-23148
215,272,0,-29113
215,375,0,-57292
215,396,0,-52332
215,398,0,-63644
216,233,0,-52805
216,251,0,-25370
216,258,0,-16458
216,315,0,-5824
216,318,0,-73139
216,380,0,-46022
216,400,0,-69661
217,305,0,-9990
217,337,0,-46548
217,345,0,-38908
217,393,0,-11427
218,219,0,-3167
218,223,0,-20535
218,227,0,-72914
218,232,0,-12750
218,327,0,-70215
218,330,0,-28875
219,351,0,-23705
220,271,0,-49362
220,289,0,-34203
220,313,0,-27822
220,396,0,-74713
221,222,0,-58996
221,292,0,-65969
221,372,0,-73514
221,373,0,-39702
222,227,0,-9167
222,257,0,-87393
222,270,0,-86133
223,270,0,-18987
223,355,0,-84121
223,369,0,-14830
224,294,0,-71398
224,312,0,-42023
224,313,0,-77167
225,269,0,-29058
225,284,0,-97184
225,398,0,-64242
226,260,0,-80424
226,282,0,-16152
226,313,0,-39075
226,316,0,-15890
226,331,0,-41867
226,390,0,-47304
227,282,0,-50020
227,346,0,-46252
228,258,0,-93251
228,359,0,-65831
228,364,0,-16770
229,290,0,-97035
231,388,0,-96111
232,293,0,-3977
232,317,0,-59889
232,379,0,-25319
232,387,0,-92285
233,300,0,-44348
233,313,0,-69229
233,338,0,-7007
234,314,0,-11939
234,326,0,-28307
234,386,0,-46605
235,253,0,-6852
235,359,0,-87323
235,378,0,-82397
236,309,0,-88965
236,327,0,-43310
236,344,0,-60072
237,395,0,-44178
238,327,0,-10974
238,388,0,-93924
240,307,0,-50719
241,249,0,-6192
241,321,0,-48286
242,317,0,-25663
242,391,0,-48405
243,254,0,-10827
243,299,0,-46975
243,343,0,-6045
244,254,0,-32687
244,284,0,-2302
244,291,0,-68577
244,298,0,-51019
244,337,0,-57144
244,346,0,-5474
245,321,0,-1217
246,274,0,-32831
246,298,0,-69636
247,325,0,-70247
248,274,0,-81984
249,317,0,-25479
249,349,0,-22798
250,255,0,-96360
250,347,0,-56944
250,396,0,-36201
251,281,0,-59282
251,293,0,-28764
251,340,0,-24289
253,299,0,-6703
253,380,0,-449
254,395,0,-78458
255,321,0,-55771
255,322,0,-52513
256,325,0,-47862
256,333,0,-33004
256,348,0,-10521
256,382,0,-86879
256,392,0,-5603
257,275,0,-92078
257,281,0,-97060
257,297,0,-35600
257,339,0,-53044
257,349,0,-11646
258,367,0,-20420
258,368,0,-84567
258,378,0,-79061
259,320,0,-22586
259,381,0,-81131
260,380,0,-5909
261,302,0,-96316
261,365,0,-16019
262,394,0,-58721
263,293,0,-25487
263,297,0,-98013
263,339,0,-54817
263,354,0,-78186
264,349,0,-92796
265,361,0,-5099
265,384,0,-18053
265,387,0,-35392
265,388,0,-1487
265,394,0,-11458
266,267,0,-44607
266,365,0,-23109
266,369,0,-41258
269,307,0,-30211
269,329,0,-7010
269,366,0,-17866
271,295,0,-1893
271,374,0,-39536
271,375,0,-95264
272,278,0,-34249
272,325,0,-63028
272,347,0,-15123
272,363,0,-67707
273,274,0,-76217
273,331,0,-20647
273,353,0,-5027
274,309,0,-45992
274,360,0,-5627
275,305,0,-23003
276,316,0,-54524
276,364,0,-54313
277,279,0,-94809
277,382,0,-72554
279,397,0,-48289
280,329,0,-97593
281,352,0,-27908
281,365,0,-531
282,390,0,-80762
283,318,0,-15711
284,328,0,-82942
285,369,0,-11532
286,322,0,-28493
288,335,0,-82466
289,329,0,-56110
289,362,0,-33149
289,393,0,-98226
289,394,0,-36191
290,372,0,-50692
291,369,0,-94648
292,300,0,-88603
293,355,0,-45853
295,392,0,-1801
295,400,0,-15758
298,335,0,-82128
299,361,0,-96712
299,370,0,-98339
301,324,0,-19493
301,331,0,-93526
301,382,0,-70977
301,391,0,-2044
301,392,0,-43704
303,389,0,-63935
304,387,0,-10459
305,345,0,-9957
306,378,0,-64971
306,388,0,-57592
307,370,0,-89384
307,371,0,-40763
308,319,0,-12541
308,377,0,-79823
310,378,0,-5876
310,387,0,-5645
313,322,0,-14807
313,383,0,-49287
314,323,0,-58162
314,382,0,-60988
314,386,0,-25344
315,339,0,-28161
315,366,0,-46714
315,368,0,-74875
316,353,0,-43366
316,371,0,-74717
316,386,0,-31265
317,389,0,-99250
319,324,0,-53568
319,369,0,-10443
319,400,0,-16112
321,343,0,-55714
321,371,0,-12308
321,390,0,-11892
325,378,0,-92853
326,356,0,-78409
326,400,0,-33994
328,332,0,-34269
328,379,0,-54610
328,400,0,-91672
329,348,0,-97664
329,389,0,-98825
331,339,0,-71504
332,344,0,-94198
337,352,0,-79052
338,389,0,-40259
339,367,0,-45026
339,392,0,-98332
342,363,0,-70739
342,376,0,-59650
343,385,0,-11307
346,356,0,-82591
346,363,0,-24733
347,376,0,-44169
351,376,0,-42572
356,386,0,-74778
360,367,0,-77857
362,378,0,-10685
367,381,0,-18523
369,392,0,-7482
373,384,0,-42841
377,383,0,-21036
390,398,0,-88428
393,398,0,-20920
266,268,0,-10000000
266,350,0,-10000000
