34,1034,0,9
359,1359,0,5
740,1740,0,3
747,1747,0,7
999,1999,0,3
874,839,0,-8
839,50,0,-6
874,259,0,-9
324,839,0,-7
285,259,0,-3
324,297,0,-9
968,285,0,-9
839,226,0,-2
297,524,0,-1
601,50,0,-8
380,285,0,-3
226,484,0,-10
380,218,0,-3
297,424,0,-3
285,716,0,-3
729,259,0,-6
968,552,0,-10
552,904,0,-5
254,904,0,-2
858,380,0,-2
484,817,0,-9
167,424,0,-2
817,203,0,-8
729,153,0,-6
153,479,0,-10
538,524,0,-8
175,218,0,-6
269,259,0,-7
607,552,0,-4
716,774,0,-9
424,597,0,-6
651,226,0,-6
175,869,0,-7
317,254,0,-6
479,919,0,-5
968,20,0,-6
409,607,0,-6
94,552,0,-8
479,631,0,-6
424,941,0,-7
108,94,0,-4
998,317,0,-1
226,190,0,-7
218,917,0,-8
409,78,0,-6
716,450,0,-4
203,798,0,-7
484,217,0,-10
524,752,0,-5
380,621,0,-6
153,685,0,-3
710,203,0,-8
774,605,0,-8
902,285,0,-3
804,798,0,-3
477,285,0,-5
605,900,0,-10
424,519,0,-7
552,122,0,-10
254,677,0,-8
167,510,0,-3
589,226,0,-7
190,638,0,-9
484,139,0,-3
219,269,0,-1
269,695,0,-1
900,626,0,-3
677,543,0,-10
217,747,0,-7
631,791,0,-4
858,34,0,-2
597,585,0,-6
686,774,0,-8
626,379,0,-5
122,582,0,-1
34,929,0,-1
597,184,0,-2
222,729,0,-2
94,393,0,-4
575,839,0,-7
935,519,0,-3
273,254,0,-5
479,489,0,-9
429,747,0,-10
835,380,0,-4
332,510,0,-9
582,892,0,-3
38,324,0,-1
810,941,0,-5
608,139,0,-3
716,780,0,-5
626,127,0,-10
985,379,0,-2
108,382,0,-10
332,978,0,-4
175,895,0,-3
519,786,0,-2
801,380,0,-2
358,380,0,-4
783,935,0,-9
358,508,0,-3
20,974,0,-1
190,492,0,-6
332,990,0,-5
42,393,0,-5
409,542,0,-1
568,358,0,-3
239,638,0,-7
907,217,0,-2
654,259,0,-9
608,364,0,-3
226,615,0,-8
780,385,0,-10
774,334,0,-8
742,651,0,-9
153,533,0,-1
548,385,0,-9
555,747,0,-3
81,538,0,-6
198,607,0,-1
580,379,0,-8
716,579,0,-5
524,595,0,-1
489,82,0,-7
510,588,0,-7
654,541,0,-6
685,570,0,-2
941,201,0,-10
424,472,0,-6
748,978,0,-3
617,570,0,-9
424,593,0,-8
978,49,0,-4
598,94,0,-9
78,119,0,-9
845,332,0,-10
269,460,0,-8
44,608,0,-5
904,434,0,-2
606,538,0,-6
12,998,0,-8
274,358,0,-6
552,888,0,-3
555,790,0,-8
263,269,0,-10
585,71,0,-9
525,845,0,-1
484,462,0,-2
354,929,0,-2
232,786,0,-7
716,699,0,-5
12,366,0,-1
597,415,0,-3
790,696,0,-6
585,994,0,-6
915,606,0,-7
358,445,0,-5
449,273,0,-8
796,508,0,-4
400,285,0,-7
236,543,0,-4
985,488,0,-3
900,99,0,-4
385,98,0,-3
274,288,0,-9
167,718,0,-7
869,870,0,-7
54,747,0,-9
589,66,0,-7
153,501,0,-10
909,801,0,-2
382,469,0,-6
194,796,0,-3
121,285,0,-2
769,424,0,-4
271,607,0,-4
33,71,0,-5
78,828,0,-2
800,510,0,-3
273,886,0,-10
181,190,0,-5
558,332,0,-6
272,364,0,-3
434,518,0,-6
6,748,0,-3
723,605,0,-6
359,935,0,-4
651,950,0,-7
998,846,0,-7
875,638,0,-2
800,7,0,-7
954,415,0,-9
568,101,0,-10
143,601,0,-5
449,230,0,-6
612,696,0,-3
131,950,0,-6
345,477,0,-10
372,998,0,-4
774,179,0,-2
50,305,0,-2
892,676,0,-8
477,521,0,-2
903,570,0,-5
410,597,0,-9
716,264,0,-9
357,582,0,-8
244,354,0,-3
830,950,0,-2
693,909,0,-10
749,638,0,-10
354,287,0,-5
61,575,0,-2
78,329,0,-9
374,875,0,-1
345,106,0,-10
317,938,0,-8
54,719,0,-9
710,22,0,-5
451,677,0,-4
230,64,0,-4
938,306,0,-2
888,500,0,-10
994,596,0,-10
843,626,0,-3
198,28,0,-8
201,118,0,-6
54,493,0,-1
347,718,0,-8
981,919,0,-8
424,708,0,-3
529,843,0,-7
716,308,0,-5
179,709,0,-9
810,864,0,-3
600,839,0,-3
478,98,0,-4
546,605,0,-4
541,658,0,-9
310,121,0,-6
321,108,0,-2
226,275,0,-4
686,547,0,-5
699,952,0,-10
796,25,0,-7
568,856,0,-10
736,974,0,-2
145,864,0,-3
653,654,0,-8
952,531,0,-1
48,790,0,-10
529,16,0,-7
706,385,0,-4
801,945,0,-3
687,297,0,-2
472,711,0,-2
596,802,0,-3
704,449,0,-10
272,788,0,-2
297,682,0,-5
343,477,0,-9
602,706,0,-6
524,572,0,-4
17,909,0,-3
799,98,0,-6
17,323,0,-7
606,569,0,-4
66,266,0,-7
358,240,0,-5
570,237,0,-9
467,875,0,-10
121,172,0,-1
766,275,0,-3
269,294,0,-2
233,569,0,-6
475,555,0,-2
630,78,0,-2
293,219,0,-8
704,566,0,-5
79,263,0,-10
217,599,0,-6
488,553,0,-2
178,306,0,-5
911,968,0,-8
667,631,0,-7
579,910,0,-10
679,858,0,-6
719,32,0,-10
946,843,0,-5
237,862,0,-5
654,770,0,-10
838,118,0,-10
66,668,0,-5
709,176,0,-1
752,871,0,-2
672,54,0,-6
630,220,0,-7
742,247,0,-4
832,50,0,-2
194,578,0,-9
47,888,0,-10
273,997,0,-3
709,378,0,-2
579,168,0,-2
140,538,0,-9
359,987,0,-5
62,572,0,-10
555,865,0,-5
444,706,0,-1
709,762,0,-7
524,399,0,-6
695,528,0,-3
323,713,0,-9
783,576,0,-5
196,638,0,-4
192,626,0,-3
709,262,0,-6
603,685,0,-4
633,121,0,-6
175,96,0,-6
439,941,0,-4
597,256,0,-10
945,735,0,-8
363,50,0,-10
95,631,0,-5
803,607,0,-9
742,276,0,-9
132,467,0,-4
507,810,0,-2
736,189,0,-7
519,149,0,-8
173,769,0,-7
377,305,0,-3
645,17,0,-9
699,58,0,-7
740,695,0,-10
592,492,0,-6
712,321,0,-1
946,649,0,-8
715,493,0,-5
839,414,0,-9
317,494,0,-2
239,573,0,-2
876,935,0,-9
630,65,0,-4
170,601,0,-3
512,33,0,-4
625,835,0,-2
858,313,0,-1
577,168,0,-9
733,196,0,-3
593,234,0,-5
354,346,0,-3
597,703,0,-4
662,910,0,-1
687,355,0,-6
64,229,0,-7
839,356,0,-5
396,593,0,-4
707,196,0,-2
545,900,0,-9
934,439,0,-7
570,882,0,-1
994,982,0,-3
430,677,0,-7
184,159,0,-1
599,863,0,-6
619,870,0,-3
993,555,0,-6
179,18,0,-2
90,952,0,-8
429,534,0,-8
722,708,0,-2
134,220,0,-6
381,568,0,-7
70,108,0,-2
4,521,0,-8
552,847,0,-10
384,400,0,-5
414,160,0,-2
242,707,0,-8
393,60,0,-7
407,219,0,-7
858,918,0,-3
247,975,0,-7
20,684,0,-5
5,50,0,-10
811,382,0,-9
298,324,0,-10
64,809,0,-4
261,119,0,-5
577,21,0,-4
271,688,0,-1
309,553,0,-10
59,796,0,-4
290,712,0,-2
493,202,0,-9
95,724,0,-2
909,186,0,-3
939,719,0,-5
980,865,0,-10
48,67,0,-4
673,61,0,-9
509,508,0,-2
181,827,0,-8
682,440,0,-7
273,816,0,-8
332,142,0,-10
646,696,0,-4
902,583,0,-4
535,589,0,-4
136,608,0,-9
854,293,0,-3
443,219,0,-10
980,412,0,-5
733,26,0,-8
576,853,0,-2
252,809,0,-1
668,3,0,-3
151,783,0,-4
332,834,0,-9
498,892,0,-1
182,886,0,-2
806,5,0,-5
741,871,0,-9
409,162,0,-8
339,276,0,-7
551,492,0,-10
453,796,0,-7
159,37,0,-7
969,654,0,-8
509,571,0,-5
452,380,0,-8
500,675,0,-6
491,49,0,-9
188,834,0,-2
12,213,0,-7
816,787,0,-8
434,899,0,-3
38,815,0,-4
455,749,0,-5
801,515,0,-5
782,475,0,-9
364,773,0,-9
907,161,0,-10
64,433,0,-1
935,992,0,-9
388,294,0,-1
295,276,0,-3
242,337,0,-10
254,255,0,-7
237,920,0,-1
864,680,0,-6
431,621,0,-9
439,591,0,-7
586,782,0,-8
598,144,0,-6
931,269,0,-6
498,350,0,-5
790,949,0,-5
237,360,0,-10
504,864,0,-6
291,598,0,-10
915,193,0,-3
809,177,0,-6
443,303,0,-3
296,467,0,-2
749,110,0,-5
202,604,0,-10
122,640,0,-9
34,540,0,-4
458,528,0,-9
244,964,0,-6
13,47,0,-3
553,908,0,-7
367,64,0,-10
772,542,0,-9
971,676,0,-5
620,345,0,-10
987,23,0,-10
986,161,0,-3
905,748,0,-7
707,514,0,-7
728,696,0,-2
148,592,0,-3
970,900,0,-2
822,399,0,-3
699,831,0,-4
945,983,0,-1
382,881,0,-5
873,982,0,-3
294,402,0,-1
138,970,0,-5
565,6,0,-4
562,534,0,-4
335,65,0,-8
800,86,0,-9
859,908,0,-10
66,141,0,-7
228,220,0,-7
765,551,0,-3
97,529,0,-6
697,160,0,-7
801,77,0,-4
862,361,0,-6
125,640,0,-8
731,67,0,-7
936,835,0,-4
59,794,0,-1
785,939,0,-5
180,723,0,-3
273,442,0,-10
213,636,0,-3
99,655,0,-1
565,392,0,-1
502,708,0,-6
3,942,0,-6
675,24,0,-1
448,713,0,-3
929,855,0,-1
269,245,0,-5
638,837,0,-10
417,479,0,-7
6,147,0,-9
457,748,0,-8
179,627,0,-2
410,702,0,-3
426,747,0,-4
355,344,0,-4
309,948,0,-8
517,575,0,-6
677,446,0,-7
53,765,0,-2
180,126,0,-6
670,600,0,-1
263,383,0,-10
669,167,0,-10
508,999,0,-8
9,177,0,-10
194,556,0,-10
442,41,0,-2
205,358,0,-8
612,857,0,-8
665,457,0,-4
656,804,0,-1
526,298,0,-1
165,98,0,-9
714,800,0,-1
650,99,0,-9
223,140,0,-8
594,752,0,-1
727,168,0,-5
920,416,0,-9
116,7,0,-6
74,591,0,-3
165,353,0,-5
478,113,0,-8
898,477,0,-9
220,83,0,-1
456,82,0,-8
913,845,0,-2
129,736,0,-6
753,553,0,-9
865,746,0,-10
752,284,0,-2
447,303,0,-5
63,589,0,-7
196,318,0,-4
922,602,0,-5
738,488,0,-4
582,283,0,-7
626,482,0,-3
29,728,0,-9
867,589,0,-1
1000,332,0,-6
347,316,0,-10
721,525,0,-6
308,836,0,-10
204,353,0,-7
20,31,0,-7
702,647,0,-6
473,168,0,-5
528,300,0,-1
447,117,0,-5
583,734,0,-9
879,556,0,-5
948,289,0,-1
61,661,0,-5
424,68,0,-3
350,819,0,-2
998,100,0,-1
197,909,0,-9
412,812,0,-2
157,782,0,-2
877,355,0,-8
309,567,0,-3
310,277,0,-5
618,147,0,-9
675,681,0,-5
748,327,0,-1
720,615,0,-2
685,951,0,-4
760,816,0,-9
55,981,0,-3
816,851,0,-7
229,581,0,-3
82,624,0,-8
351,303,0,-8
611,194,0,-10
920,943,0,-5
410,490,0,-6
603,315,0,-10
526,15,0,-2
170,260,0,-2
737,791,0,-1
869,523,0,-5
898,848,0,-10
204,705,0,-4
681,483,0,-5
888,924,0,-6
464,715,0,-2
331,661,0,-1
411,409,0,-3
717,650,0,-10
938,280,0,-10
107,578,0,-5
768,453,0,-2
870,199,0,-6
597,666,0,-3
422,298,0,-5
686,57,0,-1
709,789,0,-8
820,41,0,-4
748,614,0,-5
480,827,0,-5
260,829,0,-4
142,246,0,-7
336,498,0,-9
791,268,0,-8
882,759,0,-1
201,166,0,-6
209,803,0,-8
571,257,0,-5
522,347,0,-3
125,921,0,-4
114,711,0,-3
433,88,0,-9
965,68,0,-10
565,771,0,-2
554,457,0,-10
413,576,0,-4
158,577,0,-10
129,495,0,-6
479,124,0,-3
775,62,0,-10
282,455,0,-1
969,365,0,-5
915,39,0,-5
301,114,0,-9
509,403,0,-4
579,991,0,-7
840,158,0,-6
893,711,0,-2
61,340,0,-3
553,958,0,-3
416,629,0,-5
584,942,0,-4
320,315,0,-9
386,65,0,-2
827,102,0,-7
839,373,0,-4
957,828,0,-8
29,137,0,-5
823,28,0,-7
754,862,0,-6
926,915,0,-5
894,380,0,-4
852,567,0,-9
39,973,0,-5
93,974,0,-3
10,434,0,-5
960,834,0,-8
80,410,0,-7
398,920,0,-8
279,452,0,-4
410,278,0,-7
953,647,0,-8
833,197,0,-8
850,272,0,-3
349,846,0,-8
352,245,0,-8
422,248,0,-2
766,87,0,-8
932,873,0,-10
610,772,0,-5
903,463,0,-3
636,405,0,-9
410,225,0,-5
154,100,0,-10
850,76,0,-2
76,174,0,-4
419,850,0,-8
588,587,0,-6
375,681,0,-4
208,946,0,-9
838,171,0,-5
297,516,0,-3
736,466,0,-7
58,348,0,-9
370,796,0,-4
740,889,0,-3
737,959,0,-5
470,585,0,-1
40,619,0,-3
940,28,0,-8
683,711,0,-2
143,622,0,-6
333,290,0,-6
155,857,0,-6
133,15,0,-5
292,837,0,-9
396,896,0,-3
427,95,0,-2
14,277,0,-3
744,867,0,-5
933,252,0,-5
73,108,0,-9
386,979,0,-10
550,782,0,-6
644,656,0,-2
928,935,0,-3
861,500,0,-7
806,792,0,-5
930,12,0,-1
500,776,0,-1
440,868,0,-5
866,709,0,-9
844,114,0,-6
981,885,0,-2
923,837,0,-1
115,621,0,-8
271,890,0,-5
824,501,0,-1
906,296,0,-5
961,171,0,-3
468,665,0,-10
903,821,0,-9
804,750,0,-6
961,459,0,-9
51,831,0,-2
140,52,0,-7
927,237,0,-2
826,443,0,-10
91,388,0,-7
238,775,0,-5
852,428,0,-3
256,700,0,-3
402,487,0,-7
758,759,0,-2
587,751,0,-3
53,635,0,-3
105,809,0,-8
527,518,0,-10
419,56,0,-7
38,376,0,-9
281,682,0,-3
146,975,0,-2
416,221,0,-5
121,641,0,-2
345,330,0,-7
898,739,0,-4
640,8,0,-5
460,368,0,-3
258,411,0,-9
791,169,0,-1
924,120,0,-7
359,564,0,-4
914,442,0,-4
996,704,0,-7
109,665,0,-7
965,27,0,-10
232,977,0,-2
841,193,0,-2
231,900,0,-3
89,352,0,-5
267,658,0,-7
983,530,0,-1
12,761,0,-9
253,157,0,-5
152,661,0,-6
226,111,0,-5
75,276,0,-3
532,948,0,-9
880,523,0,-8
565,307,0,-8
118,632,0,-1
989,56,0,-5
102,328,0,-3
210,591,0,-2
869,250,0,-3
444,642,0,-2
881,235,0,-6
524,764,0,-4
842,926,0,-1
974,387,0,-3
395,968,0,-2
45,753,0,-9
652,954,0,-9
520,719,0,-7
963,620,0,-8
878,837,0,-3
779,716,0,-3
33,423,0,-4
239,962,0,-8
702,988,0,-3
320,325,0,-8
907,634,0,-8
797,306,0,-2
949,441,0,-9
989,814,0,-7
112,713,0,-4
546,872,0,-1
302,64,0,-2
205,84,0,-6
194,813,0,-2
536,713,0,-2
49,616,0,-4
827,506,0,-8
295,224,0,-6
725,871,0,-9
441,944,0,-5
215,57,0,-10
135,736,0,-6
299,828,0,-9
505,381,0,-5
657,281,0,-2
311,919,0,-6
249,552,0,-1
593,19,0,-5
160,200,0,-6
729,454,0,-7
930,560,0,-2
808,415,0,-4
517,408,0,-9
910,183,0,-2
972,676,0,-6
21,671,0,-2
342,38,0,-6
314,670,0,-6
497,261,0,-10
544,208,0,-3
371,839,0,-1
694,248,0,-7
701,107,0,-4
130,454,0,-7
525,643,0,-3
113,418,0,-5
122,362,0,-4
947,493,0,-2
976,161,0,-10
103,487,0,-8
36,822,0,-10
274,474,0,-1
866,471,0,-5
691,834,0,-9
678,552,0,-9
470,432,0,-10
164,281,0,-8
549,164,0,-10
189,660,0,-6
243,149,0,-4
421,37,0,-4
745,856,0,-3
328,435,0,-6
825,738,0,-6
297,2,0,-9
683,883,0,-8
399,214,0,-7
237,72,0,-6
958,966,0,-1
607,319,0,-9
131,227,0,-6
111,391,0,-7
623,124,0,-7
657,763,0,-7
433,887,0,-8
832,437,0,-9
213,698,0,-1
767,717,0,-5
995,899,0,-8
778,63,0,-5
766,807,0,-2
46,209,0,-3
964,663,0,-7
975,191,0,-10
593,476,0,-5
847,241,0,-8
406,650,0,-5
762,185,0,-2
211,766,0,-8
496,434,0,-2
404,409,0,-10
815,322,0,-9
883,916,0,-8
574,632,0,-6
286,541,0,-4
461,728,0,-1
849,946,0,-5
683,156,0,-9
987,757,0,-3
13,637,0,-8
973,104,0,-10
465,255,0,-5
937,488,0,-3
78,265,0,-7
511,786,0,-8
292,401,0,-3
150,252,0,-7
304,604,0,-4
123,715,0,-3
425,1000,0,-6
440,639,0,-2
6,818,0,-6
1,615,0,-8
841,206,0,-8
907,648,0,-8
39,369,0,-10
500,743,0,-10
443,690,0,-3
784,61,0,-8
617,559,0,-3
471,216,0,-10
345,557,0,-6
907,503,0,-8
574,659,0,-9
689,66,0,-2
486,791,0,-2
469,793,0,-7
322,956,0,-4
170,481,0,-9
43,277,0,-6
270,368,0,-7
726,213,0,-3
810,609,0,-8
730,993,0,-7
613,286,0,-5
168,925,0,-2
897,725,0,-1
902,891,0,-7
401,436,0,-1
128,964,0,-2
45,955,0,-5
338,553,0,-9
416,755,0,-1
92,858,0,-7
989,795,0,-2
336,326,0,-8
504,912,0,-2
32,628,0,-10
765,394,0,-8
610,537,0,-6
499,27,0,-10
805,364,0,-9
884,43,0,-9
668,563,0,-6
485,652,0,-10
539,788,0,-3
207,805,0,-2
389,17,0,-5
35,330,0,-8
674,852,0,-10
777,259,0,-8
397,869,0,-7
382,664,0,-9
30,385,0,-2
390,462,0,-8
967,871,0,-4
85,382,0,-9
860,332,0,-4
187,310,0,-5
880,901,0,-9
513,975,0,-9
279,163,0,-3
984,832,0,-5
374,11,0,-9
69,310,0,-7
623,756,0,-8
936,561,0,-8
399,438,0,-2
251,346,0,-10
301,732,0,-8
312,732,0,-6
125,781,0,-5
815,420,0,-9
692,349,0,-1
76,341,0,-5
212,420,0,-6
590,899,0,-9
683,195,0,-6
34,655,0,-7
583,423,0,-9
120,261,0,-4
102,964,0,-2
483,231,0,-1
611,624,0,-1
33,378,0,-10
95,677,0,-1
67,747,0,-6
487,581,0,-2
685,133,0,-5
725,372,0,-5
954,764,0,-5
914,43,0,-2
396,38,0,-7
237,82,0,-2
119,621,0,-4
266,519,0,-4
899,396,0,-9
906,242,0,-10
651,424,0,-8
885,84,0,-6
216,583,0,-5
672,85,0,-5
7,805,0,-3
112,799,0,-4
521,817,0,-5
434,956,0,-1
352,513,0,-4
222,275,0,-6
571,773,0,-3
121,475,0,-6
376,572,0,-1
207,184,0,-3
462,376,0,-7
934,167,0,-6
247,155,0,-2
70,157,0,-4
906,264,0,-4
382,223,0,-7
44,83,0,-3
23,248,0,-1
932,111,0,-8
277,245,0,-7
203,484,0,-4
865,96,0,-10
154,997,0,-7
111,976,0,-1
669,861,0,-5
646,909,0,-6
665,428,0,-5
337,142,0,-5
800,746,0,-8
285,655,0,-3
504,629,0,-1
18,434,0,-5
250,64,0,-1
426,361,0,-7
928,297,0,-7
747,568,0,-10
308,154,0,-9
984,526,0,-7
661,803,0,-5
411,204,0,-5
380,442,0,-2
457,433,0,-2
552,416,0,-6
559,567,0,-3
775,505,0,-9
320,124,0,-4
5,997,0,-10
59,18,0,-9
646,767,0,-9
144,108,0,-10
870,622,0,-5
487,966,0,-7
412,319,0,-10
330,229,0,-10
817,213,0,-4
979,611,0,-3
218,119,0,-9
590,746,0,-2
267,729,0,-2
913,591,0,-1
676,669,0,-10
31,406,0,-3
553,965,0,-1
27,84,0,-3
428,635,0,-4
552,490,0,-3
912,429,0,-6
905,795,0,-6
780,879,0,-1
400,469,0,-6
152,826,0,-4
65,262,0,-6
989,142,0,-2
409,407,0,-5
317,27,0,-7
187,526,0,-9
771,924,0,-8
456,861,0,-4
425,202,0,-7
987,297,0,-8
548,553,0,-2
878,110,0,-3
502,513,0,-10
358,39,0,-1
907,623,0,-4
407,593,0,-4
842,70,0,-4
63,724,0,-8
364,993,0,-7
139,916,0,-5
844,821,0,-6
604,301,0,-9
739,607,0,-6
127,245,0,-3
327,87,0,-2
769,184,0,-1
173,338,0,-2
592,48,0,-10
85,154,0,-3
720,259,0,-4
146,601,0,-9
42,563,0,-5
192,771,0,-2
749,192,0,-6
666,156,0,-5
623,928,0,-8
537,813,0,-1
476,357,0,-2
468,634,0,-6
20,274,0,-7
908,391,0,-2
485,626,0,-5
537,21,0,-2
581,345,0,-1
137,263,0,-1
193,27,0,-8
7,643,0,-1
972,51,0,-6
147,746,0,-10
974,5,0,-4
657,741,0,-10
582,56,0,-4
833,971,0,-3
857,362,0,-1
296,258,0,-2
591,876,0,-8
370,198,0,-9
924,177,0,-7
693,250,0,-1
800,332,0,-7
679,113,0,-9
152,773,0,-7
903,622,0,-8
38,610,0,-10
220,111,0,-9
904,683,0,-1
389,752,0,-4
597,48,0,-3
30,276,0,-1
550,152,0,-10
950,730,0,-5
369,164,0,-1
62,283,0,-8
402,860,0,-9
695,146,0,-8
131,79,0,-7
419,100,0,-2
879,913,0,-1
97,26,0,-8
98,444,0,-10
238,18,0,-1
872,640,0,-9
95,862,0,-6
8,85,0,-1
977,105,0,-5
776,268,0,-1
448,929,0,-5
543,125,0,-3
968,131,0,-5
641,71,0,-9
711,937,0,-6
118,239,0,-5
640,980,0,-7
7,152,0,-1
626,422,0,-2
468,280,0,-1
281,520,0,-7
932,691,0,-5
153,487,0,-10
923,973,0,-5
966,198,0,-2
840,502,0,-5
234,54,0,-4
996,64,0,-1
958,823,0,-6
266,235,0,-5
593,696,0,-5
316,540,0,-6
1,59,0,-10
493,860,0,-8
963,394,0,-9
924,873,0,-4
221,268,0,-8
188,513,0,-10
142,20,0,-3
565,5,0,-2
463,164,0,-10
129,826,0,-4
810,451,0,-5
257,792,0,-4
700,969,0,-3
480,858,0,-4
416,517,0,-9
923,194,0,-1
371,751,0,-5
965,407,0,-5
184,524,0,-5
205,646,0,-1
237,738,0,-7
969,200,0,-10
989,33,0,-7
137,237,0,-8
337,481,0,-2
755,102,0,-8
124,644,0,-8
800,599,0,-9
132,908,0,-6
514,606,0,-7
500,453,0,-9
431,489,0,-3
850,1000,0,-8
249,346,0,-6
400,2,0,-8
979,992,0,-10
708,701,0,-9
942,32,0,-10
248,282,0,-3
416,965,0,-7
205,931,0,-6
184,963,0,-10
994,669,0,-2
159,11,0,-1
373,372,0,-4
423,67,0,-3
433,546,0,-10
972,839,0,-5
109,983,0,-4
933,337,0,-5
231,441,0,-6
222,743,0,-9
869,632,0,-9
231,629,0,-6
498,340,0,-5
286,154,0,-6
555,443,0,-4
178,253,0,-3
820,762,0,-8
313,353,0,-4
968,813,0,-3
794,820,0,-4
612,273,0,-1
77,538,0,-5
198,573,0,-9
762,704,0,-6
77,472,0,-1
962,327,0,-9
616,757,0,-2
624,604,0,-3
899,694,0,-7
401,591,0,-4
268,287,0,-9
368,421,0,-1
855,506,0,-2
778,132,0,-10
359,606,0,-8
972,463,0,-5
810,741,0,-4
552,500,0,-9
949,994,0,-3
727,508,0,-2
956,701,0,-9
343,135,0,-5
867,462,0,-5
944,874,0,-9
905,121,0,-8
189,530,0,-3
196,561,0,-7
798,251,0,-1
303,497,0,-8
882,259,0,-9
473,322,0,-8
349,235,0,-8
296,962,0,-9
161,245,0,-6
133,143,0,-3
646,44,0,-10
674,607,0,-4
965,598,0,-8
848,730,0,-1
664,754,0,-7
168,183,0,-5
402,583,0,-8
429,947,0,-3
761,337,0,-5
506,610,0,-9
654,115,0,-4
312,276,0,-4
321,879,0,-4
15,520,0,-4
836,401,0,-9
500,9,0,-9
84,624,0,-9
98,950,0,-7
446,505,0,-8
714,355,0,-2
846,993,0,-3
624,667,0,-3
402,642,0,-9
886,669,0,-8
259,667,0,-5
483,954,0,-8
799,498,0,-4
447,561,0,-6
478,376,0,-3
344,986,0,-2
102,973,0,-3
834,663,0,-8
436,570,0,-10
284,282,0,-6
164,68,0,-6
663,473,0,-9
867,798,0,-8
89,410,0,-6
696,885,0,-7
628,413,0,-8
879,98,0,-6
403,195,0,-5
637,287,0,-8
482,605,0,-3
843,950,0,-4
7,434,0,-7
672,193,0,-3
539,997,0,-3
294,237,0,-2
759,131,0,-3
769,454,0,-10
334,268,0,-6
696,337,0,-10
400,889,0,-5
753,322,0,-7
218,149,0,-6
793,107,0,-1
684,385,0,-10
38,39,0,-6
759,79,0,-8
318,247,0,-1
636,238,0,-6
527,438,0,-5
764,846,0,-3
228,74,0,-5
405,952,0,-9
621,206,0,-1
399,63,0,-7
300,783,0,-3
385,299,0,-3
447,96,0,-7
494,495,0,-9
841,363,0,-8
534,493,0,-6
556,233,0,-4
8,232,0,-5
194,988,0,-1
684,159,0,-1
140,221,0,-1
988,385,0,-2
805,334,0,-8
853,825,0,-2
82,362,0,-5
783,800,0,-5
243,600,0,-3
944,395,0,-3
154,439,0,-4
895,807,0,-4
550,439,0,-7
593,35,0,-10
892,698,0,-4
545,264,0,-8
554,489,0,-3
174,437,0,-5
963,555,0,-3
979,342,0,-1
865,223,0,-1
126,527,0,-6
319,734,0,-6
735,251,0,-10
646,482,0,-7
816,298,0,-8
598,768,0,-2
889,266,0,-5
79,928,0,-7
195,82,0,-7
799,898,0,-1
767,285,0,-2
950,16,0,-8
779,983,0,-6
384,119,0,-8
270,86,0,-5
541,551,0,-2
39,352,0,-8
922,491,0,-3
958,524,0,-10
42,947,0,-8
636,521,0,-2
77,717,0,-6
85,961,0,-1
188,704,0,-10
237,202,0,-2
947,506,0,-3
82,54,0,-7
280,844,0,-8
386,912,0,-5
31,424,0,-4
398,60,0,-3
146,117,0,-3
585,937,0,-1
897,2,0,-4
533,436,0,-9
1000,234,0,-3
833,169,0,-5
110,984,0,-3
361,887,0,-10
113,387,0,-7
2,666,0,-6
129,104,0,-3
142,10,0,-7
519,498,0,-6
293,207,0,-6
651,994,0,-7
797,182,0,-10
714,330,0,-1
242,951,0,-7
796,122,0,-8
902,836,0,-2
964,525,0,-8
246,503,0,-6
80,627,0,-5
512,201,0,-1
54,296,0,-5
96,348,0,-1
643,914,0,-1
143,156,0,-3
279,705,0,-3
473,239,0,-8
670,701,0,-10
343,33,0,-4
368,809,0,-9
816,575,0,-7
317,332,0,-1
175,951,0,-5
767,498,0,-3
362,86,0,-5
462,466,0,-8
963,44,0,-4
985,146,0,-3
621,783,0,-2
693,429,0,-9
955,382,0,-6
138,555,0,-7
253,829,0,-9
483,383,0,-3
595,647,0,-3
733,740,0,-1
482,750,0,-2
691,95,0,-7
30,836,0,-9
263,237,0,-2
54,694,0,-10
207,215,0,-6
28,271,0,-6
470,755,0,-4
736,837,0,-6
602,860,0,-9
854,812,0,-5
698,412,0,-2
838,572,0,-7
568,901,0,-4
718,763,0,-6
597,752,0,-2
656,127,0,-1
199,857,0,-8
463,3,0,-3
546,505,0,-2
721,221,0,-5
859,988,0,-7
259,411,0,-4
216,31,0,-1
748,432,0,-3
703,267,0,-2
615,738,0,-5
315,57,0,-6
39,113,0,-9
510,764,0,-6
127,329,0,-6
18,84,0,-9
330,688,0,-1
138,37,0,-6
662,308,0,-3
187,403,0,-2
711,751,0,-9
990,833,0,-5
381,191,0,-7
39,504,0,-10
861,791,0,-4
715,278,0,-6
733,732,0,-7
467,611,0,-2
613,76,0,-2
987,468,0,-10
848,114,0,-9
85,791,0,-5
525,976,0,-8
558,445,0,-10
274,180,0,-8
967,426,0,-8
925,30,0,-6
523,916,0,-9
345,939,0,-3
964,659,0,-7
736,651,0,-5
433,286,0,-8
539,506,0,-2
707,733,0,-4
603,369,0,-7
825,695,0,-5
632,253,0,-8
529,781,0,-5
498,898,0,-5
115,478,0,-7
313,264,0,-5
537,933,0,-6
491,518,0,-6
526,6,0,-1
997,212,0,-5
155,356,0,-4
3,892,0,-8
567,3,0,-1
983,102,0,-7
152,615,0,-8
66,543,0,-5
178,493,0,-2
820,529,0,-1
395,423,0,-8
334,54,0,-8
358,510,0,-6
996,548,0,-3
475,52,0,-1
389,241,0,-4
59,904,0,-1
894,967,0,-2
382,577,0,-9
851,48,0,-7
553,278,0,-7
829,994,0,-1
465,296,0,-2
577,927,0,-8
929,606,0,-2
982,261,0,-7
980,509,0,-5
579,535,0,-1
769,857,0,-6
758,78,0,-5
182,22,0,-10
938,626,0,-4
636,442,0,-6
775,596,0,-7
718,788,0,-7
858,139,0,-5
171,59,0,-9
60,668,0,-10
279,792,0,-8
910,229,0,-2
370,69,0,-7
352,583,0,-2
225,324,0,-10
543,154,0,-10
908,709,0,-8
716,311,0,-2
76,3,0,-4
13,551,0,-10
903,719,0,-7
205,172,0,-1
187,168,0,-5
181,285,0,-1
786,391,0,-5
222,273,0,-3
23,585,0,-9
272,320,0,-8
263,224,0,-9
54,976,0,-6
779,607,0,-10
919,61,0,-4
968,420,0,-7
854,195,0,-2
533,357,0,-7
898,780,0,-5
95,181,0,-9
902,220,0,-9
46,975,0,-9
261,559,0,-6
50,345,0,-5
504,905,0,-4
97,959,0,-1
496,885,0,-8
336,292,0,-3
169,859,0,-10
936,138,0,-5
359,688,0,-6
78,543,0,-2
180,65,0,-4
32,430,0,-3
663,17,0,-9
847,214,0,-1
275,339,0,-3
423,319,0,-10
178,515,0,-10
895,762,0,-2
301,124,0,-6
348,720,0,-2
568,668,0,-10
312,640,0,-7
615,86,0,-8
645,756,0,-7
640,986,0,-1
686,9,0,-5
137,412,0,-10
957,835,0,-8
945,758,0,-1
953,882,0,-9
676,17,0,-9
995,596,0,-5
796,872,0,-8
633,708,0,-1
32,255,0,-1
807,800,0,-10
897,992,0,-4
537,893,0,-6
899,155,0,-10
788,535,0,-2
74,903,0,-6
341,834,0,-5
520,620,0,-5
506,258,0,-7
41,159,0,-10
638,436,0,-3
888,956,0,-6
432,861,0,-9
841,772,0,-5
1,532,0,-5
977,75,0,-10
634,275,0,-1
695,268,0,-3
290,17,0,-3
723,975,0,-5
952,915,0,-7
790,56,0,-2
210,741,0,-7
176,744,0,-10
158,809,0,-6
193,116,0,-4
920,259,0,-2
359,237,0,-5
282,399,0,-2
54,105,0,-1
983,406,0,-6
902,451,0,-2
230,295,0,-10
885,200,0,-6
848,523,0,-3
482,16,0,-7
872,533,0,-10
537,550,0,-3
651,103,0,-4
743,403,0,-4
164,923,0,-7
949,763,0,-10
658,875,0,-4
713,653,0,-9
29,763,0,-3
547,314,0,-5
221,256,0,-10
231,510,0,-6
458,463,0,-3
901,378,0,-9
400,938,0,-2
651,660,0,-4
763,528,0,-3
645,898,0,-3
179,576,0,-4
698,869,0,-10
498,835,0,-4
509,589,0,-3
837,651,0,-3
27,542,0,-5
7,538,0,-2
527,166,0,-7
860,961,0,-4
537,917,0,-6
941,161,0,-1
796,971,0,-1
858,666,0,-7
97,597,0,-5
747,87,0,-4
780,1000,0,-1
143,833,0,-10
985,437,0,-2
733,639,0,-10
933,382,0,-7
689,862,0,-5
423,447,0,-8
879,106,0,-10
508,921,0,-2
644,707,0,-3
121,852,0,-4
380,344,0,-10
19,219,0,-6
679,398,0,-6
314,76,0,-1
565,992,0,-6
147,119,0,-9
450,777,0,-2
474,142,0,-8
286,947,0,-4
104,195,0,-10
224,730,0,-1
452,923,0,-9
386,671,0,-5
149,363,0,-9
100,408,0,-7
423,241,0,-9
848,322,0,-10
289,426,0,-1
748,202,0,-6
603,855,0,-2
786,940,0,-1
770,825,0,-5
662,626,0,-4
536,907,0,-6
503,173,0,-3
334,548,0,-10
740,96,0,-8
828,834,0,-3
73,811,0,-4
885,142,0,-5
628,60,0,-4
64,839,0,-8
10,41,0,-4
915,165,0,-8
414,433,0,-6
222,672,0,-1
718,396,0,-3
486,852,0,-7
790,264,0,-6
977,201,0,-4
6,439,0,-3
521,53,0,-9
905,359,0,-9
988,453,0,-3
679,825,0,-6
463,881,0,-8
334,930,0,-7
259,735,0,-7
229,377,0,-5
991,389,0,-10
752,609,0,-8
497,62,0,-2
217,746,0,-1
313,818,0,-3
121,246,0,-10
625,288,0,-3
792,140,0,-9
715,685,0,-8
970,321,0,-9
23,701,0,-4
371,535,0,-6
198,428,0,-5
884,373,0,-9
785,509,0,-10
42,830,0,-2
635,137,0,-4
35,944,0,-4
69,600,0,-6
122,812,0,-8
952,399,0,-9
62,801,0,-2
19,505,0,-2
973,18,0,-9
384,713,0,-6
921,480,0,-9
663,324,0,-1
879,451,0,-3
280,24,0,-9
835,392,0,-1
403,217,0,-1
212,38,0,-7
582,190,0,-8
980,385,0,-7
520,871,0,-5
542,93,0,-5
792,690,0,-6
573,974,0,-1
915,358,0,-9
995,685,0,-8
907,675,0,-2
922,553,0,-1
745,909,0,-10
822,392,0,-7
683,153,0,-1
126,65,0,-4
1000,560,0,-2
586,619,0,-3
317,201,0,-9
530,91,0,-8
89,453,0,-2
395,105,0,-6
862,263,0,-4
446,843,0,-3
321,137,0,-4
702,329,0,-3
207,272,0,-8
632,186,0,-10
862,275,0,-8
609,980,0,-6
23,839,0,-3
932,495,0,-10
598,744,0,-10
642,501,0,-4
660,82,0,-7
431,972,0,-5
951,419,0,-9
939,379,0,-9
356,655,0,-2
37,210,0,-8
432,412,0,-2
402,737,0,-4
943,203,0,-6
637,2,0,-10
760,554,0,-6
484,208,0,-1
309,780,0,-10
431,776,0,-8
219,298,0,-9
558,641,0,-10
113,919,0,-9
704,322,0,-10
411,996,0,-2
657,813,0,-4
737,314,0,-3
375,567,0,-9
974,191,0,-9
441,699,0,-9
844,401,0,-8
757,45,0,-6
865,463,0,-10
89,169,0,-4
251,752,0,-6
16,406,0,-10
530,430,0,-8
869,266,0,-4
892,411,0,-6
960,99,0,-7
994,871,0,-8
361,261,0,-1
78,200,0,-5
162,629,0,-8
77,995,0,-8
329,996,0,-9
66,396,0,-2
234,760,0,-7
475,635,0,-7
191,1,0,-2
679,275,0,-9
224,681,0,-7
192,603,0,-10
71,347,0,-4
533,627,0,-8
417,564,0,-4
943,205,0,-8
6,617,0,-6
787,357,0,-2
819,124,0,-3
502,580,0,-1
125,765,0,-4
790,73,0,-10
772,993,0,-10
953,355,0,-9
359,538,0,-1
955,701,0,-10
543,91,0,-10
288,353,0,-5
301,679,0,-6
342,581,0,-1
578,73,0,-10
375,533,0,-7
768,48,0,-7
418,462,0,-3
35,636,0,-3
991,981,0,-2
661,259,0,-8
956,818,0,-3
988,427,0,-2
18,961,0,-9
280,368,0,-1
924,884,0,-6
765,974,0,-7
293,336,0,-8
17,820,0,-6
206,895,0,-8
451,999,0,-8
598,204,0,-10
459,309,0,-6
151,661,0,-3
817,253,0,-6
372,416,0,-8
663,843,0,-2
115,728,0,-2
664,310,0,-1
635,558,0,-5
438,315,0,-8
444,959,0,-3
525,291,0,-3
894,678,0,-1
867,743,0,-3
835,905,0,-7
392,29,0,-5
380,892,0,-1
336,393,0,-4
822,585,0,-10
901,628,0,-2
465,416,0,-3
558,869,0,-3
588,216,0,-2
409,544,0,-6
617,462,0,-1
542,395,0,-4
527,514,0,-1
610,259,0,-3
492,855,0,-9
218,625,0,-5
513,986,0,-8
427,385,0,-4
954,741,0,-4
257,43,0,-6
913,239,0,-7
615,599,0,-6
809,33,0,-2
139,195,0,-5
595,936,0,-7
79,514,0,-3
207,448,0,-6
154,265,0,-1
12,377,0,-7
640,491,0,-6
905,429,0,-6
19,37,0,-1
502,581,0,-6
842,873,0,-8
496,737,0,-5
146,646,0,-4
879,480,0,-9
263,504,0,-10
226,941,0,-8
306,115,0,-10
967,6,0,-8
262,69,0,-4
909,886,0,-7
974,179,0,-5
649,204,0,-5
678,274,0,-2
795,971,0,-8
719,807,0,-5
228,352,0,-2
902,628,0,-1
34,711,0,-1
759,207,0,-8
407,114,0,-4
720,235,0,-3
358,90,0,-5
322,101,0,-5
272,173,0,-1
395,829,0,-9
803,235,0,-5
893,485,0,-1
81,364,0,-7
602,329,0,-5
179,940,0,-9
895,411,0,-10
775,501,0,-5
387,391,0,-7
691,377,0,-6
536,603,0,-10
50,69,0,-9
995,337,0,-10
892,148,0,-7
343,791,0,-10
494,279,0,-6
248,795,0,-2
316,654,0,-6
861,443,0,-4
803,139,0,-9
711,584,0,-8
756,605,0,-10
93,263,0,-8
345,594,0,-8
569,357,0,-8
751,377,0,-4
532,687,0,-6
115,93,0,-10
634,176,0,-5
188,946,0,-5
895,576,0,-5
880,982,0,-1
879,518,0,-9
890,408,0,-6
154,986,0,-8
579,146,0,-9
337,229,0,-6
553,221,0,-7
231,892,0,-3
350,218,0,-6
458,159,0,-9
392,963,0,-9
726,601,0,-9
622,473,0,-9
876,612,0,-9
375,826,0,-3
970,246,0,-4
71,695,0,-3
794,63,0,-4
110,568,0,-4
14,759,0,-5
854,382,0,-9
365,976,0,-10
363,33,0,-1
297,72,0,-4
9,945,0,-3
971,689,0,-7
206,684,0,-2
720,898,0,-6
283,9,0,-6
201,690,0,-9
26,164,0,-5
778,153,0,-2
782,626,0,-3
825,900,0,-5
561,457,0,-5
882,88,0,-7
762,674,0,-5
664,340,0,-8
117,734,0,-2
762,499,0,-7
623,589,0,-10
892,831,0,-4
619,693,0,-1
182,136,0,-8
959,175,0,-8
105,557,0,-3
725,818,0,-9
378,948,0,-6
379,616,0,-10
950,780,0,-2
484,389,0,-3
624,244,0,-2
210,68,0,-6
42,201,0,-8
584,455,0,-2
15,683,0,-6
232,999,0,-8
411,811,0,-9
835,17,0,-3
560,530,0,-10
817,377,0,-3
231,309,0,-2
997,72,0,-1
436,416,0,-6
603,339,0,-6
845,735,0,-5
179,225,0,-8
60,352,0,-5
658,205,0,-8
148,703,0,-6
746,714,0,-7
589,621,0,-7
545,758,0,-6
615,148,0,-4
966,772,0,-4
386,82,0,-7
423,340,0,-10
281,813,0,-7
476,281,0,-4
685,17,0,-1
974,211,0,-1
877,439,0,-1
263,215,0,-8
621,828,0,-10
352,251,0,-2
276,990,0,-7
230,52,0,-5
254,377,0,-5
187,624,0,-3
160,991,0,-5
968,248,0,-6
492,566,0,-5
55,731,0,-5
192,494,0,-10
200,412,0,-5
675,798,0,-7
380,324,0,-7
246,205,0,-2
949,577,0,-5
968,261,0,-3
785,983,0,-5
11,310,0,-9
191,39,0,-10
57,727,0,-1
262,543,0,-9
304,601,0,-7
39,834,0,-9
484,761,0,-6
504,92,0,-7
1,123,0,-9
931,698,0,-9
373,302,0,-2
364,736,0,-2
966,889,0,-9
467,254,0,-6
393,599,0,-7
140,582,0,-6
688,983,0,-8
43,367,0,-8
388,1,0,-1
252,47,0,-9
519,742,0,-1
103,730,0,-6
785,322,0,-3
606,152,0,-5
879,609,0,-6
387,589,0,-8
208,121,0,-9
642,445,0,-5
400,962,0,-7
783,317,0,-1
836,548,0,-2
496,732,0,-8
603,771,0,-2
411,721,0,-4
146,255,0,-6
265,891,0,-1
873,745,0,-9
45,402,0,-8
582,682,0,-1
800,597,0,-8
760,814,0,-4
276,226,0,-7
137,737,0,-6
342,380,0,-6
54,12,0,-1
745,463,0,-3
347,76,0,-9
544,592,0,-9
936,149,0,-7
723,145,0,-4
89,932,0,-9
661,727,0,-2
402,18,0,-6
309,732,0,-9
4,375,0,-9
958,390,0,-4
43,411,0,-9
25,619,0,-5
294,277,0,-4
504,733,0,-1
314,950,0,-6
804,50,0,-9
818,902,0,-1
595,225,0,-3
333,995,0,-2
799,590,0,-7
444,138,0,-4
45,666,0,-6
654,762,0,-10
522,810,0,-10
866,163,0,-2
755,704,0,-2
800,792,0,-6
93,750,0,-1
823,846,0,-10
340,951,0,-1
854,179,0,-9
449,142,0,-6
809,867,0,-7
637,54,0,-8
114,226,0,-3
855,368,0,-4
847,674,0,-4
675,550,0,-9
626,660,0,-6
774,337,0,-7
292,379,0,-3
853,552,0,-6
962,51,0,-6
756,788,0,-9
457,51,0,-6
776,737,0,-8
404,991,0,-4
492,2,0,-8
307,79,0,-6
209,935,0,-9
40,881,0,-1
300,188,0,-5
705,977,0,-7
272,755,0,-1
288,304,0,-1
200,571,0,-1
560,845,0,-4
160,188,0,-3
916,52,0,-8
263,637,0,-10
429,383,0,-3
796,372,0,-3
578,467,0,-1
351,485,0,-5
237,717,0,-4
856,415,0,-3
611,174,0,-10
716,506,0,-5
51,95,0,-7
265,361,0,-7
898,126,0,-6
496,788,0,-3
489,782,0,-2
424,371,0,-5
980,596,0,-1
241,3,0,-5
287,80,0,-1
89,689,0,-3
477,130,0,-2
469,799,0,-6
561,394,0,-10
934,760,0,-10
831,33,0,-6
417,866,0,-8
969,847,0,-2
484,513,0,-9
314,599,0,-10
18,201,0,-8
699,97,0,-7
435,550,0,-6
212,710,0,-8
255,196,0,-8
197,115,0,-3
536,28,0,-8
764,638,0,-7
2,72,0,-4
778,952,0,-6
526,321,0,-2
415,642,0,-5
977,959,0,-2
666,308,0,-5
309,809,0,-1
506,473,0,-9
109,289,0,-9
73,422,0,-1
101,59,0,-8
985,63,0,-6
397,859,0,-4
310,958,0,-3
33,505,0,-5
908,754,0,-9
930,186,0,-2
675,607,0,-9
241,831,0,-5
363,487,0,-5
109,80,0,-4
277,750,0,-7
298,528,0,-10
466,814,0,-6
270,498,0,-9
743,316,0,-1
657,409,0,-2
813,540,0,-10
811,839,0,-2
772,741,0,-8
175,916,0,-7
314,891,0,-10
724,327,0,-9
140,306,0,-8
653,202,0,-10
880,453,0,-9
300,709,0,-2
473,193,0,-1
310,540,0,-9
722,607,0,-7
856,257,0,-7
937,16,0,-4
279,729,0,-4
849,970,0,-9
28,394,0,-9
948,478,0,-1
317,609,0,-6
28,470,0,-5
706,710,0,-3
868,203,0,-8
153,394,0,-2
580,449,0,-1
578,894,0,-3
953,702,0,-5
130,719,0,-4
668,695,0,-3
893,270,0,-4
9,110,0,-4
366,467,0,-2
530,41,0,-6
18,944,0,-5
452,964,0,-9
526,646,0,-1
729,374,0,-10
252,923,0,-6
800,147,0,-5
978,951,0,-1
933,107,0,-7
816,171,0,-1
899,559,0,-1
625,696,0,-1
894,807,0,-7
698,31,0,-1
983,549,0,-8
755,400,0,-6
815,404,0,-5
840,564,0,-8
546,18,0,-2
939,593,0,-6
709,755,0,-5
972,353,0,-1
103,55,0,-4
180,769,0,-7
905,57,0,-1
949,684,0,-6
470,472,0,-7
433,760,0,-4
739,463,0,-5
903,520,0,-8
937,374,0,-8
136,51,0,-10
470,1,0,-7
775,428,0,-4
502,686,0,-5
38,255,0,-8
543,463,0,-10
10,139,0,-6
540,86,0,-1
302,674,0,-8
748,293,0,-5
506,252,0,-8
417,943,0,-1
211,763,0,-4
254,500,0,-1
564,29,0,-6
556,542,0,-2
930,581,0,-8
846,601,0,-8
854,406,0,-3
484,62,0,-7
374,695,0,-7
155,365,0,-4
602,114,0,-2
37,481,0,-7
529,396,0,-2
886,154,0,-9
841,47,0,-5
890,946,0,-4
452,832,0,-10
792,988,0,-5
961,79,0,-4
184,262,0,-1
904,237,0,-1
616,596,0,-10
643,13,0,-3
556,359,0,-6
232,855,0,-7
973,810,0,-8
34,175,0,-10
303,982,0,-4
74,514,0,-4
864,422,0,-1
458,611,0,-8
527,52,0,-6
888,733,0,-5
418,318,0,-2
746,365,0,-3
697,214,0,-3
774,433,0,-10
916,45,0,-5
203,915,0,-5
365,869,0,-1
777,113,0,-6
897,517,0,-3
150,552,0,-7
294,699,0,-8
573,946,0,-1
292,74,0,-6
821,909,0,-4
887,143,0,-5
495,705,0,-3
345,210,0,-10
88,701,0,-10
539,44,0,-5
75,547,0,-8
343,992,0,-4
93,202,0,-6
97,468,0,-5
170,107,0,-5
758,148,0,-1
526,415,0,-1
390,337,0,-4
243,565,0,-3
759,174,0,-8
30,116,0,-2
318,851,0,-4
115,600,0,-2
600,408,0,-10
428,909,0,-4
228,539,0,-2
560,505,0,-10
263,80,0,-10
324,616,0,-6
281,277,0,-8
202,143,0,-4
990,826,0,-8
485,277,0,-5
73,657,0,-3
585,522,0,-6
660,452,0,-3
765,844,0,-9
341,871,0,-1
715,146,0,-8
128,845,0,-8
519,600,0,-9
680,854,0,-8
384,231,0,-1
894,464,0,-6
142,957,0,-4
7,157,0,-5
927,528,0,-8
211,872,0,-2
58,647,0,-4
972,75,0,-1
378,850,0,-6
878,60,0,-7
888,516,0,-4
603,282,0,-8
286,180,0,-1
521,14,0,-5
360,812,0,-1
667,191,0,-9
360,52,0,-10
590,43,0,-4
539,847,0,-5
157,647,0,-6
838,147,0,-5
411,21,0,-4
62,390,0,-7
75,271,0,-5
745,929,0,-4
304,39,0,-10
87,587,0,-2
518,19,0,-6
414,655,0,-6
598,344,0,-9
691,448,0,-6
743,328,0,-4
528,117,0,-10
814,37,0,-3
379,80,0,-3
203,999,0,-6
84,617,0,-2
467,382,0,-6
412,234,0,-3
943,723,0,-9
52,389,0,-5
112,1,0,-9
951,308,0,-1
633,632,0,-1
533,269,0,-2
22,320,0,-6
671,475,0,-1
965,373,0,-6
315,930,0,-10
222,904,0,-1
27,738,0,-3
175,955,0,-5
255,347,0,-2
664,416,0,-5
830,890,0,-5
769,38,0,-9
402,30,0,-4
770,544,0,-7
882,755,0,-5
824,488,0,-10
859,532,0,-1
158,124,0,-5
385,827,0,-9
732,141,0,-2
561,52,0,-4
330,635,0,-2
381,294,0,-9
350,898,0,-2
239,822,0,-9
944,185,0,-5
63,236,0,-6
87,973,0,-8
495,338,0,-10
730,922,0,-8
212,805,0,-7
393,533,0,-7
56,113,0,-2
387,566,0,-8
827,977,0,-1
79,551,0,-7
654,72,0,-1
214,427,0,-2
185,896,0,-8
272,17,0,-1
676,453,0,-8
585,149,0,-2
786,15,0,-6
977,52,0,-5
613,173,0,-1
743,478,0,-7
941,773,0,-2
137,774,0,-6
612,269,0,-2
69,60,0,-4
992,125,0,-9
749,422,0,-10
60,910,0,-6
685,753,0,-3
523,34,0,-9
648,140,0,-9
525,319,0,-10
994,772,0,-7
298,494,0,-5
585,641,0,-7
507,209,0,-8
768,361,0,-4
459,417,0,-6
476,613,0,-8
963,222,0,-8
359,421,0,-9
720,950,0,-1
367,66,0,-2
500,535,0,-6
413,850,0,-2
382,798,0,-5
722,855,0,-7
252,110,0,-3
352,194,0,-7
169,555,0,-5
791,404,0,-1
938,703,0,-2
413,31,0,-5
669,999,0,-7
717,178,0,-10
379,272,0,-9
82,244,0,-4
934,895,0,-6
56,67,0,-5
50,182,0,-10
429,636,0,-4
174,931,0,-9
700,581,0,-6
156,635,0,-7
769,257,0,-8
981,654,0,-3
847,8,0,-10
644,168,0,-2
869,93,0,-6
881,124,0,-9
526,781,0,-4
619,504,0,-3
869,628,0,-8
908,914,0,-4
812,638,0,-3
423,132,0,-9
477,71,0,-6
105,875,0,-2
791,211,0,-4
362,180,0,-6
699,125,0,-5
289,105,0,-7
820,974,0,-10
505,543,0,-6
291,945,0,-9
885,50,0,-10
695,663,0,-5
375,908,0,-5
757,15,0,-8
216,662,0,-3
967,942,0,-5
698,148,0,-10
660,982,0,-5
289,11,0,-7
461,979,0,-9
975,88,0,-4
280,781,0,-2
958,154,0,-1
665,566,0,-6
659,409,0,-3
572,775,0,-1
572,163,0,-9
272,149,0,-8
525,727,0,-5
458,911,0,-10
988,58,0,-10
78,771,0,-6
769,639,0,-3
836,360,0,-7
489,312,0,-3
470,192,0,-9
927,849,0,-1
328,659,0,-5
5,276,0,-1
758,612,0,-5
342,865,0,-8
475,420,0,-2
521,342,0,-3
143,356,0,-9
202,887,0,-3
495,246,0,-9
127,185,0,-3
559,976,0,-1
770,622,0,-9
217,155,0,-9
384,588,0,-10
259,459,0,-6
29,61,0,-9
671,679,0,-2
97,165,0,-7
708,138,0,-7
221,610,0,-1
60,596,0,-3
915,904,0,-7
132,608,0,-1
702,310,0,-6
414,151,0,-2
117,482,0,-4
390,34,0,-2
752,582,0,-3
621,576,0,-6
245,546,0,-5
292,64,0,-8
737,565,0,-7
533,954,0,-4
836,860,0,-1
292,714,0,-10
973,830,0,-6
376,24,0,-2
201,822,0,-10
714,679,0,-8
242,963,0,-8
269,903,0,-3
72,172,0,-10
227,144,0,-2
862,276,0,-7
834,916,0,-8
912,862,0,-5
898,125,0,-2
155,101,0,-8
682,422,0,-6
976,472,0,-4
329,401,0,-2
892,461,0,-9
358,954,0,-10
865,946,0,-1
397,27,0,-6
589,447,0,-4
597,822,0,-1
662,888,0,-6
714,313,0,-6
33,535,0,-10
767,974,0,-5
246,221,0,-2
281,792,0,-8
754,16,0,-7
794,717,0,-10
242,325,0,-2
230,276,0,-5
32,891,0,-7
62,723,0,-10
425,872,0,-2
670,569,0,-10
708,60,0,-9
386,553,0,-5
33,46,0,-4
555,384,0,-6
823,233,0,-7
688,19,0,-3
172,837,0,-9
190,577,0,-9
697,328,0,-4
510,207,0,-4
740,714,0,-8
700,368,0,-3
795,987,0,-2
405,121,0,-5
881,993,0,-2
327,470,0,-6
867,986,0,-8
632,7,0,-8
774,946,0,-6
591,739,0,-4
367,679,0,-2
748,873,0,-4
597,623,0,-1
353,666,0,-7
478,917,0,-9
704,398,0,-10
288,535,0,-8
241,613,0,-3
443,35,0,-4
937,421,0,-7
560,684,0,-8
689,374,0,-2
528,993,0,-1
695,286,0,-6
44,984,0,-2
153,317,0,-2
240,186,0,-3
240,696,0,-3
811,453,0,-10
619,531,0,-8
790,775,0,-10
189,402,0,-3
589,350,0,-9
694,657,0,-1
50,452,0,-2
403,179,0,-9
882,547,0,-4
24,93,0,-10
833,302,0,-5
762,817,0,-10
322,270,0,-1
338,411,0,-10
835,270,0,-10
310,551,0,-2
880,230,0,-5
38,468,0,-8
475,828,0,-6
262,917,0,-5
222,794,0,-5
16,469,0,-5
424,958,0,-1
211,973,0,-5
909,33,0,-3
183,594,0,-5
460,900,0,-9
924,491,0,-7
738,926,0,-6
516,85,0,-1
327,469,0,-8
372,754,0,-3
890,858,0,-3
415,473,0,-3
780,726,0,-8
827,740,0,-8
535,413,0,-7
877,887,0,-8
320,771,0,-10
683,814,0,-5
658,381,0,-6
996,775,0,-8
460,195,0,-6
173,135,0,-4
184,997,0,-8
710,475,0,-7
933,839,0,-5
670,300,0,-2
293,968,0,-2
279,761,0,-2
69,685,0,-7
721,676,0,-3
877,76,0,-3
776,532,0,-10
803,409,0,-5
455,718,0,-7
940,51,0,-7
275,813,0,-7
137,158,0,-7
527,169,0,-10
105,937,0,-6
62,206,0,-2
611,648,0,-3
886,60,0,-8
817,813,0,-8
154,549,0,-6
414,21,0,-9
963,633,0,-6
222,68,0,-9
861,911,0,-7
383,949,0,-4
763,603,0,-4
710,662,0,-9
814,89,0,-9
546,93,0,-1
783,383,0,-6
848,61,0,-7
597,552,0,-2
297,771,0,-3
867,117,0,-8
508,640,0,-4
267,465,0,-8
145,62,0,-3
542,465,0,-5
809,101,0,-6
979,197,0,-6
609,724,0,-1
901,354,0,-8
723,304,0,-3
694,748,0,-1
792,363,0,-8
914,318,0,-3
308,206,0,-2
592,347,0,-4
898,37,0,-2
446,986,0,-3
431,517,0,-10
896,139,0,-4
119,720,0,-6
262,899,0,-6
53,135,0,-4
102,185,0,-10
569,82,0,-4
715,575,0,-3
693,198,0,-10
225,117,0,-1
966,383,0,-2
283,972,0,-10
277,288,0,-9
41,611,0,-1
388,828,0,-4
127,676,0,-1
294,291,0,-9
197,638,0,-2
469,644,0,-2
641,864,0,-3
896,934,0,-2
446,322,0,-5
802,869,0,-6
631,862,0,-10
492,19,0,-1
595,485,0,-6
993,291,0,-2
184,718,0,-9
491,753,0,-4
667,869,0,-9
891,124,0,-6
234,213,0,-1
480,983,0,-4
232,31,0,-6
978,399,0,-9
694,101,0,-1
369,938,0,-3
232,337,0,-7
27,337,0,-2
314,744,0,-2
406,706,0,-7
436,12,0,-1
57,253,0,-6
69,831,0,-2
645,11,0,-3
923,211,0,-9
651,196,0,-5
91,280,0,-5
25,971,0,-3
875,338,0,-3
205,132,0,-3
418,951,0,-4
120,20,0,-7
55,971,0,-4
70,179,0,-4
12,428,0,-2
461,596,0,-2
517,537,0,-1
224,352,0,-1
755,18,0,-7
635,920,0,-4
464,84,0,-8
760,164,0,-7
809,609,0,-3
44,279,0,-1
333,130,0,-2
517,171,0,-9
814,222,0,-1
692,725,0,-10
804,344,0,-3
381,401,0,-9
683,498,0,-4
828,698,0,-3
752,36,0,-10
910,17,0,-3
966,327,0,-5
295,410,0,-7
504,849,0,-5
569,601,0,-5
263,768,0,-2
132,292,0,-5
954,52,0,-3
158,24,0,-1
282,998,0,-9
288,545,0,-9
86,452,0,-1
541,719,0,-7
969,697,0,-1
346,941,0,-6
741,524,0,-1
844,937,0,-8
531,845,0,-6
906,316,0,-3
549,108,0,-4
632,408,0,-5
838,972,0,-5
241,251,0,-10
44,522,0,-5
507,204,0,-9
195,313,0,-6
828,827,0,-2
118,329,0,-3
132,203,0,-4
104,937,0,-6
141,229,0,-4
37,125,0,-2
149,430,0,-1
556,564,0,-1
716,501,0,-6
928,821,0,-1
105,143,0,-10
518,579,0,-10
570,818,0,-5
388,889,0,-6
651,367,0,-4
506,559,0,-3
17,885,0,-8
23,375,0,-5
381,852,0,-4
833,683,0,-1
399,120,0,-7
348,124,0,-1
195,202,0,-9
908,802,0,-3
771,349,0,-4
600,232,0,-6
478,27,0,-1
857,956,0,-1
184,183,0,-3
548,422,0,-2
873,198,0,-6
732,235,0,-9
5,498,0,-4
137,953,0,-9
216,409,0,-9
611,272,0,-10
780,875,0,-8
887,859,0,-5
847,345,0,-6
556,293,0,-8
186,673,0,-7
981,527,0,-9
710,698,0,-10
518,308,0,-3
620,80,0,-6
381,46,0,-5
390,409,0,-10
512,983,0,-2
452,803,0,-8
1000,288,0,-1
871,767,0,-4
374,959,0,-4
116,986,0,-3
572,839,0,-4
348,596,0,-4
699,883,0,-4
572,92,0,-9
709,389,0,-8
391,358,0,-9
489,582,0,-7
936,44,0,-2
740,523,0,-8
405,71,0,-6
235,662,0,-2
107,18,0,-4
72,878,0,-7
252,937,0,-3
798,958,0,-7
549,437,0,-9
841,647,0,-5
158,753,0,-5
1000,822,0,-10
651,959,0,-8
921,635,0,-8
69,288,0,-3
74,823,0,-7
924,734,0,-1
416,907,0,-5
525,868,0,-2
238,448,0,-7
411,529,0,-10
512,870,0,-7
538,772,0,-7
970,520,0,-4
909,333,0,-7
255,946,0,-2
35,272,0,-7
943,720,0,-2
742,923,0,-7
856,246,0,-2
972,350,0,-1
902,780,0,-8
792,100,0,-8
487,595,0,-9
481,371,0,-4
614,42,0,-1
309,691,0,-8
208,381,0,-6
386,87,0,-10
845,313,0,-6
649,44,0,-6
301,846,0,-1
359,932,0,-3
287,790,0,-6
679,104,0,-3
380,372,0,-2
111,164,0,-4
681,620,0,-9
288,912,0,-1
646,800,0,-10
712,152,0,-10
647,33,0,-10
455,626,0,-10
550,924,0,-4
651,267,0,-5
993,311,0,-9
966,267,0,-6
998,819,0,-6
187,69,0,-1
601,5,0,-6
471,3,0,-10
780,774,0,-9
279,795,0,-5
61,249,0,-3
526,911,0,-8
736,316,0,-1
534,719,0,-6
864,667,0,-3
98,101,0,-6
697,337,0,-7
841,433,0,-9
307,924,0,-2
180,444,0,-4
616,862,0,-9
275,416,0,-8
887,416,0,-4
353,840,0,-7
592,827,0,-9
278,420,0,-7
542,760,0,-10
907,294,0,-7
547,738,0,-8
879,95,0,-8
919,773,0,-2
336,453,0,-6
677,592,0,-6
571,249,0,-4
111,394,0,-8
284,740,0,-6
82,556,0,-6
555,882,0,-9
16,877,0,-1
377,793,0,-9
297,993,0,-10
158,532,0,-2
397,519,0,-7
515,235,0,-10
977,270,0,-10
647,875,0,-8
497,614,0,-6
342,495,0,-2
629,889,0,-9
269,428,0,-1
126,453,0,-7
549,780,0,-5
658,656,0,-6
607,590,0,-7
658,466,0,-5
697,573,0,-3
701,629,0,-10
223,281,0,-2
545,410,0,-9
393,139,0,-6
613,260,0,-2
675,583,0,-6
449,431,0,-9
223,374,0,-2
542,420,0,-6
423,38,0,-9
751,280,0,-3
61,353,0,-2
456,857,0,-2
626,508,0,-9
420,841,0,-2
662,797,0,-10
850,54,0,-8
570,509,0,-10
352,753,0,-2
84,343,0,-6
835,603,0,-3
333,155,0,-9
360,443,0,-6
146,324,0,-2
784,191,0,-9
610,678,0,-9
105,758,0,-5
108,276,0,-5
382,373,0,-4
405,1000,0,-8
899,827,0,-2
881,608,0,-10
279,730,0,-3
933,79,0,-10
284,406,0,-5
818,953,0,-6
492,159,0,-3
772,385,0,-4
755,74,0,-6
373,270,0,-2
793,300,0,-7
592,588,0,-3
294,54,0,-7
278,636,0,-1
80,972,0,-9
855,619,0,-3
338,471,0,-5
388,4,0,-3
445,474,0,-10
589,54,0,-7
388,571,0,-9
754,536,0,-10
254,314,0,-9
839,160,0,-3
141,162,0,-10
845,238,0,-3
208,50,0,-4
729,801,0,-5
339,532,0,-9
180,606,0,-1
456,107,0,-3
563,482,0,-7
604,850,0,-7
55,314,0,-4
169,581,0,-9
106,324,0,-1
542,826,0,-5
651,355,0,-1
702,843,0,-9
668,299,0,-1
94,926,0,-8
950,518,0,-2
818,305,0,-2
989,384,0,-2
238,23,0,-3
671,29,0,-4
354,786,0,-8
919,547,0,-3
185,890,0,-4
385,289,0,-3
904,749,0,-10
673,237,0,-6
437,881,0,-5
369,864,0,-9
243,192,0,-5
964,847,0,-5
589,454,0,-10
134,539,0,-4
617,457,0,-1
810,863,0,-5
597,456,0,-5
475,990,0,-1
976,812,0,-2
323,120,0,-1
908,458,0,-5
837,253,0,-1
667,697,0,-9
810,841,0,-7
225,591,0,-6
586,151,0,-8
922,343,0,-4
11,631,0,-5
781,474,0,-10
971,412,0,-1
315,418,0,-6
81,914,0,-10
301,876,0,-4
94,566,0,-10
611,49,0,-9
979,919,0,-2
78,5,0,-10
807,765,0,-6
461,371,0,-3
195,289,0,-3
816,733,0,-9
120,51,0,-9
213,389,0,-10
389,919,0,-6
435,173,0,-6
348,79,0,-5
631,8,0,-7
518,384,0,-1
658,862,0,-9
896,969,0,-4
253,343,0,-8
804,35,0,-5
754,15,0,-1
430,256,0,-6
16,616,0,-8
394,993,0,-1
745,68,0,-9
258,609,0,-6
868,957,0,-5
445,5,0,-2
210,844,0,-2
408,44,0,-2
686,143,0,-8
683,725,0,-3
488,357,0,-5
271,266,0,-7
699,740,0,-8
962,100,0,-3
844,521,0,-2
317,83,0,-1
673,227,0,-1
245,117,0,-2
587,190,0,-10
461,621,0,-7
891,638,0,-3
523,548,0,-7
9,100,0,-6
874,616,0,-2
836,212,0,-4
929,934,0,-8
599,924,0,-6
744,905,0,-5
682,651,0,-5
537,3,0,-1
748,972,0,-5
388,455,0,-10
243,241,0,-6
672,972,0,-9
862,701,0,-1
857,935,0,-8
739,536,0,-10
959,497,0,-4
577,450,0,-4
420,634,0,-6
265,17,0,-8
522,48,0,-4
103,459,0,-6
942,224,0,-3
640,583,0,-6
862,479,0,-8
229,702,0,-5
929,693,0,-6
668,390,0,-3
691,891,0,-1
378,205,0,-8
907,227,0,-4
801,108,0,-7
871,423,0,-7
574,975,0,-10
706,621,0,-5
672,698,0,-9
221,300,0,-6
36,352,0,-8
299,167,0,-7
686,110,0,-1
22,896,0,-8
227,265,0,-6
20,264,0,-9
313,581,0,-10
370,182,0,-9
978,648,0,-8
620,956,0,-1
249,411,0,-7
759,97,0,-4
308,897,0,-8
731,316,0,-2
371,3,0,-5
562,4,0,-2
719,132,0,-9
392,401,0,-4
360,688,0,-8
45,572,0,-8
319,917,0,-2
476,54,0,-4
716,306,0,-8
513,705,0,-4
642,522,0,-6
733,186,0,-7
338,905,0,-2
911,128,0,-9
346,781,0,-9
143,544,0,-1
149,309,0,-5
134,234,0,-5
323,607,0,-4
803,31,0,-10
743,986,0,-4
295,952,0,-6
524,489,0,-8
431,322,0,-3
622,876,0,-9
836,688,0,-3
880,437,0,-9
224,5,0,-10
228,961,0,-8
659,504,0,-3
190,156,0,-3
143,376,0,-3
189,783,0,-8
93,398,0,-9
98,503,0,-2
384,130,0,-1
508,348,0,-6
585,963,0,-6
156,939,0,-10
725,798,0,-3
133,359,0,-8
394,322,0,-9
392,591,0,-10
559,213,0,-7
410,202,0,-2
485,849,0,-3
234,305,0,-4
626,524,0,-6
398,77,0,-4
195,772,0,-4
695,636,0,-8
834,277,0,-1
487,48,0,-8
521,884,0,-10
436,830,0,-3
208,375,0,-10
804,120,0,-4
25,749,0,-4
938,640,0,-4
67,8,0,-5
811,821,0,-7
982,242,0,-1
203,5,0,-9
200,940,0,-4
477,933,0,-7
596,72,0,-8
67,616,0,-1
466,309,0,-8
341,966,0,-5
603,63,0,-8
557,13,0,-7
134,845,0,-5
505,847,0,-10
586,994,0,-2
366,497,0,-9
824,359,0,-4
661,26,0,-4
715,405,0,-4
270,962,0,-2
717,556,0,-6
37,107,0,-5
709,146,0,-2
372,114,0,-4
60,492,0,-6
888,322,0,-2
587,797,0,-2
905,771,0,-2
747,129,0,-9
882,966,0,-1
736,430,0,-4
761,561,0,-10
440,772,0,-6
197,732,0,-7
973,111,0,-5
60,733,0,-1
977,125,0,-9
110,993,0,-5
357,858,0,-8
347,687,0,-8
684,309,0,-2
698,128,0,-3
629,708,0,-2
147,694,0,-2
246,474,0,-4
250,324,0,-5
36,362,0,-1
662,907,0,-8
151,156,0,-3
275,671,0,-8
428,614,0,-1
749,876,0,-8
214,117,0,-7
378,336,0,-9
513,257,0,-2
612,207,0,-10
394,76,0,-8
509,976,0,-9
726,953,0,-4
886,555,0,-9
217,38,0,-6
734,30,0,-9
129,287,0,-2
299,937,0,-1
585,484,0,-6
990,27,0,-10
740,960,0,-5
444,111,0,-8
29,628,0,-1
440,430,0,-1
864,88,0,-4
331,872,0,-9
674,581,0,-2
48,815,0,-9
974,576,0,-7
578,441,0,-2
726,347,0,-1
501,356,0,-6
776,432,0,-8
814,26,0,-4
609,963,0,-5
352,763,0,-2
93,978,0,-6
70,243,0,-1
410,235,0,-5
457,190,0,-1
499,740,0,-10
719,850,0,-4
538,952,0,-10
845,359,0,-6
147,353,0,-7
431,418,0,-1
167,58,0,-5
896,577,0,-9
494,134,0,-10
402,658,0,-5
649,404,0,-6
121,765,0,-2
699,796,0,-2
950,629,0,-8
460,781,0,-6
493,485,0,-8
954,700,0,-10
818,551,0,-5
153,963,0,-9
609,755,0,-5
126,436,0,-10
967,987,0,-5
39,485,0,-9
321,648,0,-3
584,634,0,-6
335,582,0,-3
856,509,0,-2
867,954,0,-2
281,706,0,-3
284,941,0,-3
498,16,0,-7
888,130,0,-7
902,597,0,-4
7,541,0,-7
911,973,0,-4
738,170,0,-9
684,147,0,-3
973,592,0,-5
773,350,0,-10
685,605,0,-1
296,889,0,-3
830,502,0,-7
530,764,0,-7
338,498,0,-6
541,209,0,-9
736,997,0,-7
151,56,0,-7
988,917,0,-2
741,910,0,-1
704,133,0,-2
795,699,0,-4
561,917,0,-5
151,226,0,-3
527,467,0,-1
763,196,0,-5
243,579,0,-5
909,948,0,-2
696,810,0,-3
178,650,0,-9
208,269,0,-6
641,58,0,-5
334,422,0,-1
103,627,0,-1
555,89,0,-5
352,417,0,-5
705,647,0,-1
977,42,0,-4
867,776,0,-1
462,880,0,-9
809,60,0,-4
728,933,0,-4
661,318,0,-1
482,495,0,-10
722,884,0,-2
604,875,0,-2
289,685,0,-3
710,140,0,-10
867,914,0,-6
115,19,0,-4
193,634,0,-10
293,469,0,-8
617,371,0,-7
499,149,0,-10
319,144,0,-10
118,955,0,-8
405,318,0,-10
554,956,0,-8
140,109,0,-2
56,123,0,-7
772,464,0,-3
419,323,0,-1
287,82,0,-1
384,18,0,-6
13,860,0,-3
972,729,0,-9
120,799,0,-5
690,164,0,-4
834,230,0,-10
956,927,0,-3
319,659,0,-1
571,556,0,-8
792,93,0,-4
765,296,0,-10
406,984,0,-1
51,923,0,-5
509,623,0,-10
356,433,0,-1
168,743,0,-5
403,963,0,-7
370,100,0,-10
1,737,0,-5
597,214,0,-6
91,494,0,-10
516,189,0,-8
51,213,0,-8
902,928,0,-1
536,442,0,-2
725,937,0,-10
739,251,0,-6
423,99,0,-3
646,964,0,-5
736,842,0,-4
800,701,0,-1
232,743,0,-9
286,300,0,-5
616,566,0,-10
786,361,0,-4
369,8,0,-7
557,553,0,-9
20,387,0,-10
930,786,0,-1
244,17,0,-5
770,538,0,-4
219,543,0,-3
835,959,0,-5
636,193,0,-8
893,245,0,-6
284,722,0,-6
891,23,0,-7
950,738,0,-6
78,907,0,-6
989,596,0,-2
735,650,0,-9
420,320,0,-5
241,878,0,-3
233,39,0,-4
172,452,0,-7
361,325,0,-6
807,870,0,-8
828,112,0,-7
557,358,0,-7
571,997,0,-1
334,696,0,-6
406,823,0,-8
629,557,0,-8
660,840,0,-4
212,677,0,-2
295,669,0,-8
129,279,0,-7
385,589,0,-5
740,999,0,-4
268,106,0,-6
338,383,0,-8
572,499,0,-10
191,272,0,-8
931,901,0,-9
906,988,0,-7
643,497,0,-10
894,798,0,-1
632,168,0,-3
338,839,0,-6
197,722,0,-5
483,796,0,-4
645,329,0,-7
302,876,0,-1
946,6,0,-2
460,283,0,-6
972,757,0,-3
958,915,0,-8
305,13,0,-3
695,180,0,-10
721,215,0,-1
41,92,0,-1
976,936,0,-5
798,417,0,-10
43,919,0,-2
902,826,0,-2
523,98,0,-5
151,639,0,-6
122,69,0,-7
588,754,0,-4
539,541,0,-3
289,143,0,-5
693,636,0,-4
861,25,0,-6
829,76,0,-10
69,843,0,-9
608,126,0,-1
422,463,0,-5
66,448,0,-10
303,414,0,-3
900,739,0,-2
151,593,0,-4
451,702,0,-9
201,127,0,-2
593,940,0,-2
670,989,0,-6
689,907,0,-5
819,701,0,-3
769,945,0,-1
714,666,0,-2
489,483,0,-10
810,288,0,-2
728,160,0,-7
536,498,0,-4
134,211,0,-7
986,618,0,-3
607,353,0,-2
794,372,0,-2
533,929,0,-9
762,379,0,-4
850,643,0,-9
994,810,0,-8
325,876,0,-5
397,962,0,-2
192,374,0,-2
699,186,0,-8
13,66,0,-10
484,352,0,-1
274,238,0,-6
389,901,0,-8
978,18,0,-7
369,735,0,-2
932,837,0,-7
290,640,0,-7
192,258,0,-4
706,466,0,-10
295,882,0,-2
852,236,0,-10
379,325,0,-5
263,605,0,-4
888,866,0,-10
172,17,0,-5
487,383,0,-5
109,127,0,-6
341,127,0,-8
862,502,0,-5
153,145,0,-3
641,783,0,-6
465,137,0,-9
41,962,0,-1
171,613,0,-8
445,114,0,-8
379,729,0,-8
812,930,0,-3
11,401,0,-5
48,448,0,-10
82,269,0,-6
240,845,0,-3
556,283,0,-10
118,128,0,-1
997,671,0,-3
110,629,0,-9
321,418,0,-7
241,605,0,-9
249,333,0,-3
304,293,0,-4
388,795,0,-7
937,179,0,-5
979,781,0,-3
111,214,0,-3
784,208,0,-8
887,669,0,-6
188,853,0,-7
107,464,0,-4
446,990,0,-2
413,526,0,-6
276,56,0,-5
115,508,0,-7
587,358,0,-8
77,75,0,-3
546,179,0,-8
212,434,0,-5
265,125,0,-1
922,719,0,-4
930,865,0,-4
660,203,0,-4
120,389,0,-10
427,874,0,-10
685,739,0,-10
114,517,0,-6
370,340,0,-2
30,766,0,-2
802,400,0,-7
553,114,0,-7
652,305,0,-5
131,537,0,-2
687,420,0,-1
292,355,0,-3
613,442,0,-4
393,492,0,-8
916,62,0,-3
305,1,0,-1
356,13,0,-9
981,69,0,-4
430,234,0,-4
336,324,0,-9
913,830,0,-7
933,907,0,-1
737,900,0,-7
108,957,0,-6
610,410,0,-5
233,89,0,-1
959,399,0,-3
873,79,0,-9
153,599,0,-6
335,708,0,-6
912,806,0,-1
977,932,0,-9
745,139,0,-6
102,635,0,-3
863,103,0,-9
645,1000,0,-3
957,87,0,-9
442,994,0,-1
778,831,0,-5
369,239,0,-8
226,375,0,-1
752,262,0,-4
487,494,0,-10
770,842,0,-10
748,586,0,-7
731,871,0,-8
393,842,0,-9
374,733,0,-2
709,464,0,-10
842,365,0,-3
547,778,0,-5
117,77,0,-8
740,438,0,-6
824,818,0,-4
873,646,0,-7
460,832,0,-6
505,850,0,-4
987,693,0,-7
57,861,0,-4
642,216,0,-5
423,437,0,-4
859,525,0,-6
502,791,0,-2
825,689,0,-3
688,431,0,-2
961,662,0,-9
514,536,0,-6
687,812,0,-7
610,188,0,-2
549,363,0,-3
394,449,0,-5
540,544,0,-4
404,355,0,-10
10,355,0,-9
837,42,0,-3
412,916,0,-10
259,48,0,-2
893,741,0,-6
390,91,0,-6
962,641,0,-1
916,201,0,-1
349,956,0,-4
855,647,0,-4
928,411,0,-1
71,259,0,-2
743,290,0,-5
445,104,0,-6
312,117,0,-1
489,644,0,-5
733,938,0,-4
954,921,0,-5
131,978,0,-7
228,55,0,-2
830,176,0,-8
922,91,0,-2
843,832,0,-7
425,867,0,-5
928,426,0,-1
14,524,0,-8
856,342,0,-1
684,842,0,-10
335,773,0,-6
17,246,0,-9
678,408,0,-3
391,376,0,-5
968,938,0,-4
866,552,0,-5
694,21,0,-9
54,905,0,-2
741,523,0,-8
960,51,0,-3
187,542,0,-6
647,315,0,-5
305,117,0,-8
234,871,0,-5
646,969,0,-10
406,682,0,-6
430,22,0,-8
697,461,0,-7
695,214,0,-5
864,1,0,-8
231,56,0,-7
501,393,0,-8
782,296,0,-6
180,271,0,-10
391,186,0,-9
421,815,0,-3
325,464,0,-6
902,105,0,-1
432,505,0,-9
618,857,0,-2
150,693,0,-7
951,647,0,-3
411,821,0,-4
629,901,0,-8
955,190,0,-3
299,746,0,-3
77,463,0,-1
95,429,0,-6
426,218,0,-5
914,942,0,-5
209,8,0,-7
313,931,0,-1
548,774,0,-10
127,780,0,-4
547,613,0,-7
245,337,0,-1
110,800,0,-1
739,227,0,-10
297,399,0,-4
426,596,0,-8
538,309,0,-3
496,588,0,-2
715,527,0,-9
708,730,0,-2
592,91,0,-4
828,334,0,-8
654,878,0,-6
960,977,0,-6
455,851,0,-3
161,982,0,-1
652,742,0,-4
807,115,0,-10
957,241,0,-7
27,594,0,-4
516,753,0,-8
602,683,0,-4
655,544,0,-2
958,669,0,-6
747,340,0,-10
119,167,0,-8
932,508,0,-8
896,972,0,-1
299,603,0,-9
768,974,0,-6
903,921,0,-8
4,814,0,-9
809,211,0,-3
514,535,0,-8
865,616,0,-1
328,93,0,-3
167,210,0,-4
689,250,0,-7
128,177,0,-3
229,338,0,-7
214,783,0,-8
661,93,0,-8
589,179,0,-4
990,649,0,-7
840,965,0,-7
297,237,0,-8
531,280,0,-6
974,874,0,-6
684,591,0,-5
887,121,0,-9
216,729,0,-2
608,154,0,-6
420,90,0,-6
367,34,0,-6
990,76,0,-8
23,195,0,-1
152,578,0,-6
669,33,0,-10
491,507,0,-7
597,342,0,-5
97,173,0,-1
27,719,0,-6
871,847,0,-4
853,835,0,-3
361,170,0,-6
136,93,0,-3
478,822,0,-3
915,711,0,-2
458,298,0,-3
20,484,0,-10
406,830,0,-5
666,452,0,-7
174,690,0,-1
283,135,0,-10
795,673,0,-2
610,486,0,-7
516,873,0,-2
465,455,0,-2
885,91,0,-5
343,772,0,-8
285,275,0,-5
16,164,0,-5
864,670,0,-9
775,956,0,-4
477,633,0,-4
992,709,0,-9
742,32,0,-9
736,917,0,-2
928,996,0,-5
18,398,0,-2
222,957,0,-4
41,901,0,-10
545,634,0,-2
160,72,0,-10
182,67,0,-6
195,43,0,-3
89,491,0,-7
669,894,0,-3
463,381,0,-2
960,80,0,-10
998,204,0,-6
568,390,0,-4
643,902,0,-4
272,524,0,-5
206,381,0,-5
6,564,0,-6
66,453,0,-1
451,40,0,-2
839,592,0,-6
151,257,0,-8
75,424,0,-1
182,322,0,-3
12,331,0,-4
160,221,0,-2
136,461,0,-9
937,41,0,-7
509,449,0,-8
946,534,0,-5
874,361,0,-7
857,727,0,-4
886,816,0,-2
744,240,0,-2
973,610,0,-4
905,446,0,-1
474,278,0,-3
903,491,0,-7
304,686,0,-6
344,276,0,-9
984,488,0,-4
358,472,0,-8
474,182,0,-1
287,671,0,-6
939,673,0,-5
382,74,0,-1
284,179,0,-4
797,506,0,-9
422,498,0,-4
655,251,0,-1
470,417,0,-1
438,619,0,-2
495,387,0,-8
522,502,0,-7
711,569,0,-3
480,41,0,-9
898,204,0,-3
359,640,0,-1
995,416,0,-6
549,220,0,-2
173,958,0,-4
317,773,0,-5
303,944,0,-6
602,408,0,-5
183,170,0,-6
941,379,0,-8
101,847,0,-2
367,555,0,-1
361,191,0,-10
181,223,0,-1
853,957,0,-7
162,85,0,-6
679,653,0,-7
116,311,0,-5
252,892,0,-9
586,204,0,-2
899,426,0,-3
580,156,0,-3
224,765,0,-7
68,702,0,-6
365,34,0,-8
85,255,0,-1
518,643,0,-3
787,426,0,-4
518,790,0,-10
722,567,0,-10
145,926,0,-5
837,983,0,-7
155,236,0,-6
985,676,0,-1
4,726,0,-10
249,199,0,-3
631,591,0,-8
886,815,0,-8
169,216,0,-7
642,660,0,-5
423,530,0,-10
23,989,0,-5
107,3,0,-8
352,135,0,-10
93,644,0,-6
473,83,0,-6
637,5,0,-8
942,50,0,-2
857,881,0,-9
586,935,0,-4
502,936,0,-10
158,399,0,-8
153,664,0,-6
583,29,0,-1
147,16,0,-2
269,970,0,-6
105,338,0,-8
30,723,0,-1
592,528,0,-3
188,495,0,-2
163,356,0,-6
93,43,0,-3
506,531,0,-3
910,907,0,-4
977,760,0,-10
150,132,0,-6
633,717,0,-9
263,458,0,-3
235,62,0,-8
976,871,0,-4
149,883,0,-3
349,618,0,-1
643,723,0,-7
28,206,0,-2
388,654,0,-7
670,795,0,-3
858,682,0,-10
105,850,0,-5
266,434,0,-10
58,746,0,-9
152,619,0,-7
174,645,0,-3
914,546,0,-5
979,489,0,-1
368,96,0,-8
849,567,0,-3
152,323,0,-3
602,486,0,-2
548,758,0,-8
818,743,0,-7
962,533,0,-6
524,419,0,-6
226,394,0,-9
471,526,0,-4
743,830,0,-9
3,12,0,-8
958,726,0,-3
679,419,0,-2
478,551,0,-6
820,745,0,-1
182,999,0,-5
682,200,0,-5
890,549,0,-4
910,117,0,-10
272,282,0,-10
746,871,0,-10
820,218,0,-2
172,155,0,-9
739,90,0,-3
654,863,0,-9
581,403,0,-6
401,369,0,-9
342,769,0,-2
303,372,0,-10
560,464,0,-10
239,246,0,-8
686,755,0,-10
381,663,0,-7
162,90,0,-5
54,144,0,-1
140,302,0,-1
881,905,0,-6
119,980,0,-1
500,963,0,-2
55,898,0,-7
481,640,0,-1
432,442,0,-10
204,892,0,-10
617,822,0,-7
375,991,0,-6
965,386,0,-7
966,471,0,-2
868,364,0,-8
857,439,0,-8
713,333,0,-10
125,927,0,-6
291,767,0,-5
300,929,0,-6
87,263,0,-10
476,694,0,-1
448,153,0,-3
355,873,0,-2
325,564,0,-1
363,833,0,-4
705,675,0,-2
67,236,0,-6
817,467,0,-5
693,17,0,-7
341,821,0,-2
759,536,0,-2
327,991,0,-8
944,492,0,-9
636,860,0,-4
339,167,0,-4
395,338,0,-5
472,263,0,-2
825,717,0,-4
880,964,0,-5
751,838,0,-10
678,637,0,-1
298,61,0,-6
81,468,0,-7
19,423,0,-4
820,245,0,-2
464,983,0,-8
677,123,0,-3
639,426,0,-8
833,840,0,-10
537,692,0,-1
297,196,0,-8
463,8,0,-5
679,869,0,-6
150,331,0,-5
71,649,0,-2
353,486,0,-1
494,137,0,-10
665,201,0,-7
338,212,0,-9
154,636,0,-9
943,451,0,-7
342,216,0,-1
196,828,0,-5
143,118,0,-7
454,13,0,-2
879,862,0,-1
705,139,0,-7
464,498,0,-3
731,362,0,-8
284,654,0,-2
250,317,0,-5
835,961,0,-1
501,41,0,-3
504,327,0,-2
660,62,0,-1
965,339,0,-3
855,771,0,-10
936,784,0,-10
793,703,0,-3
549,236,0,-6
755,196,0,-9
740,931,0,-8
942,884,0,-8
524,959,0,-9
917,52,0,-5
304,684,0,-10
628,165,0,-6
521,71,0,-5
954,729,0,-9
189,996,0,-10
467,997,0,-3
266,470,0,-1
641,309,0,-4
7,100,0,-8
347,826,0,-5
387,885,0,-4
625,432,0,-8
84,287,0,-2
186,831,0,-8
872,97,0,-4
795,535,0,-10
172,377,0,-7
151,839,0,-7
672,580,0,-1
597,239,0,-4
993,284,0,-2
81,803,0,-7
58,644,0,-7
461,67,0,-5
125,292,0,-9
756,789,0,-6
823,927,0,-3
548,340,0,-9
700,74,0,-7
809,374,0,-1
765,670,0,-5
423,271,0,-7
844,371,0,-2
955,717,0,-3
702,745,0,-1
124,304,0,-2
39,460,0,-4
588,121,0,-8
238,955,0,-7
112,836,0,-10
774,917,0,-4
895,852,0,-4
319,351,0,-9
576,210,0,-10
623,245,0,-4
684,145,0,-1
78,28,0,-9
770,555,0,-6
363,143,0,-9
111,120,0,-5
439,250,0,-3
7,363,0,-2
770,700,0,-5
197,637,0,-7
286,318,0,-4
444,158,0,-5
546,648,0,-8
88,521,0,-5
770,126,0,-3
967,893,0,-3
326,839,0,-2
847,27,0,-4
438,925,0,-7
899,524,0,-2
419,937,0,-6
385,702,0,-4
564,972,0,-6
514,416,0,-2
678,433,0,-7
69,930,0,-8
331,47,0,-10
701,534,0,-9
461,762,0,-7
315,321,0,-1
784,503,0,-3
792,847,0,-3
937,539,0,-8
969,960,0,-5
815,790,0,-10
494,836,0,-10
928,770,0,-4
691,292,0,-3
376,55,0,-5
749,621,0,-6
73,891,0,-4
550,485,0,-1
975,370,0,-10
877,984,0,-3
419,264,0,-9
351,518,0,-1
721,714,0,-5
863,750,0,-10
749,603,0,-7
101,549,0,-10
434,664,0,-4
313,661,0,-3
112,870,0,-5
963,447,0,-7
20,723,0,-4
537,518,0,-7
648,434,0,-8
782,403,0,-5
276,592,0,-8
157,135,0,-4
801,456,0,-10
38,575,0,-7
134,21,0,-8
292,71,0,-10
287,237,0,-3
128,501,0,-10
921,14,0,-10
135,633,0,-5
621,855,0,-5
135,991,0,-2
312,303,0,-1
994,782,0,-6
621,247,0,-4
621,308,0,-9
275,604,0,-3
523,943,0,-1
228,811,0,-10
904,89,0,-5
278,70,0,-4
15,967,0,-10
204,503,0,-3
397,882,0,-7
561,612,0,-5
792,394,0,-1
191,983,0,-10
940,798,0,-1
321,897,0,-3
595,383,0,-1
198,969,0,-5
838,975,0,-3
460,442,0,-2
603,218,0,-8
508,944,0,-10
313,980,0,-10
288,501,0,-3
617,930,0,-6
264,815,0,-7
974,244,0,-3
561,697,0,-8
858,377,0,-1
378,819,0,-10
223,83,0,-7
822,172,0,-9
579,48,0,-10
140,835,0,-1
539,195,0,-5
551,594,0,-1
843,75,0,-7
778,537,0,-6
372,712,0,-7
175,776,0,-6
719,680,0,-2
308,970,0,-7
353,214,0,-7
161,574,0,-5
144,860,0,-7
342,482,0,-5
386,787,0,-7
246,513,0,-10
801,190,0,-10
747,769,0,-4
330,8,0,-8
197,76,0,-5
177,848,0,-1
622,777,0,-3
893,939,0,-2
881,652,0,-8
407,73,0,-9
645,404,0,-4
631,842,0,-2
371,582,0,-2
58,835,0,-8
449,328,0,-2
243,33,0,-4
255,847,0,-4
315,136,0,-1
674,242,0,-5
175,646,0,-9
24,573,0,-9
185,784,0,-10
947,815,0,-8
889,419,0,-8
172,565,0,-1
430,326,0,-8
413,49,0,-9
482,429,0,-7
46,56,0,-10
775,34,0,-7
123,577,0,-3
892,179,0,-10
494,286,0,-4
289,260,0,-1
190,163,0,-6
208,744,0,-7
202,648,0,-6
965,727,0,-5
529,724,0,-3
827,424,0,-3
66,878,0,-6
467,924,0,-8
437,542,0,-9
803,325,0,-7
854,263,0,-8
674,750,0,-9
60,407,0,-10
810,793,0,-5
953,500,0,-5
84,796,0,-2
48,215,0,-9
893,822,0,-2
968,565,0,-5
602,614,0,-4
716,871,0,-8
172,404,0,-6
634,280,0,-9
400,734,0,-8
333,688,0,-4
906,594,0,-3
132,550,0,-9
146,622,0,-2
711,418,0,-2
162,966,0,-5
255,450,0,-9
754,360,0,-1
53,626,0,-8
131,645,0,-7
301,130,0,-5
85,526,0,-7
581,796,0,-4
806,254,0,-6
95,932,0,-7
848,337,0,-3
852,509,0,-8
504,280,0,-10
77,709,0,-5
800,437,0,-4
98,664,0,-6
646,123,0,-8
83,598,0,-1
909,325,0,-3
948,407,0,-8
158,361,0,-9
667,662,0,-2
984,726,0,-3
517,50,0,-10
900,896,0,-1
380,470,0,-10
816,324,0,-7
983,897,0,-10
262,633,0,-2
877,675,0,-2
356,857,0,-9
704,973,0,-10
48,785,0,-10
926,313,0,-2
967,726,0,-5
632,888,0,-9
349,708,0,-7
95,182,0,-1
95,852,0,-2
633,591,0,-3
366,303,0,-4
7,397,0,-8
652,737,0,-7
473,799,0,-4
139,340,0,-5
485,858,0,-1
225,549,0,-5
137,292,0,-7
522,732,0,-6
747,719,0,-2
564,834,0,-9
176,838,0,-4
219,774,0,-7
970,452,0,-10
374,373,0,-1
345,700,0,-10
533,955,0,-2
335,122,0,-6
559,80,0,-3
597,26,0,-2
4,257,0,-10
119,200,0,-4
138,43,0,-8
880,843,0,-7
252,266,0,-4
893,513,0,-7
908,334,0,-8
126,196,0,-1
998,164,0,-8
638,650,0,-5
686,431,0,-1
696,587,0,-2
956,288,0,-3
65,787,0,-6
7,808,0,-1
472,353,0,-2
697,799,0,-1
974,919,0,-5
317,758,0,-9
334,909,0,-1
744,695,0,-8
740,72,0,-6
874,894,0,-8
43,584,0,-6
318,507,0,-7
357,262,0,-3
332,361,0,-1
408,731,0,-5
130,174,0,-6
737,557,0,-8
763,849,0,-6
169,131,0,-2
107,599,0,-9
671,259,0,-3
907,455,0,-6
298,725,0,-5
544,907,0,-8
874,445,0,-4
821,639,0,-6
293,78,0,-5
142,620,0,-1
131,559,0,-7
680,317,0,-10
966,436,0,-9
465,520,0,-5
409,975,0,-2
174,514,0,-7
278,842,0,-2
633,954,0,-6
345,363,0,-4
987,13,0,-10
812,238,0,-10
980,545,0,-8
873,68,0,-1
533,64,0,-6
804,562,0,-3
605,861,0,-8
223,246,0,-2
22,821,0,-10
768,647,0,-5
399,534,0,-8
475,781,0,-4
179,487,0,-2
525,74,0,-8
723,159,0,-2
367,488,0,-5
300,927,0,-9
760,549,0,-5
58,179,0,-9
22,983,0,-8
931,264,0,-6
995,906,0,-1
288,555,0,-10
659,980,0,-1
128,992,0,-10
359,317,0,-4
603,987,0,-4
958,872,0,-4
912,79,0,-7
812,134,0,-2
709,956,0,-10
576,848,0,-6
378,310,0,-8
101,355,0,-9
553,707,0,-2
719,653,0,-1
250,576,0,-10
798,970,0,-4
251,743,0,-7
819,722,0,-1
331,980,0,-10
988,394,0,-2
391,386,0,-3
736,491,0,-3
75,529,0,-3
821,440,0,-8
41,893,0,-5
738,238,0,-3
62,863,0,-2
11,470,0,-4
454,469,0,-9
480,62,0,-6
749,175,0,-5
804,708,0,-3
792,969,0,-2
645,263,0,-5
860,361,0,-9
989,371,0,-5
673,86,0,-9
593,296,0,-10
34,810,0,-3
535,325,0,-9
826,255,0,-9
807,929,0,-9
825,465,0,-4
670,6,0,-4
673,478,0,-6
962,754,0,-9
429,240,0,-9
79,108,0,-8
700,686,0,-5
792,676,0,-10
50,67,0,-5
802,310,0,-7
767,444,0,-2
464,555,0,-5
919,259,0,-5
927,360,0,-1
120,745,0,-6
772,378,0,-4
689,188,0,-2
739,140,0,-10
53,782,0,-9
185,924,0,-5
155,49,0,-8
422,784,0,-8
810,97,0,-10
524,968,0,-6
741,532,0,-4
163,74,0,-7
155,848,0,-10
48,118,0,-10
352,254,0,-10
613,733,0,-6
119,96,0,-6
742,124,0,-7
129,941,0,-1
723,164,0,-1
890,323,0,-2
446,803,0,-4
294,191,0,-4
499,875,0,-3
129,434,0,-5
703,51,0,-10
74,550,0,-9
880,205,0,-10
627,626,0,-7
806,860,0,-3
275,36,0,-7
50,796,0,-10
527,755,0,-8
461,755,0,-7
392,485,0,-3
824,516,0,-10
898,349,0,-6
48,586,0,-1
260,134,0,-3
98,686,0,-5
793,678,0,-1
553,129,0,-5
884,926,0,-3
881,384,0,-5
410,850,0,-3
986,977,0,-3
701,948,0,-6
439,787,0,-2
170,841,0,-6
1,287,0,-10
478,83,0,-10
98,177,0,-7
218,921,0,-2
596,173,0,-6
383,194,0,-6
343,468,0,-6
702,277,0,-10
735,359,0,-7
37,178,0,-8
191,359,0,-10
517,188,0,-3
41,506,0,-3
654,127,0,-3
522,494,0,-4
438,90,0,-1
863,596,0,-1
772,14,0,-2
527,393,0,-9
484,948,0,-10
828,902,0,-6
407,116,0,-8
785,105,0,-9
178,740,0,-6
21,98,0,-1
334,87,0,-5
311,109,0,-8
344,472,0,-4
130,745,0,-8
123,865,0,-2
452,408,0,-8
163,217,0,-4
906,980,0,-1
742,812,0,-1
485,133,0,-2
221,315,0,-2
283,103,0,-8
133,303,0,-2
467,420,0,-6
818,424,0,-10
168,883,0,-7
993,111,0,-10
273,603,0,-5
310,777,0,-4
537,670,0,-5
815,957,0,-1
180,543,0,-2
933,300,0,-3
971,503,0,-7
570,508,0,-7
869,676,0,-10
528,457,0,-7
407,793,0,-6
548,514,0,-2
875,342,0,-9
601,517,0,-9
837,147,0,-8
968,805,0,-9
476,219,0,-6
29,669,0,-9
269,660,0,-5
59,341,0,-9
376,221,0,-10
793,45,0,-2
771,327,0,-9
994,554,0,-2
700,608,0,-4
854,538,0,-6
363,2,0,-7
146,864,0,-5
461,883,0,-7
610,412,0,-6
236,24,0,-1
766,722,0,-6
248,697,0,-1
434,695,0,-2
928,597,0,-5
823,2,0,-6
298,462,0,-2
50,216,0,-2
178,473,0,-1
182,317,0,-8
964,775,0,-8
836,755,0,-2
936,431,0,-1
536,284,0,-2
767,589,0,-3
190,92,0,-2
278,90,0,-3
748,402,0,-8
669,311,0,-2
987,742,0,-6
841,418,0,-8
635,142,0,-4
894,870,0,-5
373,52,0,-5
806,470,0,-1
18,462,0,-8
291,74,0,-10
142,338,0,-4
558,504,0,-1
538,307,0,-6
340,252,0,-7
702,59,0,-7
521,456,0,-1
354,194,0,-7
31,26,0,-7
974,333,0,-5
605,616,0,-4
390,813,0,-4
869,548,0,-8
408,611,0,-8
80,852,0,-5
675,363,0,-3
413,231,0,-4
987,67,0,-9
95,418,0,-8
947,378,0,-5
398,453,0,-2
759,22,0,-4
487,840,0,-1
874,708,0,-6
485,647,0,-4
512,647,0,-8
175,17,0,-6
148,44,0,-1
388,766,0,-5
620,269,0,-7
577,756,0,-7
180,967,0,-3
251,577,0,-1
477,849,0,-3
565,929,0,-3
504,152,0,-7
71,290,0,-8
395,34,0,-6
402,656,0,-9
14,395,0,-2
290,148,0,-1
105,483,0,-4
96,347,0,-1
884,369,0,-7
564,749,0,-6
839,49,0,-5
1000,415,0,-10
422,618,0,-2
760,953,0,-10
796,964,0,-1
551,830,0,-9
958,69,0,-6
811,35,0,-6
999,646,0,-2
243,158,0,-3
736,592,0,-2
865,650,0,-4
122,330,0,-10
734,897,0,-8
128,859,0,-6
690,699,0,-9
888,833,0,-8
906,178,0,-8
355,282,0,-9
847,659,0,-7
409,350,0,-3
500,577,0,-5
608,691,0,-5
488,640,0,-5
331,782,0,-1
150,205,0,-1
379,524,0,-4
69,796,0,-3
876,68,0,-4
210,552,0,-2
402,722,0,-5
303,593,0,-3
234,531,0,-9
230,689,0,-10
588,962,0,-3
686,725,0,-4
403,58,0,-1
219,46,0,-1
730,980,0,-6
974,162,0,-8
963,918,0,-3
266,644,0,-2
165,161,0,-5
231,562,0,-3
26,582,0,-8
584,596,0,-3
299,269,0,-3
62,455,0,-2
256,615,0,-9
10,382,0,-4
406,600,0,-3
854,715,0,-1
817,516,0,-8
334,547,0,-3
923,414,0,-10
452,355,0,-7
215,578,0,-5
957,798,0,-10
6,835,0,-10
245,732,0,-8
63,904,0,-6
182,23,0,-5
834,703,0,-5
999,220,0,-5
856,145,0,-5
56,388,0,-2
307,773,0,-8
835,178,0,-4
377,805,0,-7
22,762,0,-7
462,853,0,-6
716,211,0,-10
98,565,0,-10
267,739,0,-5
494,890,0,-7
165,218,0,-2
932,622,0,-1
872,431,0,-5
105,588,0,-6
441,896,0,-7
160,698,0,-10
923,146,0,-6
246,727,0,-2
194,390,0,-9
195,486,0,-4
915,269,0,-7
83,936,0,-4
343,494,0,-5
386,737,0,-10
401,7,0,-3
966,300,0,-8
696,791,0,-4
689,336,0,-9
94,946,0,-10
565,579,0,-3
235,605,0,-1
511,419,0,-4
342,257,0,-7
708,9,0,-4
508,970,0,-8
476,444,0,-2
931,534,0,-6
753,55,0,-4
10,647,0,-8
866,891,0,-3
453,182,0,-9
427,261,0,-2
756,291,0,-5
858,289,0,-10
142,293,0,-7
950,893,0,-3
262,12,0,-1
87,119,0,-4
155,276,0,-10
313,759,0,-3
957,873,0,-3
682,840,0,-5
268,550,0,-1
964,960,0,-6
828,786,0,-6
188,949,0,-4
138,370,0,-8
935,102,0,-3
196,912,0,-2
911,754,0,-7
26,318,0,-10
312,695,0,-3
80,538,0,-8
691,600,0,-6
951,994,0,-2
320,358,0,-5
10,173,0,-4
597,861,0,-1
949,752,0,-1
770,463,0,-6
792,264,0,-8
227,3,0,-7
169,462,0,-2
998,62,0,-3
91,754,0,-3
501,726,0,-4
461,489,0,-1
973,799,0,-5
107,335,0,-9
263,687,0,-7
824,326,0,-3
769,935,0,-7
278,308,0,-10
687,868,0,-9
382,604,0,-2
804,630,0,-1
312,324,0,-6
645,433,0,-4
39,84,0,-1
741,381,0,-8
110,870,0,-6
842,895,0,-7
363,452,0,-4
149,959,0,-3
852,312,0,-2
910,540,0,-4
545,329,0,-6
100,891,0,-5
198,954,0,-9
