37,1037,0,3
159,1159,0,5
190,1190,0,8
371,1371,0,9
452,1452,0,3
654,1654,0,5
670,1670,0,6
701,1701,0,7
746,1746,0,8
969,1969,0,5
757,222,0,-5
554,222,0,-3
222,603,0,-6
603,854,0,-3
554,229,0,-6
222,439,0,-1
854,172,0,-1
229,129,0,-4
229,402,0,-9
222,423,0,-10
782,554,0,-1
791,554,0,-9
978,757,0,-7
655,782,0,-10
818,791,0,-9
978,776,0,-10
337,782,0,-10
655,597,0,-10
506,554,0,-3
141,757,0,-1
652,782,0,-1
337,392,0,-1
123,652,0,-9
866,603,0,-9
506,572,0,-5
392,120,0,-9
229,848,0,-6
472,222,0,-4
434,757,0,-2
782,418,0,-2
937,854,0,-5
572,241,0,-1
402,158,0,-4
171,554,0,-2
597,634,0,-1
534,222,0,-9
677,848,0,-4
969,572,0,-7
235,402,0,-1
481,782,0,-3
790,603,0,-10
681,866,0,-10
402,532,0,-5
918,129,0,-7
238,918,0,-6
235,163,0,-10
300,238,0,-7
163,413,0,-8
818,999,0,-9
202,776,0,-3
652,751,0,-8
854,174,0,-7
506,976,0,-2
404,300,0,-7
571,202,0,-1
315,337,0,-7
428,554,0,-5
353,141,0,-9
597,707,0,-2
171,287,0,-10
255,969,0,-1
526,655,0,-5
751,608,0,-10
749,238,0,-6
782,5,0,-2
129,852,0,-8
860,423,0,-7
791,959,0,-5
818,763,0,-5
357,749,0,-10
730,472,0,-3
757,620,0,-5
677,342,0,-7
338,608,0,-7
620,947,0,-2
597,279,0,-10
848,131,0,-9
472,557,0,-5
526,833,0,-2
267,620,0,-2
652,498,0,-4
72,707,0,-2
626,287,0,-3
217,854,0,-9
818,897,0,-3
852,10,0,-4
235,710,0,-6
791,659,0,-5
141,737,0,-9
693,937,0,-9
659,851,0,-7
287,576,0,-4
107,10,0,-10
243,534,0,-6
949,337,0,-3
482,833,0,-10
710,691,0,-2
10,750,0,-5
337,515,0,-4
526,983,0,-7
39,120,0,-7
959,368,0,-4
357,666,0,-10
833,92,0,-9
45,730,0,-6
96,141,0,-7
558,693,0,-4
243,598,0,-1
123,214,0,-10
526,387,0,-6
353,602,0,-10
707,904,0,-3
710,365,0,-9
875,423,0,-8
790,242,0,-3
782,247,0,-4
545,620,0,-3
750,21,0,-4
279,686,0,-7
368,513,0,-10
58,242,0,-1
584,763,0,-2
544,21,0,-8
158,630,0,-3
654,428,0,-3
788,918,0,-8
192,171,0,-7
763,177,0,-4
945,192,0,-10
235,456,0,-9
705,949,0,-3
883,217,0,-10
795,202,0,-3
739,10,0,-6
392,594,0,-1
524,515,0,-10
562,241,0,-10
34,472,0,-6
544,361,0,-2
267,801,0,-7
340,947,0,-3
337,328,0,-7
124,571,0,-7
744,666,0,-4
177,66,0,-7
575,562,0,-5
711,39,0,-3
575,180,0,-10
287,734,0,-1
88,172,0,-5
18,833,0,-2
711,173,0,-3
369,337,0,-1
326,369,0,-10
602,470,0,-7
477,129,0,-10
652,908,0,-1
881,392,0,-4
131,499,0,-7
485,999,0,-7
835,107,0,-9
565,744,0,-10
222,432,0,-10
121,584,0,-1
614,782,0,-9
784,666,0,-10
129,312,0,-5
43,976,0,-4
58,63,0,-5
173,41,0,-4
352,677,0,-4
352,55,0,-10
707,610,0,-7
554,253,0,-4
848,779,0,-4
525,734,0,-8
116,124,0,-9
889,848,0,-3
503,217,0,-2
499,840,0,-10
131,671,0,-6
39,104,0,-7
116,729,0,-2
899,353,0,-7
848,64,0,-9
544,695,0,-5
104,207,0,-3
714,544,0,-2
693,548,0,-10
45,861,0,-6
253,377,0,-8
337,679,0,-5
573,620,0,-6
177,3,0,-4
710,972,0,-1
207,59,0,-6
686,975,0,-3
744,317,0,-1
305,883,0,-6
883,155,0,-4
410,918,0,-8
956,64,0,-8
39,405,0,-5
945,874,0,-8
784,331,0,-6
915,413,0,-4
776,12,0,-4
222,396,0,-10
370,782,0,-1
3,360,0,-3
331,401,0,-5
312,870,0,-4
706,12,0,-7
908,27,0,-8
962,751,0,-7
401,961,0,-7
623,711,0,-9
828,978,0,-3
681,68,0,-4
88,296,0,-6
548,447,0,-9
370,393,0,-2
904,130,0,-2
238,30,0,-10
419,866,0,-3
608,694,0,-8
873,751,0,-9
374,396,0,-9
428,113,0,-4
734,398,0,-6
213,734,0,-3
573,20,0,-5
172,379,0,-10
58,817,0,-2
695,208,0,-1
614,261,0,-9
936,21,0,-2
1,163,0,-10
972,931,0,-2
405,758,0,-6
174,65,0,-2
57,279,0,-1
56,945,0,-7
396,448,0,-2
460,828,0,-2
807,801,0,-4
273,470,0,-8
372,65,0,-1
706,250,0,-6
634,347,0,-4
10,589,0,-3
312,14,0,-1
262,43,0,-6
976,766,0,-6
983,187,0,-3
796,58,0,-2
238,799,0,-3
861,563,0,-10
343,485,0,-6
59,877,0,-1
624,807,0,-4
370,500,0,-7
666,303,0,-1
174,815,0,-9
326,541,0,-8
750,288,0,-8
555,524,0,-3
322,447,0,-3
978,924,0,-2
149,352,0,-9
897,397,0,-8
741,710,0,-5
410,60,0,-3
231,562,0,-3
65,522,0,-4
510,397,0,-10
737,955,0,-5
363,340,0,-1
211,92,0,-3
39,81,0,-7
938,947,0,-4
542,60,0,-8
914,908,0,-10
5,583,0,-6
565,252,0,-1
767,610,0,-3
823,779,0,-4
600,949,0,-3
79,852,0,-5
217,968,0,-3
214,632,0,-8
901,211,0,-2
743,171,0,-6
151,532,0,-7
46,337,0,-4
63,227,0,-3
102,757,0,-7
570,976,0,-5
130,902,0,-1
584,462,0,-9
472,375,0,-9
743,223,0,-2
811,686,0,-8
743,438,0,-3
463,347,0,-7
707,521,0,-4
594,378,0,-7
10,145,0,-1
773,866,0,-10
515,311,0,-2
779,446,0,-8
684,207,0,-6
218,840,0,-8
180,111,0,-2
484,59,0,-5
262,621,0,-8
61,931,0,-4
226,659,0,-1
603,233,0,-9
661,541,0,-8
372,249,0,-1
54,620,0,-8
59,84,0,-10
346,795,0,-6
754,378,0,-2
949,808,0,-8
470,651,0,-1
830,30,0,-6
145,359,0,-10
498,839,0,-7
901,756,0,-10
878,686,0,-2
476,145,0,-4
322,836,0,-6
708,743,0,-10
661,400,0,-1
312,742,0,-2
994,54,0,-6
140,624,0,-6
874,900,0,-7
43,69,0,-6
598,648,0,-1
315,752,0,-6
106,372,0,-10
950,378,0,-8
834,92,0,-2
694,568,0,-10
463,697,0,-1
218,142,0,-2
723,211,0,-2
154,315,0,-2
598,289,0,-4
504,573,0,-7
730,977,0,-7
663,81,0,-1
829,21,0,-9
10,220,0,-8
571,887,0,-2
296,929,0,-6
969,454,0,-5
956,313,0,-5
850,583,0,-2
614,716,0,-4
59,551,0,-7
804,729,0,-9
992,72,0,-1
525,32,0,-8
289,692,0,-7
819,357,0,-5
823,891,0,-4
428,491,0,-1
931,638,0,-9
84,639,0,-2
742,80,0,-6
895,741,0,-2
949,814,0,-3
102,641,0,-4
543,600,0,-7
807,606,0,-2
821,641,0,-6
721,972,0,-5
924,760,0,-10
201,359,0,-2
874,748,0,-1
129,941,0,-2
598,951,0,-2
994,409,0,-10
328,329,0,-2
123,841,0,-9
558,200,0,-3
333,828,0,-9
967,694,0,-6
166,526,0,-3
449,27,0,-7
34,132,0,-2
33,231,0,-2
18,856,0,-3
424,829,0,-8
677,667,0,-1
659,682,0,-1
135,667,0,-9
373,784,0,-8
63,323,0,-8
641,709,0,-1
876,791,0,-9
389,61,0,-9
389,97,0,-4
443,432,0,-4
551,656,0,-9
303,559,0,-8
967,282,0,-4
54,636,0,-1
664,691,0,-4
321,111,0,-7
669,213,0,-10
462,893,0,-3
592,734,0,-10
281,116,0,-3
536,43,0,-9
513,272,0,-8
419,280,0,-4
887,921,0,-1
233,728,0,-7
668,682,0,-2
562,733,0,-8
627,279,0,-10
331,459,0,-10
56,408,0,-5
718,766,0,-2
258,252,0,-8
111,489,0,-5
595,449,0,-3
264,744,0,-1
830,475,0,-1
936,376,0,-10
489,508,0,-8
835,351,0,-9
706,186,0,-7
225,968,0,-2
468,21,0,-8
75,887,0,-2
721,108,0,-3
536,414,0,-7
179,915,0,-5
994,780,0,-9
893,335,0,-9
220,292,0,-8
653,84,0,-8
434,957,0,-10
559,4,0,-10
723,125,0,-9
727,75,0,-10
976,880,0,-4
993,881,0,-8
868,557,0,-1
804,465,0,-2
626,362,0,-7
536,193,0,-4
992,809,0,-10
900,611,0,-7
894,46,0,-6
941,245,0,-3
995,782,0,-10
710,383,0,-10
430,695,0,-6
47,976,0,-1
103,376,0,-8
874,605,0,-8
114,941,0,-5
693,382,0,-7
367,287,0,-2
699,231,0,-5
507,111,0,-10
799,412,0,-4
37,860,0,-9
663,126,0,-10
647,456,0,-8
999,771,0,-6
681,579,0,-8
525,270,0,-10
694,148,0,-1
616,504,0,-5
686,863,0,-2
855,655,0,-1
795,998,0,-8
571,800,0,-7
602,101,0,-8
241,777,0,-1
139,780,0,-2
423,805,0,-1
150,557,0,-6
745,506,0,-4
894,284,0,-3
475,283,0,-5
599,485,0,-5
162,343,0,-3
249,935,0,-2
900,678,0,-9
116,535,0,-5
784,963,0,-1
109,610,0,-5
806,599,0,-2
889,170,0,-8
671,53,0,-5
117,754,0,-2
774,908,0,-1
35,918,0,-1
619,430,0,-2
139,585,0,-9
952,749,0,-4
314,881,0,-4
499,629,0,-7
100,536,0,-5
314,85,0,-7
998,298,0,-5
37,898,0,-2
600,306,0,-8
91,126,0,-1
158,191,0,-7
824,446,0,-7
168,163,0,-4
663,268,0,-4
679,939,0,-8
126,269,0,-8
248,852,0,-7
389,832,0,-9
272,550,0,-3
428,160,0,-3
481,457,0,-8
961,105,0,-2
749,310,0,-10
813,472,0,-7
699,212,0,-8
606,588,0,-8
876,591,0,-1
240,162,0,-3
214,221,0,-8
964,788,0,-9
245,837,0,-4
485,637,0,-1
631,418,0,-9
342,302,0,-2
570,787,0,-8
784,358,0,-3
541,2,0,-1
487,969,0,-1
188,405,0,-1
303,586,0,-5
774,388,0,-6
185,177,0,-5
258,971,0,-9
91,25,0,-3
843,150,0,-10
904,925,0,-8
105,736,0,-6
576,905,0,-9
196,541,0,-2
577,120,0,-1
138,623,0,-4
980,100,0,-1
412,29,0,-6
915,531,0,-3
35,607,0,-1
441,92,0,-9
985,92,0,-6
381,482,0,-7
616,768,0,-8
790,528,0,-4
931,394,0,-10
309,813,0,-6
537,163,0,-1
22,264,0,-6
519,889,0,-3
117,464,0,-7
210,937,0,-2
984,231,0,-10
93,993,0,-4
500,715,0,-8
544,276,0,-7
426,985,0,-9
22,501,0,-3
490,347,0,-2
96,511,0,-1
574,897,0,-3
453,454,0,-6
729,687,0,-8
307,784,0,-2
911,964,0,-4
924,530,0,-9
13,621,0,-2
213,724,0,-9
41,676,0,-5
263,921,0,-4
57,505,0,-5
124,493,0,-1
424,364,0,-4
586,90,0,-4
208,399,0,-4
285,101,0,-4
201,613,0,-7
221,991,0,-4
532,954,0,-6
275,53,0,-9
384,777,0,-8
731,243,0,-1
220,759,0,-9
520,823,0,-4
13,871,0,-8
478,576,0,-3
800,996,0,-6
689,333,0,-10
328,970,0,-2
598,578,0,-7
337,966,0,-1
917,456,0,-4
767,946,0,-9
902,486,0,-6
273,890,0,-9
82,866,0,-9
670,314,0,-9
886,25,0,-7
8,788,0,-6
789,543,0,-3
317,143,0,-8
294,840,0,-2
692,297,0,-2
578,587,0,-8
845,968,0,-4
653,461,0,-2
467,163,0,-10
291,43,0,-2
391,759,0,-7
193,643,0,-6
514,734,0,-7
379,553,0,-6
628,142,0,-2
19,899,0,-2
181,192,0,-9
27,290,0,-7
921,764,0,-10
197,58,0,-2
885,995,0,-7
45,812,0,-5
375,133,0,-7
927,789,0,-3
21,772,0,-1
239,548,0,-3
254,142,0,-8
109,858,0,-4
379,301,0,-5
371,301,0,-8
232,148,0,-10
182,238,0,-7
458,733,0,-8
228,917,0,-5
312,112,0,-9
336,504,0,-3
632,567,0,-10
293,819,0,-3
827,648,0,-4
23,441,0,-4
953,448,0,-3
734,153,0,-4
635,774,0,-3
862,426,0,-4
330,85,0,-10
550,746,0,-6
609,678,0,-7
133,436,0,-1
809,703,0,-4
350,351,0,-9
504,892,0,-5
385,887,0,-9
418,327,0,-10
661,234,0,-9
816,812,0,-8
349,192,0,-5
612,41,0,-5
561,574,0,-6
70,889,0,-1
658,222,0,-9
76,166,0,-1
357,165,0,-5
319,272,0,-4
261,286,0,-3
722,409,0,-9
402,94,0,-7
235,765,0,-3
297,324,0,-3
429,292,0,-9
660,830,0,-8
6,515,0,-8
957,354,0,-3
212,582,0,-5
438,471,0,-4
40,438,0,-6
862,341,0,-3
659,556,0,-6
431,682,0,-9
132,934,0,-1
814,390,0,-10
371,215,0,-7
66,206,0,-4
121,161,0,-2
802,375,0,-2
980,916,0,-2
704,337,0,-7
945,159,0,-5
544,529,0,-4
587,867,0,-7
864,354,0,-1
122,149,0,-8
62,829,0,-1
673,871,0,-9
919,143,0,-7
882,505,0,-8
190,275,0,-2
943,812,0,-9
547,737,0,-7
721,176,0,-9
642,652,0,-8
852,615,0,-3
533,315,0,-1
396,87,0,-5
159,932,0,-6
370,137,0,-2
460,278,0,-8
826,170,0,-1
360,44,0,-3
87,645,0,-1
127,998,0,-6
603,495,0,-10
349,169,0,-6
209,228,0,-10
928,576,0,-7
49,220,0,-3
509,478,0,-7
120,906,0,-9
463,844,0,-2
962,523,0,-10
77,503,0,-2
3,650,0,-6
214,450,0,-4
373,199,0,-9
990,436,0,-7
622,592,0,-10
86,521,0,-6
467,857,0,-3
56,979,0,-2
185,422,0,-5
847,53,0,-6
348,361,0,-9
778,402,0,-1
483,709,0,-2
887,907,0,-2
898,325,0,-1
963,95,0,-8
987,199,0,-3
458,146,0,-6
604,239,0,-4
658,17,0,-4
371,738,0,-5
417,63,0,-6
178,370,0,-10
847,256,0,-3
598,792,0,-5
100,420,0,-5
952,437,0,-2
488,588,0,-5
224,881,0,-8
205,96,0,-3
871,516,0,-7
66,593,0,-7
655,110,0,-5
31,457,0,-4
972,251,0,-10
130,216,0,-10
518,396,0,-10
475,646,0,-1
682,433,0,-6
865,804,0,-5
563,601,0,-2
939,98,0,-7
853,791,0,-7
941,144,0,-10
646,435,0,-3
555,662,0,-7
566,369,0,-6
785,101,0,-7
1000,138,0,-5
16,125,0,-6
89,856,0,-2
917,128,0,-1
395,673,0,-1
855,989,0,-7
770,315,0,-5
882,407,0,-6
147,776,0,-2
978,685,0,-6
560,522,0,-5
947,859,0,-3
617,391,0,-7
717,464,0,-9
221,308,0,-2
132,696,0,-5
415,485,0,-3
361,425,0,-8
702,578,0,-6
488,793,0,-1
594,473,0,-8
810,813,0,-3
101,786,0,-8
735,956,0,-7
612,580,0,-5
777,948,0,-4
121,265,0,-6
874,259,0,-9
649,467,0,-3
15,404,0,-3
496,174,0,-7
80,83,0,-2
71,970,0,-2
616,726,0,-5
893,480,0,-4
658,944,0,-3
356,438,0,-9
285,119,0,-2
968,539,0,-3
812,304,0,-10
378,988,0,-3
909,623,0,-1
809,644,0,-1
910,914,0,-5
730,842,0,-10
762,902,0,-3
594,444,0,-4
296,618,0,-9
884,379,0,-5
931,698,0,-9
9,145,0,-7
680,478,0,-10
997,438,0,-2
93,640,0,-9
827,903,0,-6
25,99,0,-7
855,445,0,-3
658,564,0,-3
347,42,0,-6
427,335,0,-7
906,502,0,-5
597,838,0,-6
260,630,0,-10
332,533,0,-4
7,436,0,-9
299,165,0,-6
479,122,0,-7
517,608,0,-10
846,613,0,-6
740,909,0,-9
211,152,0,-6
38,506,0,-6
356,266,0,-8
314,244,0,-8
394,183,0,-6
604,67,0,-6
701,457,0,-6
803,399,0,-7
355,824,0,-4
236,537,0,-7
283,51,0,-8
549,533,0,-10
960,534,0,-10
167,125,0,-7
492,65,0,-10
7,747,0,-5
794,967,0,-6
374,783,0,-1
946,512,0,-6
320,201,0,-7
318,459,0,-4
732,248,0,-10
76,219,0,-6
194,591,0,-10
24,663,0,-1
11,286,0,-1
973,620,0,-2
175,228,0,-4
982,561,0,-7
648,451,0,-4
886,569,0,-9
913,373,0,-2
657,578,0,-7
690,70,0,-8
831,108,0,-10
115,31,0,-5
761,939,0,-9
888,877,0,-1
111,769,0,-7
677,849,0,-3
660,879,0,-6
813,469,0,-6
720,836,0,-4
456,316,0,-10
958,25,0,-7
872,895,0,-5
408,386,0,-10
406,916,0,-5
654,719,0,-3
817,277,0,-3
700,386,0,-4
181,974,0,-7
775,529,0,-6
994,345,0,-9
110,230,0,-7
527,95,0,-3
601,50,0,-8
274,521,0,-7
334,41,0,-6
912,211,0,-3
367,712,0,-2
798,943,0,-1
74,959,0,-1
136,584,0,-7
597,421,0,-5
36,301,0,-1
436,156,0,-10
654,981,0,-6
455,970,0,-5
699,625,0,-10
235,157,0,-9
504,203,0,-3
430,781,0,-3
342,204,0,-7
822,924,0,-9
380,285,0,-3
636,753,0,-1
339,155,0,-3
309,633,0,-4
126,674,0,-2
398,546,0,-8
252,933,0,-1
534,403,0,-3
922,199,0,-4
552,634,0,-4
440,679,0,-5
491,797,0,-2
134,423,0,-9
906,538,0,-8
746,118,0,-9
940,808,0,-6
497,450,0,-3
611,581,0,-6
411,562,0,-5
187,184,0,-1
195,226,0,-5
164,643,0,-5
596,390,0,-6
344,528,0,-2
415,452,0,-9
822,416,0,-3
820,281,0,-4
95,442,0,-7
799,869,0,-3
52,225,0,-7
124,466,0,-9
725,673,0,-3
5,675,0,-8
763,271,0,-8
508,246,0,-10
61,920,0,-3
109,474,0,-7
590,995,0,-3
447,755,0,-1
70,26,0,-10
78,190,0,-7
688,338,0,-4
494,486,0,-1
825,359,0,-8
884,295,0,-1
189,264,0,-4
745,683,0,-2
986,906,0,-7
237,772,0,-6
923,537,0,-3
311,672,0,-5
930,649,0,-8
946,713,0,-8
965,934,0,-3
896,961,0,-8
540,667,0,-10
48,473,0,-8
402,366,0,-9
866,665,0,-3
198,607,0,-1
733,73,0,-4
782,257,0,-3
28,717,0,-1
523,942,0,-6
926,811,0,-2
349,890,0,-5
142,527,0,-8
871,194,0,-7
54,511,0,-7
220,641,0,-8
157,133,0,-2
742,247,0,-4
832,50,0,-2
194,578,0,-9
47,888,0,-10
787,193,0,-4
499,981,0,-1
273,997,0,-3
709,378,0,-2
579,168,0,-2
291,62,0,-2
538,824,0,-4
987,459,0,-5
432,62,0,-6
975,31,0,-3
555,865,0,-5
276,338,0,-5
706,19,0,-10
66,342,0,-4
709,762,0,-7
592,377,0,-6
399,538,0,-10
775,812,0,-8
446,35,0,-3
427,695,0,-6
273,151,0,-7
653,599,0,-1
319,384,0,-1
323,713,0,-9
906,14,0,-2
690,783,0,-6
403,196,0,-7
311,376,0,-5
192,626,0,-3
499,619,0,-4
320,407,0,-6
85,735,0,-4
814,709,0,-3
516,603,0,-7
378,633,0,-2
508,639,0,-8
581,24,0,-2
96,532,0,-7
550,501,0,-4
482,999,0,-6
377,780,0,-4
515,887,0,-7
798,439,0,-10
391,906,0,-10
238,55,0,-6
256,968,0,-9
648,945,0,-8
752,696,0,-7
794,92,0,-6
534,497,0,-1
984,814,0,-2
9,628,0,-5
250,446,0,-3
392,363,0,-1
907,850,0,-7
824,989,0,-9
801,248,0,-9
465,3,0,-8
927,265,0,-8
445,508,0,-1
631,495,0,-6
192,810,0,-6
507,248,0,-8
208,255,0,-1
124,212,0,-9
607,815,0,-8
276,892,0,-2
467,385,0,-6
810,194,0,-5
675,736,0,-2
635,155,0,-5
519,149,0,-8
887,63,0,-6
657,797,0,-10
342,326,0,-4
776,992,0,-2
173,769,0,-7
674,740,0,-9
801,605,0,-10
377,305,0,-3
301,353,0,-8
296,761,0,-8
645,17,0,-9
599,99,0,-10
101,554,0,-9
699,58,0,-7
699,621,0,-3
384,740,0,-7
951,267,0,-2
175,994,0,-10
164,592,0,-5
540,516,0,-10
712,321,0,-1
258,36,0,-7
861,543,0,-7
946,649,0,-8
284,789,0,-8
493,479,0,-9
414,821,0,-4
494,134,0,-2
373,22,0,-8
325,73,0,-2
383,255,0,-2
436,977,0,-4
381,743,0,-1
312,89,0,-3
573,159,0,-9
935,896,0,-7
65,369,0,-10
992,673,0,-8
170,601,0,-3
512,33,0,-4
625,835,0,-2
407,813,0,-8
106,858,0,-4
71,577,0,-2
811,733,0,-2
245,593,0,-3
437,635,0,-2
354,346,0,-3
597,703,0,-4
662,910,0,-1
687,355,0,-6
64,229,0,-7
631,579,0,-9
356,464,0,-4
593,332,0,-8
196,101,0,-5
328,545,0,-9
888,934,0,-5
668,914,0,-3
992,338,0,-3
866,964,0,-4
570,882,0,-1
190,16,0,-9
692,676,0,-3
994,982,0,-3
430,677,0,-7
976,437,0,-2
159,15,0,-2
208,599,0,-9
552,619,0,-9
273,993,0,-6
534,179,0,-1
192,628,0,-4
66,332,0,-2
27,907,0,-3
90,952,0,-8
429,534,0,-8
497,441,0,-7
246,722,0,-8
161,345,0,-7
134,220,0,-6
381,568,0,-7
70,108,0,-2
741,419,0,-1
521,775,0,-6
847,957,0,-3
296,384,0,-4
490,751,0,-2
414,160,0,-2
242,707,0,-8
393,60,0,-7
407,219,0,-7
858,918,0,-3
247,975,0,-7
422,779,0,-8
326,20,0,-7
442,5,0,-1
908,811,0,-4
884,35,0,-2
298,324,0,-10
999,387,0,-1
660,64,0,-9
311,261,0,-2
406,556,0,-3
202,673,0,-5
989,267,0,-7
673,73,0,-8
906,818,0,-6
867,927,0,-9
489,299,0,-1
565,741,0,-6
21,310,0,-3
688,52,0,-8
659,309,0,-6
935,591,0,-7
59,796,0,-4
290,712,0,-2
117,643,0,-5
202,817,0,-1
724,157,0,-10
186,203,0,-2
419,939,0,-8
403,980,0,-9
949,48,0,-1
302,755,0,-9
439,954,0,-10
885,673,0,-1
835,738,0,-1
509,508,0,-2
181,827,0,-8
733,6,0,-7
440,627,0,-10
46,273,0,-9
756,332,0,-2
991,646,0,-7
313,902,0,-6
368,864,0,-6
564,31,0,-6
589,396,0,-2
608,821,0,-7
817,244,0,-8
854,293,0,-3
443,219,0,-10
980,412,0,-5
237,445,0,-8
26,748,0,-9
164,140,0,-1
739,574,0,-6
489,576,0,-9
101,252,0,-9
80,668,0,-1
212,151,0,-8
400,536,0,-4
825,833,0,-4
834,872,0,-5
892,64,0,-9
460,182,0,-9
111,806,0,-1
448,741,0,-9
873,781,0,-5
307,635,0,-2
785,409,0,-2
717,87,0,-4
669,948,0,-4
276,669,0,-5
796,551,0,-5
995,453,0,-8
638,673,0,-8
931,241,0,-5
