9,509,0,86
21,521,0,45
118,618,0,97
176,676,0,26
199,699,0,47
209,709,0,32
268,768,0,78
341,841,0,74
394,894,0,54
466,966,0,65
72,288,0,-5
72,119,0,-1
238,119,0,-3
238,194,0,-2
288,340,0,-1
317,72,0,-5
176,72,0,-6
194,299,0,-6
119,212,0,-8
176,84,0,-1
371,72,0,-3
229,72,0,-10
176,440,0,-7
366,212,0,-7
174,317,0,-6
224,317,0,-10
234,238,0,-8
303,340,0,-8
176,188,0,-4
340,61,0,-3
117,176,0,-2
257,317,0,-6
183,371,0,-5
316,212,0,-5
340,295,0,-1
383,288,0,-8
212,77,0,-6
47,366,0,-10
195,366,0,-10
174,150,0,-5
37,229,0,-9
384,234,0,-6
84,79,0,-10
229,5,0,-8
304,37,0,-3
250,183,0,-3
5,296,0,-7
176,348,0,-9
143,84,0,-3
371,202,0,-7
250,214,0,-3
40,296,0,-8
326,340,0,-5
37,442,0,-3
440,218,0,-2
65,72,0,-4
400,117,0,-4
63,195,0,-5
218,167,0,-5
195,59,0,-7
140,400,0,-9
280,59,0,-10
61,46,0,-9
40,375,0,-1
406,84,0,-5
79,357,0,-5
40,2,0,-2
422,440,0,-5
314,143,0,-6
143,159,0,-10
174,320,0,-1
140,69,0,-4
224,197,0,-10
67,304,0,-8
195,146,0,-3
70,69,0,-3
182,150,0,-5
343,214,0,-5
2,177,0,-4
309,65,0,-7
327,195,0,-10
422,392,0,-7
21,77,0,-2
299,447,0,-9
327,418,0,-3
69,464,0,-5
69,324,0,-2
25,47,0,-5
67,272,0,-6
218,98,0,-5
197,336,0,-1
218,318,0,-2
38,70,0,-8
340,374,0,-5
197,381,0,-1
150,352,0,-3
455,5,0,-3
442,412,0,-10
177,211,0,-2
207,309,0,-5
316,347,0,-5
316,284,0,-6
140,421,0,-3
244,343,0,-10
61,276,0,-1
175,340,0,-6
18,207,0,-5
72,365,0,-7
69,394,0,-8
88,400,0,-3
176,420,0,-7
280,161,0,-8
464,402,0,-8
161,389,0,-6
188,444,0,-7
343,349,0,-4
368,159,0,-7
371,473,0,-3
131,69,0,-9
120,59,0,-1
338,295,0,-8
63,376,0,-10
329,365,0,-4
470,418,0,-5
202,390,0,-9
365,111,0,-9
67,398,0,-7
209,176,0,-8
100,207,0,-6
320,480,0,-5
402,437,0,-6
81,150,0,-10
316,354,0,-7
304,198,0,-10
43,442,0,-8
56,272,0,-3
249,336,0,-9
11,389,0,-8
300,211,0,-4
212,377,0,-7
105,197,0,-4
421,16,0,-10
21,482,0,-7
175,407,0,-1
182,90,0,-3
74,194,0,-3
347,494,0,-5
178,473,0,-6
175,254,0,-5
426,202,0,-6
307,174,0,-4
234,243,0,-6
314,158,0,-3
224,267,0,-10
87,117,0,-5
315,354,0,-1
121,473,0,-3
234,225,0,-7
244,86,0,-5
392,78,0,-8
67,310,0,-1
20,464,0,-6
309,148,0,-6
461,69,0,-8
435,111,0,-8
139,296,0,-1
157,81,0,-1
194,427,0,-9
120,97,0,-3
132,119,0,-10
16,434,0,-2
393,70,0,-10
422,28,0,-4
240,318,0,-5
235,197,0,-9
436,225,0,-5
398,201,0,-3
270,65,0,-6
14,288,0,-7
284,203,0,-5
106,318,0,-9
257,83,0,-2
489,46,0,-7
100,54,0,-5
477,47,0,-5
13,347,0,-7
174,459,0,-4
312,2,0,-5
53,11,0,-7
194,172,0,-10
72,145,0,-4
28,273,0,-2
72,82,0,-1
293,77,0,-6
154,81,0,-1
476,348,0,-10
116,406,0,-9
38,499,0,-5
273,169,0,-8
335,53,0,-5
20,430,0,-6
407,333,0,-4
83,181,0,-2
420,271,0,-4
348,451,0,-9
455,60,0,-3
387,46,0,-5
248,105,0,-2
42,343,0,-6
250,230,0,-8
73,169,0,-10
86,266,0,-3
426,358,0,-1
490,333,0,-5
32,270,0,-1
357,208,0,-9
240,94,0,-8
248,173,0,-4
62,273,0,-10
57,266,0,-8
463,327,0,-2
430,237,0,-10
131,441,0,-6
490,30,0,-5
315,332,0,-10
350,296,0,-10
289,5,0,-8
6,354,0,-4
178,171,0,-2
485,280,0,-4
302,69,0,-3
430,363,0,-4
336,75,0,-8
419,280,0,-7
413,315,0,-9
285,374,0,-7
134,480,0,-8
299,15,0,-2
54,370,0,-2
374,445,0,-1
494,290,0,-10
234,1,0,-5
335,141,0,-7
304,261,0,-9
228,272,0,-10
81,369,0,-10
449,267,0,-10
456,333,0,-7
244,264,0,-3
498,307,0,-4
3,316,0,-3
394,443,0,-3
221,350,0,-8
239,235,0,-2
137,167,0,-8
52,225,0,-4
82,223,0,-5
8,87,0,-10
210,276,0,-1
179,400,0,-10
354,308,0,-9
493,366,0,-3
240,19,0,-7
457,181,0,-10
121,213,0,-5
65,138,0,-7
264,133,0,-2
354,328,0,-7
397,377,0,-6
470,454,0,-10
129,248,0,-7
24,38,0,-5
376,341,0,-7
58,62,0,-10
309,112,0,-4
336,483,0,-10
386,293,0,-3
114,87,0,-4
308,388,0,-4
23,52,0,-9
17,324,0,-6
140,22,0,-2
167,475,0,-2
477,488,0,-5
257,45,0,-1
238,364,0,-9
267,101,0,-10
222,290,0,-4
277,302,0,-7
213,147,0,-4
466,5,0,-2
343,401,0,-1
221,298,0,-5
280,474,0,-7
9,276,0,-5
306,257,0,-10
473,404,0,-10
31,459,0,-6
373,197,0,-4
55,45,0,-4
384,71,0,-3
437,491,0,-9
487,84,0,-2
197,424,0,-2
210,395,0,-10
380,111,0,-5
226,341,0,-7
276,346,0,-1
143,253,0,-9
173,185,0,-6
323,451,0,-9
479,195,0,-10
419,409,0,-7
319,106,0,-3
81,85,0,-10
199,434,0,-1
247,333,0,-1
254,149,0,-2
291,461,0,-7
160,390,0,-6
262,182,0,-1
257,465,0,-1
243,48,0,-3
357,44,0,-4
373,453,0,-9
458,172,0,-2
136,343,0,-8
224,166,0,-4
19,227,0,-3
283,213,0,-6
500,6,0,-2
225,274,0,-2
237,156,0,-6
442,26,0,-6
99,169,0,-4
88,95,0,-3
243,439,0,-6
154,278,0,-2
244,89,0,-8
76,211,0,-7
162,277,0,-3
152,303,0,-3
76,34,0,-6
267,35,0,-2
14,155,0,-5
286,177,0,-10
445,113,0,-6
361,309,0,-8
146,282,0,-8
117,486,0,-2
350,431,0,-2
236,25,0,-1
294,473,0,-7
46,126,0,-4
226,325,0,-8
210,68,0,-2
275,121,0,-5
134,92,0,-4
482,245,0,-10
147,219,0,-3
371,80,0,-2
418,193,0,-1
300,256,0,-1
128,456,0,-4
413,460,0,-4
152,378,0,-4
457,93,0,-9
346,268,0,-10
29,487,0,-4
5,251,0,-1
416,169,0,-8
498,292,0,-8
215,211,0,-3
35,301,0,-5
216,117,0,-9
172,27,0,-7
46,190,0,-2
311,323,0,-9
314,484,0,-1
493,279,0,-8
128,135,0,-6
447,10,0,-8
214,7,0,-5
220,133,0,-6
252,238,0,-3
78,382,0,-5
380,405,0,-2
66,159,0,-1
49,294,0,-8
228,107,0,-5
219,233,0,-10
12,117,0,-5
217,387,0,-10
367,230,0,-1
497,384,0,-5
395,130,0,-3
170,335,0,-6
284,151,0,-9
428,352,0,-5
403,169,0,-10
134,206,0,-10
107,471,0,-9
313,228,0,-5
9,462,0,-5
476,399,0,-7
454,64,0,-6
122,275,0,-4
438,216,0,-10
398,124,0,-1
142,380,0,-4
217,186,0,-7
367,115,0,-5
64,344,0,-9
360,462,0,-5
421,242,0,-3
469,426,0,-10
299,339,0,-8
159,104,0,-4
118,243,0,-6
265,67,0,-9
40,492,0,-9
356,9,0,-2
34,297,0,-7
50,282,0,-7
154,481,0,-5
355,206,0,-4
118,102,0,-9
437,192,0,-4
408,380,0,-5
127,303,0,-9
232,35,0,-10
337,479,0,-8
90,281,0,-7
100,123,0,-4
96,485,0,-2
438,432,0,-6
4,340,0,-1
496,498,0,-7
90,391,0,-1
446,150,0,-8
45,423,0,-1
147,196,0,-1
322,18,0,-1
483,231,0,-8
260,426,0,-4
175,258,0,-7
287,117,0,-7
407,110,0,-6
267,144,0,-4
156,353,0,-6
345,327,0,-6
179,305,0,-9
289,205,0,-7
411,194,0,-2
168,470,0,-2
241,72,0,-6
330,114,0,-5
468,147,0,-10
315,334,0,-7
498,321,0,-1
49,331,0,-7
91,455,0,-8
372,31,0,-9
385,400,0,-3
311,433,0,-6
393,184,0,-1
116,351,0,-7
429,465,0,-4
212,200,0,-5
189,389,0,-6
190,187,0,-1
414,444,0,-8
463,379,0,-1
191,468,0,-4
176,452,0,-5
405,495,0,-6
300,425,0,-5
467,414,0,-2
450,371,0,-1
74,359,0,-2
362,166,0,-7
199,39,0,-3
342,101,0,-9
72,51,0,-3
396,468,0,-2
246,308,0,-6
272,180,0,-6
255,329,0,-1
296,269,0,-3
291,478,0,-8
303,259,0,-9
410,91,0,-9
25,204,0,-10
153,227,0,-4
377,165,0,-4
36,476,0,-9
193,448,0,-5
448,103,0,-3
108,71,0,-8
164,244,0,-7
496,415,0,-1
273,417,0,-8
109,326,0,-5
125,452,0,-7
145,472,0,-10
263,425,0,-9
359,33,0,-9
137,163,0,-5
293,41,0,-5
385,338,0,-9
138,77,0,-10
427,216,0,-4
203,81,0,-1
488,179,0,-6
400,431,0,-9
121,366,0,-9
219,27,0,-2
188,173,0,-9
98,360,0,-9
401,406,0,-2
177,103,0,-5
102,292,0,-3
144,465,0,-10
321,43,0,-1
205,281,0,-2
198,208,0,-3
241,246,0,-5
98,210,0,-7
470,345,0,-3
353,39,0,-3
256,464,0,-8
361,364,0,-2
390,65,0,-1
126,220,0,-4
88,120,0,-10
146,390,0,-2
56,268,0,-7
69,273,0,-9
71,308,0,-6
231,377,0,-6
204,448,0,-7
484,376,0,-4
478,33,0,-6
13,320,0,-7
5,81,0,-8
176,315,0,-6
5,40,0,-2
127,298,0,-5
396,130,0,-1
373,309,0,-7
116,355,0,-10
455,454,0,-7
296,73,0,-3
284,472,0,-7
491,290,0,-10
215,193,0,-6
271,387,0,-1
80,229,0,-6
371,247,0,-10
86,254,0,-7
154,460,0,-9
142,166,0,-10
184,84,0,-10
165,363,0,-6
344,117,0,-6
146,53,0,-6
343,210,0,-9
176,235,0,-1
286,136,0,-4
500,7,0,-3
30,256,0,-3
70,438,0,-9
408,342,0,-5
167,417,0,-5
318,33,0,-5
150,345,0,-5
47,91,0,-5
289,131,0,-8
82,315,0,-5
274,423,0,-7
189,255,0,-7
302,449,0,-7
6,54,0,-1
475,294,0,-2
38,65,0,-8
197,453,0,-6
92,103,0,-2
224,163,0,-4
383,228,0,-5
59,348,0,-8
311,466,0,-3
135,360,0,-4
332,324,0,-5
164,415,0,-6
266,458,0,-8
128,99,0,-3
384,399,0,-4
40,215,0,-10
159,80,0,-1
474,207,0,-9
351,199,0,-6
163,311,0,-1
36,290,0,-10
416,146,0,-6
300,4,0,-3
379,169,0,-9
495,450,0,-8
362,168,0,-6
90,106,0,-10
372,354,0,-5
189,372,0,-1
213,457,0,-3
98,167,0,-10
426,296,0,-3
375,364,0,-4
174,483,0,-7
208,164,0,-3
36,488,0,-9
352,9,0,-3
252,45,0,-7
133,373,0,-9
396,254,0,-8
250,106,0,-8
214,330,0,-8
257,423,0,-5
278,181,0,-6
109,486,0,-4
160,9,0,-3
410,226,0,-3
289,291,0,-10
494,404,0,-3
470,40,0,-9
409,407,0,-8
220,5,0,-9
73,43,0,-9
284,311,0,-1
237,157,0,-7
77,132,0,-4
89,76,0,-3
191,240,0,-7
156,83,0,-8
209,498,0,-10
188,3,0,-3
409,448,0,-6
18,489,0,-5
154,130,0,-6
271,246,0,-10
15,204,0,-3
387,237,0,-9
439,84,0,-5
421,344,0,-3
133,380,0,-5
481,340,0,-9
408,265,0,-5
437,440,0,-6
241,496,0,-1
224,493,0,-8
440,215,0,-8
451,344,0,-5
309,342,0,-3
146,349,0,-2
425,203,0,-9
64,357,0,-6
276,194,0,-2
279,488,0,-3
317,450,0,-4
131,234,0,-9
146,318,0,-2
429,252,0,-7
292,143,0,-10
191,419,0,-6
443,11,0,-10
406,58,0,-2
239,308,0,-4
226,444,0,-9
215,492,0,-7
144,481,0,-10
26,118,0,-5
105,143,0,-6
482,233,0,-4
20,73,0,-7
319,266,0,-3
157,444,0,-4
344,170,0,-4
164,79,0,-10
409,159,0,-1
428,120,0,-3
221,155,0,-5
320,315,0,-7
142,464,0,-4
403,329,0,-1
331,273,0,-4
189,37,0,-3
455,360,0,-10
358,427,0,-3
418,460,0,-10
353,332,0,-5
87,354,0,-2
298,372,0,-8
140,477,0,-10
116,118,0,-6
120,137,0,-6
370,233,0,-1
13,7,0,-10
145,296,0,-3
198,420,0,-6
223,175,0,-8
337,168,0,-8
419,387,0,-9
500,471,0,-5
149,421,0,-9
82,172,0,-3
40,46,0,-4
101,5,0,-5
344,311,0,-1
445,412,0,-10
441,456,0,-6
355,103,0,-9
338,427,0,-3
399,335,0,-7
365,352,0,-9
262,72,0,-8
464,50,0,-6
24,384,0,-9
293,312,0,-2
414,491,0,-8
363,325,0,-6
293,342,0,-1
110,392,0,-3
399,461,0,-3
276,163,0,-4
161,464,0,-1
86,228,0,-10
349,162,0,-6
6,258,0,-5
312,217,0,-4
6,32,0,-7
154,357,0,-3
350,457,0,-3
173,391,0,-10
56,462,0,-4
6,185,0,-6
287,409,0,-8
376,344,0,-9
71,398,0,-5
119,375,0,-7
410,188,0,-6
325,486,0,-8
291,207,0,-5
465,431,0,-6
244,395,0,-9
457,292,0,-4
301,6,0,-5
392,85,0,-5
486,408,0,-2
304,226,0,-4
132,283,0,-4
76,326,0,-1
40,441,0,-9
313,236,0,-9
192,370,0,-2
448,495,0,-4
24,297,0,-1
55,328,0,-5
446,444,0,-8
313,111,0,-2
187,231,0,-9
460,261,0,-7
2,219,0,-9
362,481,0,-4
312,73,0,-6
485,343,0,-6
398,213,0,-7
14,298,0,-2
417,360,0,-8
225,493,0,-8
302,266,0,-3
118,3,0,-7
200,192,0,-4
9,257,0,-10
95,205,0,-9
375,472,0,-2
178,21,0,-2
498,15,0,-10
215,282,0,-5
150,3,0,-1
484,215,0,-6
442,31,0,-10
32,25,0,-4
437,353,0,-9
127,198,0,-2
116,258,0,-9
4,153,0,-4
83,377,0,-2
88,457,0,-6
360,194,0,-2
134,32,0,-3
206,117,0,-10
59,465,0,-2
156,236,0,-7
142,86,0,-7
143,110,0,-6
179,351,0,-3
170,99,0,-9
374,485,0,-1
68,404,0,-10
208,280,0,-10
414,329,0,-3
401,122,0,-6
195,242,0,-5
238,279,0,-9
395,305,0,-2
445,439,0,-6
166,119,0,-2
92,58,0,-5
276,125,0,-6
67,250,0,-4
474,198,0,-10
249,94,0,-6
426,138,0,-6
262,91,0,-5
56,170,0,-3
151,303,0,-6
319,299,0,-5
437,54,0,-10
183,195,0,-10
175,11,0,-3
370,491,0,-6
188,261,0,-3
119,147,0,-7
309,28,0,-5
60,431,0,-7
451,43,0,-5
375,433,0,-9
137,106,0,-4
494,120,0,-8
330,154,0,-6
421,50,0,-3
293,341,0,-5
475,262,0,-3
457,113,0,-9
271,84,0,-10
383,267,0,-2
278,309,0,-5
464,148,0,-5
58,179,0,-3
62,177,0,-4
181,435,0,-8
480,418,0,-3
13,214,0,-9
464,127,0,-10
95,150,0,-7
232,459,0,-10
332,66,0,-8
486,356,0,-7
454,492,0,-9
79,349,0,-1
250,205,0,-7
353,232,0,-2
130,366,0,-4
102,220,0,-8
79,387,0,-3
90,459,0,-9
156,60,0,-6
417,282,0,-10
379,481,0,-10
206,4,0,-8
337,143,0,-8
283,292,0,-10
404,235,0,-2
111,285,0,-2
86,25,0,-4
489,296,0,-2
328,409,0,-3
368,409,0,-1
411,228,0,-4
269,395,0,-8
177,322,0,-5
356,97,0,-8
246,269,0,-3
116,145,0,-6
297,105,0,-7
375,189,0,-2
79,217,0,-2
483,69,0,-3
217,206,0,-5
460,277,0,-1
118,38,0,-4
263,450,0,-5
64,76,0,-3
179,467,0,-10
323,376,0,-2
150,385,0,-10
285,483,0,-2
483,70,0,-4
133,411,0,-2
42,268,0,-10
125,80,0,-7
117,123,0,-8
86,107,0,-4
401,333,0,-8
242,32,0,-3
29,135,0,-7
229,457,0,-8
300,2,0,-9
233,458,0,-3
252,409,0,-4
457,261,0,-7
413,388,0,-4
14,368,0,-9
39,294,0,-8
144,190,0,-10
153,453,0,-3
225,245,0,-4
133,482,0,-5
380,357,0,-2
405,376,0,-9
384,417,0,-3
258,60,0,-6
392,195,0,-4
486,216,0,-5
410,344,0,-2
228,247,0,-1
31,476,0,-8
192,453,0,-10
41,134,0,-8
496,304,0,-1
262,406,0,-3
497,106,0,-1
256,270,0,-6
358,206,0,-2
143,118,0,-6
202,248,0,-7
318,291,0,-2
264,234,0,-2
107,446,0,-7
188,332,0,-5
122,35,0,-3
285,377,0,-9
314,110,0,-4
307,68,0,-5
77,431,0,-10
118,272,0,-6
201,147,0,-9
367,205,0,-8
379,116,0,-5
288,265,0,-6
75,312,0,-3
178,400,0,-2
335,73,0,-3
102,347,0,-3
3,433,0,-1
164,381,0,-8
373,109,0,-5
42,350,0,-1
384,297,0,-9
457,429,0,-3
380,40,0,-6
102,171,0,-3
290,80,0,-6
377,298,0,-3
435,213,0,-10
385,115,0,-8
80,455,0,-5
493,232,0,-3
375,456,0,-6
85,106,0,-8
317,44,0,-3
11,286,0,-7
360,436,0,-10
190,241,0,-5
336,23,0,-9
107,449,0,-8
239,412,0,-10
225,409,0,-6
420,28,0,-6
306,181,0,-5
157,75,0,-2
463,273,0,-1
160,451,0,-10
443,290,0,-4
454,88,0,-5
226,322,0,-6
261,250,0,-3
243,138,0,-1
212,446,0,-4
496,300,0,-10
92,208,0,-4
296,470,0,-10
387,191,0,-1
319,254,0,-7
337,467,0,-8
55,372,0,-1
14,71,0,-7
488,475,0,-3
418,110,0,-5
22,389,0,-2
173,480,0,-3
308,130,0,-6
283,238,0,-4
95,30,0,-3
65,98,0,-3
359,94,0,-8
426,125,0,-6
91,218,0,-7
285,351,0,-6
341,370,0,-5
1,136,0,-2
80,26,0,-5
220,96,0,-7
