74,574,0,47
146,646,0,74
157,657,0,97
225,725,0,54
242,742,0,45
246,746,0,78
265,765,0,26
353,853,0,65
391,891,0,32
407,907,0,86
340,471,0,-4
471,344,0,-2
340,427,0,-8
344,483,0,-10
471,398,0,-5
483,104,0,-3
13,344,0,-5
137,398,0,-8
144,13,0,-3
277,483,0,-10
483,203,0,-5
471,444,0,-9
104,15,0,-6
277,84,0,-6
344,68,0,-4
269,203,0,-3
471,146,0,-8
325,146,0,-9
483,199,0,-7
440,340,0,-9
335,325,0,-2
340,259,0,-4
246,335,0,-6
13,186,0,-9
203,326,0,-3
471,25,0,-8
402,471,0,-2
277,180,0,-8
15,484,0,-3
206,186,0,-5
440,176,0,-9
474,203,0,-5
16,68,0,-7
144,324,0,-6
255,16,0,-2
68,285,0,-9
68,475,0,-6
302,483,0,-2
439,104,0,-3
483,4,0,-6
186,33,0,-4
4,463,0,-5
255,208,0,-9
180,105,0,-8
246,63,0,-10
38,324,0,-3
464,13,0,-1
59,259,0,-3
402,290,0,-10
225,325,0,-7
104,196,0,-2
438,208,0,-9
210,344,0,-5
318,326,0,-9
285,158,0,-4
190,104,0,-4
471,215,0,-5
427,28,0,-2
158,221,0,-2
187,444,0,-3
196,35,0,-7
84,24,0,-8
215,248,0,-1
158,91,0,-4
431,344,0,-7
16,116,0,-3
132,463,0,-9
226,438,0,-8
9,137,0,-10
256,248,0,-9
484,382,0,-2
196,387,0,-4
187,434,0,-5
186,347,0,-10
326,314,0,-1
314,77,0,-1
104,379,0,-8
325,34,0,-2
247,471,0,-4
226,304,0,-1
158,135,0,-1
238,190,0,-9
304,480,0,-2
10,35,0,-4
429,144,0,-4
228,269,0,-3
348,340,0,-10
475,214,0,-3
131,347,0,-8
453,38,0,-10
426,215,0,-7
484,213,0,-8
146,201,0,-8
35,498,0,-2
429,250,0,-2
256,71,0,-9
71,267,0,-4
146,164,0,-2
484,74,0,-10
290,322,0,-8
135,253,0,-6
75,325,0,-2
81,453,0,-1
121,471,0,-3
325,60,0,-6
426,80,0,-3
47,471,0,-2
183,318,0,-5
204,158,0,-1
225,281,0,-6
319,164,0,-5
210,159,0,-6
214,130,0,-9
427,437,0,-4
303,105,0,-7
91,442,0,-1
84,107,0,-4
359,429,0,-7
168,285,0,-6
104,56,0,-9
249,429,0,-5
314,458,0,-4
196,396,0,-3
65,164,0,-9
402,400,0,-5
475,98,0,-8
431,235,0,-9
167,267,0,-4
310,104,0,-1
438,244,0,-2
453,45,0,-6
246,482,0,-3
159,20,0,-3
119,199,0,-8
47,476,0,-2
234,304,0,-6
374,379,0,-3
88,482,0,-8
24,371,0,-7
290,372,0,-9
346,146,0,-3
160,318,0,-3
274,168,0,-1
422,234,0,-4
325,467,0,-9
201,184,0,-8
405,458,0,-8
341,464,0,-4
119,55,0,-6
386,304,0,-6
426,37,0,-8
244,430,0,-9
145,379,0,-6
181,24,0,-10
227,471,0,-3
13,219,0,-5
253,299,0,-2
448,277,0,-4
10,443,0,-9
464,239,0,-7
301,132,0,-9
433,340,0,-6
28,268,0,-8
263,277,0,-2
37,237,0,-6
393,37,0,-10
429,161,0,-2
170,225,0,-10
26,237,0,-6
216,26,0,-8
249,336,0,-6
252,246,0,-9
205,402,0,-2
9,265,0,-2
121,152,0,-4
216,72,0,-10
380,104,0,-3
190,117,0,-9
83,238,0,-2
98,262,0,-2
269,452,0,-9
420,439,0,-8
462,259,0,-2
265,491,0,-8
116,419,0,-7
373,387,0,-1
267,490,0,-9
112,72,0,-8
7,463,0,-4
270,326,0,-7
116,191,0,-2
121,122,0,-10
244,109,0,-6
250,362,0,-1
441,402,0,-1
205,93,0,-6
398,138,0,-6
258,187,0,-2
319,360,0,-10
470,215,0,-10
452,369,0,-3
200,168,0,-8
485,310,0,-8
291,402,0,-7
146,338,0,-5
95,26,0,-6
446,253,0,-2
246,30,0,-7
415,474,0,-3
437,494,0,-6
131,368,0,-1
235,487,0,-5
442,266,0,-6
415,79,0,-2
15,316,0,-1
250,87,0,-5
142,430,0,-5
93,89,0,-4
248,478,0,-8
101,341,0,-4
180,50,0,-8
454,170,0,-8
457,426,0,-9
352,422,0,-3
178,205,0,-10
94,247,0,-7
37,61,0,-2
372,264,0,-5
260,303,0,-1
163,178,0,-10
189,79,0,-4
376,439,0,-9
114,304,0,-10
13,229,0,-1
409,161,0,-6
326,43,0,-6
164,345,0,-6
234,2,0,-1
174,189,0,-1
212,268,0,-3
280,491,0,-8
311,467,0,-10
43,315,0,-7
44,132,0,-3
278,476,0,-3
9,300,0,-1
162,227,0,-8
407,180,0,-2
413,234,0,-3
317,413,0,-5
397,494,0,-7
398,493,0,-9
196,134,0,-8
79,1,0,-6
363,441,0,-9
65,6,0,-2
39,199,0,-4
386,141,0,-5
224,225,0,-10
147,338,0,-4
399,446,0,-8
218,74,0,-10
6,31,0,-3
189,307,0,-9
63,417,0,-4
429,171,0,-4
20,113,0,-4
87,390,0,-1
373,392,0,-1
355,490,0,-2
457,261,0,-6
185,158,0,-4
438,365,0,-3
487,287,0,-8
112,254,0,-6
78,301,0,-7
451,325,0,-6
97,482,0,-5
60,370,0,-1
251,467,0,-8
493,58,0,-9
388,270,0,-6
138,102,0,-7
96,335,0,-4
320,58,0,-5
163,358,0,-3
155,374,0,-9
363,473,0,-4
184,48,0,-7
415,125,0,-4
43,461,0,-7
406,266,0,-7
11,138,0,-10
69,439,0,-9
208,157,0,-4
359,469,0,-6
258,496,0,-5
200,110,0,-8
439,54,0,-9
73,176,0,-2
54,456,0,-5
187,424,0,-1
11,497,0,-5
168,425,0,-8
377,475,0,-2
491,129,0,-10
288,434,0,-9
273,208,0,-8
496,100,0,-9
366,287,0,-9
116,460,0,-5
498,92,0,-9
466,146,0,-2
240,213,0,-8
323,258,0,-5
293,44,0,-7
333,171,0,-9
436,355,0,-2
495,358,0,-4
496,295,0,-1
3,225,0,-1
242,281,0,-7
223,396,0,-7
444,128,0,-4
304,236,0,-9
234,111,0,-10
287,282,0,-6
321,117,0,-5
8,444,0,-2
287,375,0,-1
408,485,0,-10
393,465,0,-8
343,187,0,-5
386,64,0,-8
265,23,0,-3
366,257,0,-6
284,28,0,-8
294,93,0,-8
70,397,0,-1
143,333,0,-6
183,51,0,-9
171,86,0,-7
269,432,0,-1
124,392,0,-2
356,430,0,-6
330,44,0,-2
273,67,0,-2
234,353,0,-7
356,76,0,-7
479,480,0,-3
453,337,0,-1
165,432,0,-1
436,66,0,-4
64,401,0,-10
350,400,0,-10
108,79,0,-10
153,405,0,-2
445,130,0,-10
134,455,0,-10
290,486,0,-4
85,83,0,-1
188,406,0,-7
337,331,0,-9
287,22,0,-9
353,12,0,-3
123,458,0,-7
22,378,0,-6
373,19,0,-1
458,148,0,-5
258,42,0,-4
158,477,0,-1
329,128,0,-7
196,289,0,-8
296,96,0,-4
64,193,0,-1
146,339,0,-5
123,308,0,-7
193,423,0,-6
123,177,0,-8
389,485,0,-2
18,130,0,-6
236,151,0,-8
107,416,0,-4
99,101,0,-5
42,32,0,-5
57,262,0,-2
90,123,0,-2
91,394,0,-8
381,265,0,-5
149,390,0,-8
27,365,0,-7
385,429,0,-5
298,57,0,-9
262,412,0,-6
391,273,0,-2
29,269,0,-9
336,5,0,-3
224,106,0,-2
36,219,0,-10
366,166,0,-7
404,97,0,-6
118,240,0,-1
136,129,0,-3
452,306,0,-10
464,428,0,-7
230,373,0,-3
313,164,0,-1
53,407,0,-3
197,376,0,-8
458,198,0,-1
48,351,0,-4
55,179,0,-1
281,175,0,-2
497,49,0,-2
354,83,0,-10
31,232,0,-2
84,459,0,-10
331,82,0,-7
176,449,0,-3
491,309,0,-9
194,380,0,-3
468,11,0,-6
65,243,0,-1
171,195,0,-5
245,253,0,-5
361,89,0,-7
403,134,0,-8
276,340,0,-8
270,395,0,-5
184,126,0,-2
79,156,0,-1
46,387,0,-6
211,406,0,-5
115,79,0,-7
127,347,0,-8
103,129,0,-6
127,312,0,-3
60,139,0,-7
207,118,0,-2
275,424,0,-9
59,222,0,-6
450,171,0,-2
305,422,0,-6
389,271,0,-8
498,21,0,-10
488,164,0,-10
325,292,0,-7
384,486,0,-3
472,465,0,-8
238,367,0,-4
410,484,0,-2
272,273,0,-4
286,171,0,-9
28,297,0,-6
133,329,0,-6
415,383,0,-9
453,327,0,-2
173,482,0,-5
12,421,0,-1
278,140,0,-6
52,93,0,-9
334,25,0,-7
414,135,0,-5
202,43,0,-7
157,192,0,-4
370,364,0,-8
481,201,0,-7
14,446,0,-8
22,447,0,-6
319,209,0,-3
169,211,0,-1
43,241,0,-6
357,281,0,-7
492,250,0,-9
387,499,0,-2
364,150,0,-1
102,233,0,-6
489,116,0,-9
332,269,0,-2
100,411,0,-5
21,154,0,-3
328,478,0,-1
148,220,0,-4
500,272,0,-6
172,151,0,-7
250,283,0,-8
231,219,0,-4
57,17,0,-1
435,287,0,-5
380,342,0,-8
279,79,0,-8
88,217,0,-10
211,349,0,-3
182,428,0,-7
40,194,0,-1
41,199,0,-8
381,120,0,-1
418,271,0,-7
62,175,0,-1
379,121,0,-9
216,10,0,-9
185,212,0,-5
231,410,0,-7
229,368,0,-8
494,22,0,-5
68,425,0,-1
473,38,0,-7
372,41,0,-8
190,301,0,-3
78,159,0,-2
111,345,0,-2
43,164,0,-9
354,420,0,-1
241,206,0,-3
110,296,0,-9
427,297,0,-6
142,285,0,-3
103,330,0,-3
279,77,0,-5
483,266,0,-9
120,359,0,-3
256,42,0,-9
277,157,0,-3
497,131,0,-2
52,77,0,-6
364,3,0,-4
211,57,0,-2
291,289,0,-3
208,253,0,-8
364,99,0,-9
53,417,0,-6
494,400,0,-6
217,379,0,-10
233,160,0,-5
319,215,0,-4
329,282,0,-4
347,13,0,-3
47,276,0,-1
38,290,0,-10
275,120,0,-5
147,146,0,-7
207,399,0,-5
411,329,0,-2
339,376,0,-7
162,166,0,-7
247,217,0,-6
284,82,0,-6
127,287,0,-6
393,280,0,-5
370,76,0,-4
176,342,0,-9
322,443,0,-7
355,24,0,-9
355,173,0,-5
284,322,0,-10
33,384,0,-8
480,5,0,-9
270,481,0,-9
106,366,0,-2
435,108,0,-3
393,180,0,-10
351,74,0,-9
447,479,0,-10
447,113,0,-8
274,256,0,-3
482,382,0,-1
81,484,0,-2
437,412,0,-8
311,425,0,-8
331,214,0,-5
113,268,0,-6
103,159,0,-9
298,422,0,-2
425,287,0,-3
278,299,0,-8
140,401,0,-1
460,366,0,-8
399,10,0,-7
376,183,0,-6
453,31,0,-3
284,77,0,-1
107,395,0,-9
6,190,0,-10
53,8,0,-5
349,454,0,-10
384,464,0,-2
192,424,0,-5
239,401,0,-7
99,462,0,-3
385,396,0,-7
122,151,0,-1
499,212,0,-7
61,417,0,-4
152,131,0,-2
105,119,0,-1
407,254,0,-3
36,405,0,-6
61,492,0,-1
287,281,0,-7
301,127,0,-9
170,203,0,-6
470,196,0,-10
278,386,0,-9
110,142,0,-5
450,114,0,-5
161,324,0,-2
444,494,0,-10
371,462,0,-4
74,391,0,-8
264,70,0,-5
460,180,0,-10
380,361,0,-1
232,337,0,-5
128,347,0,-5
160,353,0,-5
492,88,0,-2
188,298,0,-9
409,310,0,-5
16,104,0,-3
184,468,0,-8
168,245,0,-9
278,129,0,-7
235,60,0,-9
394,306,0,-9
63,483,0,-4
