1,501,0,3
5,505,0,27
7,507,0,97
10,510,0,19
11,511,0,43
14,514,0,68
18,518,0,10
19,519,0,97
20,520,0,85
22,522,0,24
26,526,0,94
29,529,0,54
30,530,0,93
31,531,0,33
32,532,0,84
38,538,0,74
39,539,0,61
40,540,0,3
42,542,0,11
44,544,0,55
56,556,0,47
59,559,0,77
66,566,0,47
74,574,0,94
79,579,0,74
87,587,0,84
88,588,0,68
90,590,0,65
96,596,0,70
97,597,0,63
102,602,0,93
106,606,0,32
111,611,0,80
117,617,0,4
120,620,0,6
130,630,0,75
135,635,0,77
136,636,0,92
141,641,0,23
143,643,0,51
144,644,0,16
149,649,0,98
152,652,0,86
153,653,0,58
154,654,0,1
158,658,0,31
159,659,0,34
160,660,0,18
164,664,0,71
165,665,0,66
168,668,0,4
172,672,0,34
180,680,0,59
187,687,0,3
189,689,0,86
190,690,0,63
191,691,0,62
195,695,0,15
206,706,0,26
207,707,0,77
210,710,0,34
212,712,0,74
224,724,0,70
234,734,0,43
236,736,0,79
238,738,0,66
250,750,0,29
252,752,0,23
258,758,0,79
259,759,0,9
261,761,0,33
264,764,0,97
267,767,0,39
269,769,0,97
270,770,0,29
272,772,0,84
278,778,0,22
280,780,0,59
282,782,0,12
283,783,0,50
290,790,0,24
294,794,0,26
295,795,0,55
299,799,0,72
302,802,0,50
309,809,0,88
316,816,0,76
317,817,0,81
319,819,0,4
324,824,0,78
328,828,0,19
334,834,0,33
336,836,0,90
341,841,0,56
346,846,0,69
362,862,0,66
369,869,0,41
372,872,0,66
373,873,0,74
378,878,0,41
393,893,0,45
406,906,0,53
407,907,0,75
419,919,0,63
424,924,0,16
425,925,0,88
436,936,0,65
437,937,0,73
438,938,0,4
439,939,0,11
444,944,0,71
449,949,0,85
452,952,0,43
464,964,0,74
465,965,0,8
472,972,0,39
473,973,0,97
476,976,0,28
478,978,0,91
479,979,0,8
482,982,0,62
483,983,0,34
486,986,0,57
493,993,0,33
500,1000,0,41
484,436,0,-4
454,436,0,-7
261,484,0,-2
93,261,0,-9
484,466,0,-8
344,484,0,-10
252,454,0,-6
93,331,0,-8
252,67,0,-10
93,203,0,-9
67,360,0,-6
344,129,0,-8
454,102,0,-3
129,215,0,-4
173,102,0,-1
102,151,0,-3
484,458,0,-4
466,28,0,-5
37,466,0,-4
436,20,0,-4
67,303,0,-1
69,67,0,-5
261,210,0,-8
299,173,0,-9
126,93,0,-2
229,436,0,-2
181,458,0,-8
181,381,0,-1
104,454,0,-5
458,121,0,-10
245,484,0,-7
252,456,0,-6
448,229,0,-1
303,498,0,-7
67,258,0,-1
495,215,0,-10
458,366,0,-1
379,215,0,-9
56,303,0,-5
87,379,0,-2
106,210,0,-6
401,229,0,-2
104,81,0,-4
476,121,0,-1
190,456,0,-9
81,147,0,-6
56,26,0,-10
351,299,0,-2
121,318,0,-3
257,379,0,-8
360,477,0,-3
454,352,0,-7
175,258,0,-5
448,424,0,-3
66,102,0,-7
373,318,0,-1
452,147,0,-5
358,360,0,-8
227,245,0,-2
199,466,0,-6
82,87,0,-3
57,381,0,-10
80,252,0,-10
314,358,0,-7
126,440,0,-4
165,106,0,-4
110,401,0,-7
438,252,0,-8
294,129,0,-9
75,477,0,-2
185,165,0,-10
314,404,0,-9
54,299,0,-6
500,28,0,-6
149,456,0,-10
127,331,0,-2
408,28,0,-8
381,112,0,-6
442,448,0,-10
370,318,0,-2
199,482,0,-5
95,303,0,-6
387,203,0,-5
242,344,0,-8
8,299,0,-4
56,241,0,-3
275,482,0,-9
20,214,0,-6
491,498,0,-6
482,342,0,-6
54,319,0,-8
373,443,0,-1
357,229,0,-3
286,436,0,-10
443,324,0,-5
436,128,0,-4
147,221,0,-1
431,366,0,-8
356,229,0,-6
114,458,0,-10
324,266,0,-2
291,57,0,-6
4,438,0,-6
322,8,0,-9
410,37,0,-7
235,26,0,-4
161,266,0,-8
287,358,0,-8
120,443,0,-6
241,157,0,-5
112,389,0,-8
436,34,0,-8
454,414,0,-2
210,89,0,-9
423,175,0,-6
408,398,0,-5
295,28,0,-6
28,32,0,-4
121,292,0,-9
327,456,0,-7
104,336,0,-8
28,288,0,-6
171,128,0,-5
217,229,0,-9
384,104,0,-3
294,72,0,-5
20,321,0,-1
183,227,0,-2
171,176,0,-7
285,287,0,-7
15,466,0,-1
258,460,0,-8
482,361,0,-6
205,410,0,-4
81,340,0,-8
199,413,0,-9
466,158,0,-4
452,5,0,-7
335,257,0,-4
18,266,0,-9
112,375,0,-2
387,109,0,-5
34,135,0,-2
412,424,0,-6
217,293,0,-6
171,11,0,-5
161,451,0,-1
314,407,0,-2
69,168,0,-8
261,138,0,-1
433,327,0,-2
155,366,0,-6
113,294,0,-9
431,143,0,-3
54,196,0,-2
396,127,0,-7
245,276,0,-7
82,232,0,-5
249,414,0,-5
115,456,0,-8
412,385,0,-9
232,23,0,-6
448,197,0,-3
126,283,0,-9
82,52,0,-10
116,155,0,-5
386,303,0,-5
409,424,0,-9
195,366,0,-5
483,275,0,-2
119,199,0,-8
165,180,0,-4
160,119,0,-9
281,412,0,-7
165,300,0,-5
289,351,0,-9
384,445,0,-1
273,221,0,-4
167,424,0,-6
289,264,0,-7
322,163,0,-8
350,8,0,-1
432,113,0,-5
25,249,0,-7
299,141,0,-3
99,396,0,-6
150,190,0,-9
316,5,0,-8
352,47,0,-10
155,374,0,-7
138,250,0,-2
287,403,0,-1
496,324,0,-9
321,73,0,-4
414,134,0,-5
189,167,0,-8
264,399,0,-3
347,23,0,-4
81,353,0,-4
4,228,0,-8
119,108,0,-7
288,444,0,-9
487,438,0,-2
102,124,0,-9
302,232,0,-6
124,419,0,-7
287,40,0,-10
234,215,0,-1
301,484,0,-4
382,25,0,-2
80,156,0,-4
142,289,0,-5
158,430,0,-1
150,313,0,-9
207,356,0,-6
183,457,0,-8
432,220,0,-7
383,347,0,-10
452,346,0,-2
54,317,0,-8
423,421,0,-1
49,73,0,-3
113,194,0,-2
342,239,0,-9
26,393,0,-3
21,287,0,-3
76,126,0,-1
376,477,0,-2
228,212,0,-7
17,72,0,-10
57,96,0,-6
488,460,0,-4
333,335,0,-8
152,313,0,-10
43,383,0,-7
144,404,0,-1
14,409,0,-7
63,408,0,-5
12,477,0,-9
10,293,0,-1
270,196,0,-6
313,200,0,-9
261,391,0,-2
27,350,0,-8
114,145,0,-7
382,33,0,-8
206,195,0,-10
212,68,0,-5
225,67,0,-4
303,474,0,-1
452,390,0,-2
161,338,0,-10
194,304,0,-5
398,406,0,-7
106,368,0,-6
368,499,0,-1
453,249,0,-6
269,319,0,-2
186,285,0,-7
496,97,0,-3
161,103,0,-1
7,436,0,-2
120,107,0,-5
495,441,0,-1
291,42,0,-9
26,463,0,-3
255,126,0,-5
222,113,0,-1
278,351,0,-5
166,220,0,-9
153,150,0,-7
350,85,0,-6
101,452,0,-5
484,426,0,-3
480,385,0,-3
332,220,0,-8
416,438,0,-5
276,282,0,-3
309,18,0,-10
367,433,0,-6
199,13,0,-3
356,339,0,-4
307,108,0,-10
8,172,0,-5
357,323,0,-10
86,338,0,-5
272,18,0,-9
410,254,0,-4
202,285,0,-4
83,314,0,-1
213,249,0,-4
471,438,0,-3
283,164,0,-10
375,91,0,-2
354,153,0,-5
233,291,0,-2
311,207,0,-10
370,60,0,-7
479,52,0,-9
475,286,0,-2
494,76,0,-9
495,45,0,-5
427,18,0,-8
101,84,0,-10
89,262,0,-3
473,96,0,-4
405,86,0,-8
156,392,0,-5
350,380,0,-10
23,16,0,-8
446,324,0,-4
491,140,0,-3
468,57,0,-10
295,450,0,-9
342,98,0,-6
17,328,0,-7
415,60,0,-3
197,51,0,-10
59,242,0,-3
7,306,0,-7
2,17,0,-4
339,3,0,-1
374,267,0,-5
291,78,0,-7
67,244,0,-8
22,57,0,-4
19,331,0,-3
41,80,0,-2
191,450,0,-4
437,453,0,-3
211,4,0,-9
400,151,0,-6
217,478,0,-1
168,111,0,-3
286,35,0,-3
92,110,0,-5
188,303,0,-10
84,298,0,-3
78,74,0,-1
453,132,0,-4
36,466,0,-2
182,433,0,-1
498,77,0,-10
488,1,0,-7
431,238,0,-7
359,143,0,-7
146,252,0,-7
125,32,0,-1
307,464,0,-3
312,374,0,-6
483,154,0,-2
263,342,0,-7
402,207,0,-5
217,62,0,-6
208,293,0,-6
411,160,0,-2
500,435,0,-7
306,136,0,-3
365,91,0,-10
296,37,0,-7
335,469,0,-1
203,117,0,-6
318,184,0,-6
251,453,0,-8
440,6,0,-4
495,71,0,-2
205,204,0,-5
159,14,0,-7
94,263,0,-9
386,462,0,-8
384,274,0,-6
55,149,0,-6
179,20,0,-1
362,399,0,-4
497,347,0,-2
422,411,0,-6
428,370,0,-7
272,64,0,-3
105,164,0,-1
87,169,0,-2
296,24,0,-10
130,164,0,-2
10,137,0,-7
91,243,0,-7
31,69,0,-3
14,388,0,-1
486,26,0,-6
28,198,0,-9
429,181,0,-1
148,129,0,-2
315,347,0,-3
447,76,0,-8
19,305,0,-10
76,485,0,-10
201,430,0,-9
348,73,0,-8
50,59,0,-9
372,49,0,-5
493,119,0,-1
320,419,0,-1
36,489,0,-2
248,272,0,-2
66,230,0,-7
256,59,0,-3
490,318,0,-1
141,260,0,-7
247,77,0,-5
54,420,0,-6
215,297,0,-7
1,30,0,-10
134,394,0,-2
257,455,0,-2
10,139,0,-6
456,65,0,-9
170,405,0,-5
142,240,0,-9
259,438,0,-10
119,369,0,-7
485,100,0,-10
119,378,0,-4
449,66,0,-10
447,216,0,-5
145,425,0,-10
483,345,0,-3
335,53,0,-2
187,186,0,-4
123,217,0,-6
470,486,0,-9
492,188,0,-10
417,116,0,-7
157,177,0,-4
41,39,0,-6
236,28,0,-10
308,379,0,-2
253,56,0,-8
405,371,0,-4
364,254,0,-2
247,472,0,-9
61,391,0,-2
265,129,0,-2
249,377,0,-9
237,161,0,-8
175,118,0,-8
148,481,0,-9
223,253,0,-7
58,161,0,-4
418,201,0,-9
357,178,0,-2
334,136,0,-5
355,130,0,-7
185,224,0,-6
271,239,0,-4
218,285,0,-10
279,82,0,-1
434,399,0,-8
258,397,0,-2
193,462,0,-1
20,268,0,-8
264,219,0,-5
494,44,0,-7
70,111,0,-1
243,122,0,-6
198,131,0,-2
220,174,0,-9
337,297,0,-1
349,187,0,-6
277,245,0,-3
445,133,0,-5
192,60,0,-8
276,79,0,-1
262,459,0,-1
29,449,0,-1
326,497,0,-7
467,357,0,-4
228,48,0,-4
457,46,0,-2
48,88,0,-10
227,231,0,-5
136,290,0,-5
340,284,0,-10
369,246,0,-4
281,9,0,-1
209,191,0,-2
325,20,0,-6
366,330,0,-5
307,38,0,-2
90,375,0,-10
361,465,0,-7
298,310,0,-8
162,452,0,-6
280,266,0,-1
320,329,0,-7
341,320,0,-10
24,343,0,-1
315,395,0,-1
451,226,0,-2
435,461,0,-5
161,439,0,-1
493,363,0,-5
193,188,0,-10
371,197,0,-3
22,282,0,-10
120,303,0,-7
300,294,0,-9
17,52,0,-2
98,226,0,-6
468,343,0,-1
257,144,0,-3
224,278,0,-2
133,44,0,-1
189,327,0,-7
246,267,0,-10
215,275,0,-1
19,38,0,-6
291,258,0,-9
437,363,0,-5
73,323,0,-4
440,240,0,-9
132,252,0,-10
113,471,0,-8
153,58,0,-10
484,3,0,-8
131,35,0,-4
455,443,0,-7
487,90,0,-5
325,102,0,-5
339,137,0,-2
398,486,0,-8
360,404,0,-5
114,176,0,-2
451,314,0,-1
17,356,0,-1
380,104,0,-8
204,57,0,-4
360,118,0,-3
179,45,0,-5
161,51,0,-5
136,87,0,-1
198,415,0,-9
402,118,0,-5
447,243,0,-1
41,182,0,-7
301,165,0,-5
90,470,0,-9
448,206,0,-10
388,251,0,-5
194,196,0,-7
346,189,0,-6
268,302,0,-10
25,35,0,-9
498,169,0,-10
446,74,0,-7
172,396,0,-10
247,140,0,-6
124,398,0,-2
158,327,0,-6
431,222,0,-4
402,70,0,-9
356,292,0,-8
378,303,0,-10
47,132,0,-8
173,297,0,-8
285,179,0,-8
376,189,0,-4
266,344,0,-6
58,47,0,-10
317,88,0,-5
94,473,0,-5
448,288,0,-5
440,491,0,-1
440,259,0,-9
445,204,0,-6
77,493,0,-8
290,73,0,-9
169,115,0,-6
277,111,0,-7
116,446,0,-3
175,109,0,-6
229,80,0,-9
196,482,0,-9
363,301,0,-9
311,237,0,-9
438,306,0,-9
188,413,0,-3
485,123,0,-4
36,348,0,-3
397,32,0,-4
55,284,0,-4
7,380,0,-5
427,191,0,-9
183,488,0,-10
182,17,0,-1
149,36,0,-4
5,473,0,-3
486,345,0,-7
103,342,0,-2
360,449,0,-6
142,5,0,-6
101,345,0,-9
13,82,0,-5
389,77,0,-2
391,313,0,-3
413,450,0,-5
281,229,0,-5
441,44,0,-7
381,337,0,-5
332,170,0,-8
59,367,0,-2
381,250,0,-7
312,295,0,-10
446,416,0,-4
310,347,0,-1
91,68,0,-8
480,88,0,-8
53,279,0,-3
363,409,0,-9
189,474,0,-6
190,308,0,-10
475,390,0,-2
242,195,0,-3
312,122,0,-2
105,34,0,-6
21,101,0,-8
292,228,0,-2
8,342,0,-6
116,500,0,-8
206,406,0,-9
418,9,0,-3
280,265,0,-10
409,189,0,-3
96,499,0,-1
31,218,0,-5
291,302,0,-4
280,423,0,-8
216,90,0,-3
400,30,0,-4
216,329,0,-3
359,74,0,-8
289,373,0,-8
338,295,0,-7
321,273,0,-8
264,308,0,-2
166,483,0,-8
167,193,0,-1
305,212,0,-4
469,141,0,-9
304,238,0,-3
172,343,0,-1
48,487,0,-3
50,439,0,-5
12,132,0,-3
396,311,0,-9
478,176,0,-3
52,138,0,-10
306,115,0,-1
212,127,0,-4
202,94,0,-7
149,80,0,-10
232,484,0,-3
277,246,0,-6
240,28,0,-8
246,96,0,-5
497,100,0,-5
212,338,0,-8
343,190,0,-4
340,123,0,-3
82,475,0,-6
225,484,0,-3
122,393,0,-10
202,6,0,-4
405,96,0,-1
463,29,0,-8
32,131,0,-6
432,152,0,-7
326,20,0,-9
401,242,0,-8
270,252,0,-1
342,1,0,-2
450,466,0,-7
403,187,0,-4
76,182,0,-8
74,483,0,-9
407,234,0,-3
286,197,0,-6
317,70,0,-6
264,344,0,-10
371,22,0,-4
383,194,0,-1
24,126,0,-1
435,260,0,-8
42,52,0,-8
297,393,0,-4
144,303,0,-2
239,440,0,-7
284,194,0,-6
360,104,0,-2
405,321,0,-5
206,200,0,-10
343,392,0,-4
36,418,0,-6
100,248,0,-8
396,302,0,-8
76,206,0,-8
160,73,0,-3
293,133,0,-9
40,437,0,-8
405,23,0,-5
352,291,0,-7
13,400,0,-6
362,380,0,-9
181,138,0,-3
342,69,0,-8
255,171,0,-4
269,27,0,-1
35,373,0,-5
130,174,0,-1
434,272,0,-6
438,468,0,-2
348,362,0,-2
167,45,0,-10
444,331,0,-8
64,201,0,-1
288,155,0,-8
425,2,0,-4
435,479,0,-4
171,22,0,-5
441,13,0,-7
224,147,0,-3
173,252,0,-8
43,157,0,-10
288,402,0,-1
413,409,0,-10
1,298,0,-3
128,167,0,-10
62,400,0,-6
330,222,0,-2
184,23,0,-7
264,327,0,-8
491,261,0,-9
489,433,0,-2
100,378,0,-8
83,400,0,-8
275,47,0,-8
30,412,0,-9
490,170,0,-10
22,427,0,-2
421,225,0,-2
274,405,0,-9
314,319,0,-1
379,57,0,-3
125,428,0,-4
174,424,0,-7
167,338,0,-6
435,313,0,-7
260,387,0,-4
326,146,0,-4
110,427,0,-6
300,481,0,-1
263,378,0,-8
411,229,0,-1
289,388,0,-8
378,202,0,-10
151,246,0,-1
370,154,0,-1
255,105,0,-10
420,20,0,-9
1,150,0,-2
205,353,0,-10
309,136,0,-8
45,144,0,-4
45,100,0,-6
37,280,0,-9
178,80,0,-2
109,458,0,-1
381,132,0,-7
459,215,0,-4
126,398,0,-4
119,289,0,-5
47,176,0,-5
238,119,0,-8
153,428,0,-5
150,306,0,-2
472,358,0,-6
247,26,0,-1
305,133,0,-4
344,449,0,-2
281,248,0,-8
119,245,0,-8
99,212,0,-4
229,490,0,-6
17,121,0,-1
227,144,0,-1
12,45,0,-7
148,239,0,-2
84,235,0,-8
279,281,0,-4
478,467,0,-8
493,416,0,-1
265,209,0,-9
374,485,0,-9
54,242,0,-6
406,157,0,-6
480,9,0,-3
376,350,0,-1
329,218,0,-6
266,106,0,-8
390,128,0,-2
352,99,0,-2
108,268,0,-1
389,382,0,-7
348,1,0,-1
152,389,0,-10
277,263,0,-4
100,208,0,-7
233,489,0,-10
61,333,0,-4
246,155,0,-9
30,253,0,-5
430,55,0,-3
408,37,0,-5
46,51,0,-1
359,493,0,-1
277,199,0,-9
151,155,0,-10
117,17,0,-6
209,454,0,-8
424,465,0,-2
57,338,0,-7
439,121,0,-9
208,182,0,-5
242,55,0,-1
199,139,0,-8
316,149,0,-6
471,233,0,-9
278,135,0,-5
450,372,0,-4
27,329,0,-5
81,407,0,-6
477,406,0,-9
80,386,0,-8
364,88,0,-10
305,157,0,-9
499,362,0,-4
440,70,0,-4
399,327,0,-3
466,440,0,-5
433,150,0,-8
99,237,0,-2
1,155,0,-6
415,361,0,-7
302,428,0,-3
312,469,0,-1
195,140,0,-8
159,425,0,-10
413,14,0,-4
441,474,0,-5
13,159,0,-7
271,14,0,-5
245,353,0,-8
108,434,0,-3
374,77,0,-4
74,290,0,-5
23,289,0,-9
113,477,0,-8
223,65,0,-8
176,334,0,-7
144,447,0,-3
175,5,0,-2
200,183,0,-5
97,265,0,-1
295,9,0,-10
207,226,0,-10
420,263,0,-7
25,365,0,-4
483,126,0,-10
272,400,0,-2
242,489,0,-10
33,467,0,-2
303,408,0,-2
20,450,0,-6
29,313,0,-7
35,447,0,-9
310,349,0,-1
10,492,0,-6
369,378,0,-4
259,408,0,-5
250,420,0,-6
371,273,0,-1
94,470,0,-6
296,355,0,-8
201,486,0,-4
27,52,0,-1
155,90,0,-8
328,453,0,-1
8,475,0,-7
294,235,0,-5
312,217,0,-8
179,370,0,-5
207,452,0,-6
366,469,0,-4
389,68,0,-1
494,235,0,-1
343,388,0,-5
173,251,0,-7
232,19,0,-3
380,272,0,-5
451,5,0,-2
267,270,0,-1
1,151,0,-7
383,374,0,-3
214,253,0,-3
398,209,0,-10
36,106,0,-8
178,127,0,-5
26,282,0,-1
294,278,0,-6
65,465,0,-6
363,423,0,-7
391,427,0,-5
111,242,0,-1
318,187,0,-7
329,78,0,-4
156,301,0,-2
58,19,0,-5
304,265,0,-4
81,443,0,-2
427,421,0,-1
230,445,0,-10
199,226,0,-9
460,396,0,-10
248,481,0,-1
164,92,0,-3
12,452,0,-3
43,308,0,-6
496,322,0,-1
107,278,0,-4
255,116,0,-9
309,487,0,-9
382,17,0,-2
457,152,0,-10
167,37,0,-6
196,432,0,-5
32,229,0,-7
356,264,0,-1
255,444,0,-8
204,209,0,-4
60,373,0,-4
125,349,0,-3
134,387,0,-5
482,458,0,-1
201,102,0,-10
220,183,0,-9
6,389,0,-2
281,449,0,-6
104,75,0,-6
309,147,0,-7
367,287,0,-10
37,146,0,-1
268,411,0,-10
163,444,0,-2
219,248,0,-8
124,173,0,-3
480,44,0,-8
476,270,0,-1
227,38,0,-6
367,172,0,-10
193,47,0,-3
273,49,0,-5
230,85,0,-2
236,379,0,-2
11,263,0,-5
6,195,0,-4
193,122,0,-6
134,380,0,-2
381,15,0,-2
69,159,0,-9
195,58,0,-6
67,300,0,-5
475,214,0,-10
200,114,0,-6
78,280,0,-6
485,132,0,-1
456,162,0,-7
296,141,0,-3
373,101,0,-2
153,495,0,-9
379,243,0,-3
230,37,0,-7
134,293,0,-6
287,330,0,-5
131,383,0,-9
414,171,0,-9
37,358,0,-2
388,64,0,-9
356,260,0,-6
418,340,0,-9
397,192,0,-3
36,447,0,-5
298,71,0,-10
151,4,0,-2
