1,501,0,47
3,503,0,4
4,504,0,97
7,507,0,57
12,512,0,23
18,518,0,27
20,520,0,34
22,522,0,11
24,524,0,45
27,527,0,63
29,529,0,85
31,531,0,43
32,532,0,80
36,536,0,41
40,540,0,6
41,541,0,62
49,549,0,93
54,554,0,84
56,556,0,24
59,559,0,81
64,564,0,56
69,569,0,88
70,570,0,32
71,571,0,63
78,578,0,68
84,584,0,19
103,603,0,43
104,604,0,91
105,605,0,66
107,607,0,97
111,611,0,79
118,618,0,33
124,624,0,28
125,625,0,34
129,629,0,26
136,636,0,70
141,641,0,4
143,643,0,50
144,644,0,1
145,645,0,34
153,653,0,11
154,654,0,47
160,660,0,18
161,661,0,58
162,662,0,84
182,682,0,69
183,683,0,79
184,684,0,53
197,697,0,39
198,698,0,97
199,699,0,66
202,702,0,92
207,707,0,63
212,712,0,74
217,717,0,93
225,725,0,19
226,726,0,62
230,730,0,72
233,733,0,94
235,735,0,94
236,736,0,86
242,742,0,98
246,746,0,24
248,748,0,41
249,749,0,74
257,757,0,12
263,763,0,55
268,768,0,43
270,770,0,76
272,772,0,77
282,782,0,70
285,785,0,65
286,786,0,55
289,789,0,8
290,790,0,50
298,798,0,97
300,800,0,86
301,801,0,34
305,805,0,59
310,810,0,33
316,816,0,85
319,819,0,77
321,821,0,15
328,828,0,22
334,834,0,65
340,840,0,29
346,846,0,66
347,847,0,41
353,853,0,26
359,859,0,68
368,868,0,66
372,872,0,4
373,873,0,74
374,874,0,8
379,879,0,75
384,884,0,39
386,886,0,97
397,897,0,84
402,902,0,51
403,903,0,71
409,909,0,16
410,910,0,4
413,913,0,33
416,916,0,74
420,920,0,10
422,922,0,16
426,926,0,23
428,928,0,61
431,931,0,77
438,938,0,74
441,941,0,75
443,943,0,3
446,946,0,3
450,950,0,73
452,952,0,9
453,953,0,59
457,957,0,3
460,960,0,90
464,964,0,54
469,969,0,78
477,977,0,33
487,987,0,71
493,993,0,29
495,995,0,31
499,999,0,88
112,3,0,-10
102,3,0,-9
102,264,0,-5
112,89,0,-7
112,160,0,-7
210,160,0,-5
3,73,0,-5
377,160,0,-6
73,118,0,-7
102,158,0,-2
73,344,0,-5
120,377,0,-3
118,274,0,-8
345,112,0,-7
344,406,0,-7
210,66,0,-10
158,205,0,-4
148,274,0,-2
408,112,0,-4
12,274,0,-8
274,307,0,-7
66,358,0,-6
258,377,0,-8
345,125,0,-7
64,89,0,-3
365,66,0,-7
210,45,0,-6
38,358,0,-1
87,345,0,-1
337,66,0,-7
258,437,0,-2
34,258,0,-2
45,246,0,-7
191,87,0,-10
499,102,0,-6
191,241,0,-1
38,212,0,-1
206,437,0,-4
443,408,0,-2
372,120,0,-2
246,348,0,-4
408,492,0,-5
336,258,0,-10
337,230,0,-4
102,240,0,-1
102,122,0,-4
87,479,0,-4
424,89,0,-4
278,34,0,-4
91,112,0,-1
427,479,0,-7
327,336,0,-2
102,92,0,-9
131,112,0,-8
306,34,0,-8
322,112,0,-8
73,463,0,-5
419,492,0,-7
78,118,0,-6
125,100,0,-3
408,373,0,-2
108,327,0,-7
212,265,0,-10
12,495,0,-5
68,492,0,-1
322,273,0,-5
319,3,0,-8
64,429,0,-9
463,79,0,-4
265,53,0,-4
296,264,0,-3
178,264,0,-1
131,455,0,-10
75,66,0,-6
118,31,0,-8
175,75,0,-9
135,175,0,-7
13,322,0,-8
194,327,0,-7
138,429,0,-7
482,53,0,-9
212,133,0,-5
373,448,0,-2
87,323,0,-3
457,273,0,-5
108,76,0,-4
274,379,0,-8
409,372,0,-7
372,415,0,-9
340,210,0,-2
373,24,0,-2
500,230,0,-7
100,202,0,-9
275,175,0,-10
481,373,0,-9
86,78,0,-9
370,45,0,-3
327,432,0,-9
291,202,0,-6
120,123,0,-8
456,191,0,-7
345,81,0,-1
482,65,0,-1
241,320,0,-1
486,102,0,-9
429,220,0,-8
457,63,0,-10
384,246,0,-3
481,238,0,-7
282,34,0,-4
118,253,0,-9
411,86,0,-8
246,402,0,-7
87,413,0,-8
482,247,0,-8
419,459,0,-7
319,28,0,-3
410,123,0,-2
232,492,0,-8
136,320,0,-5
98,358,0,-5
340,435,0,-6
75,166,0,-5
243,45,0,-5
69,455,0,-7
98,414,0,-5
7,75,0,-9
328,232,0,-5
142,327,0,-2
125,159,0,-5
418,481,0,-1
120,252,0,-4
31,41,0,-10
139,275,0,-3
370,466,0,-8
480,427,0,-10
83,273,0,-6
477,365,0,-9
499,110,0,-3
194,4,0,-1
413,204,0,-4
76,420,0,-7
336,290,0,-1
299,120,0,-4
497,142,0,-2
322,339,0,-5
34,242,0,-2
146,410,0,-8
109,274,0,-4
37,344,0,-9
187,41,0,-8
135,351,0,-8
20,230,0,-4
478,323,0,-2
418,487,0,-8
459,182,0,-9
426,175,0,-4
463,312,0,-3
194,342,0,-2
385,278,0,-6
182,72,0,-9
245,220,0,-3
134,4,0,-4
62,385,0,-7
143,159,0,-4
222,79,0,-5
273,324,0,-8
63,129,0,-10
163,420,0,-2
424,14,0,-4
219,463,0,-7
85,210,0,-10
299,193,0,-8
181,282,0,-10
339,217,0,-7
355,166,0,-1
267,418,0,-5
158,161,0,-1
392,252,0,-3
396,424,0,-3
480,203,0,-9
385,200,0,-7
146,114,0,-4
28,209,0,-8
37,446,0,-4
4,488,0,-4
210,132,0,-9
7,361,0,-8
319,51,0,-6
452,217,0,-7
331,112,0,-2
435,226,0,-10
160,269,0,-6
343,324,0,-5
371,79,0,-2
11,355,0,-3
145,64,0,-6
481,461,0,-1
490,68,0,-7
428,206,0,-2
25,497,0,-8
302,114,0,-6
45,231,0,-3
35,182,0,-1
441,342,0,-6
306,208,0,-8
96,492,0,-10
23,161,0,-9
146,298,0,-4
157,490,0,-10
122,104,0,-6
349,361,0,-9
189,410,0,-10
112,42,0,-7
412,290,0,-1
270,98,0,-5
20,422,0,-1
336,389,0,-6
270,186,0,-8
385,88,0,-8
302,177,0,-3
287,231,0,-2
171,241,0,-5
193,394,0,-7
123,257,0,-10
463,374,0,-8
193,165,0,-1
389,99,0,-1
311,389,0,-3
67,441,0,-7
382,204,0,-1
439,323,0,-5
159,316,0,-9
29,418,0,-8
17,157,0,-3
424,154,0,-4
337,121,0,-5
287,444,0,-2
474,408,0,-8
445,210,0,-8
86,283,0,-1
215,163,0,-8
207,25,0,-9
388,17,0,-7
62,289,0,-3
446,90,0,-10
130,20,0,-2
82,267,0,-3
372,317,0,-3
362,123,0,-8
449,414,0,-5
135,33,0,-9
462,355,0,-5
271,406,0,-6
163,325,0,-9
132,369,0,-7
375,435,0,-1
42,398,0,-2
412,447,0,-9
301,307,0,-4
358,436,0,-8
251,317,0,-3
423,200,0,-8
385,167,0,-7
405,73,0,-7
81,483,0,-5
323,330,0,-4
318,291,0,-8
48,466,0,-7
424,169,0,-3
426,255,0,-8
252,140,0,-10
39,355,0,-5
400,219,0,-4
18,455,0,-4
204,383,0,-2
181,440,0,-7
492,363,0,-3
259,25,0,-10
450,448,0,-1
489,408,0,-4
449,476,0,-3
439,338,0,-2
24,393,0,-10
354,340,0,-1
326,369,0,-7
237,400,0,-4
429,1,0,-3
275,244,0,-2
146,333,0,-6
366,298,0,-8
282,417,0,-9
179,110,0,-8
301,485,0,-5
187,22,0,-4
350,495,0,-6
478,58,0,-4
2,129,0,-10
60,100,0,-4
390,440,0,-9
348,294,0,-2
478,144,0,-3
256,4,0,-9
29,236,0,-4
400,49,0,-10
455,36,0,-8
22,292,0,-6
159,254,0,-7
181,47,0,-5
279,383,0,-8
425,282,0,-2
66,95,0,-2
300,405,0,-7
363,201,0,-6
437,223,0,-4
157,147,0,-1
219,71,0,-7
16,66,0,-6
483,218,0,-9
225,205,0,-10
257,304,0,-3
182,198,0,-10
7,454,0,-9
397,437,0,-1
32,287,0,-9
281,104,0,-7
431,389,0,-3
123,56,0,-1
238,391,0,-4
81,263,0,-1
80,85,0,-4
441,380,0,-6
395,466,0,-3
264,498,0,-10
19,144,0,-6
472,330,0,-10
496,455,0,-4
159,176,0,-7
40,338,0,-9
189,155,0,-8
432,277,0,-8
51,360,0,-7
5,125,0,-6
126,372,0,-7
193,128,0,-8
103,411,0,-5
363,21,0,-9
216,369,0,-3
432,93,0,-1
430,240,0,-1
297,148,0,-10
102,268,0,-4
403,413,0,-5
181,335,0,-1
151,337,0,-5
377,434,0,-5
40,54,0,-8
243,401,0,-4
314,384,0,-5
278,239,0,-10
130,227,0,-10
180,45,0,-2
373,285,0,-8
189,174,0,-7
94,63,0,-8
70,482,0,-1
25,353,0,-5
457,262,0,-10
266,181,0,-2
59,452,0,-4
307,367,0,-6
303,257,0,-1
471,18,0,-8
445,162,0,-2
173,147,0,-2
239,352,0,-1
275,438,0,-9
314,313,0,-7
467,264,0,-8
378,336,0,-4
243,105,0,-9
293,16,0,-3
201,442,0,-10
192,201,0,-5
425,106,0,-10
272,220,0,-8
61,85,0,-9
144,460,0,-5
42,464,0,-1
89,332,0,-3
97,297,0,-4
234,252,0,-8
368,180,0,-7
143,261,0,-5
39,386,0,-1
197,411,0,-5
414,451,0,-6
288,11,0,-1
44,208,0,-4
172,236,0,-4
356,62,0,-9
194,453,0,-10
142,52,0,-8
67,152,0,-2
84,442,0,-7
479,137,0,-7
150,133,0,-10
329,435,0,-7
229,333,0,-5
404,419,0,-2
369,484,0,-9
110,295,0,-1
239,30,0,-4
431,188,0,-3
470,397,0,-1
164,404,0,-10
346,73,0,-9
305,206,0,-6
124,349,0,-1
359,482,0,-8
468,216,0,-1
95,46,0,-2
335,156,0,-2
494,371,0,-6
421,209,0,-8
435,233,0,-4
26,241,0,-9
235,14,0,-1
458,71,0,-4
126,309,0,-8
261,228,0,-1
308,181,0,-4
407,194,0,-9
274,376,0,-5
207,116,0,-4
420,15,0,-9
354,260,0,-5
9,252,0,-2
22,6,0,-4
310,135,0,-7
283,465,0,-3
74,42,0,-2
185,325,0,-6
214,500,0,-5
276,415,0,-9
89,433,0,-7
141,425,0,-4
133,250,0,-6
3,190,0,-6
398,117,0,-9
34,168,0,-3
447,115,0,-7
153,202,0,-1
416,5,0,-4
50,409,0,-6
274,119,0,-10
479,399,0,-10
154,387,0,-8
11,381,0,-7
109,55,0,-10
221,448,0,-7
123,364,0,-2
97,195,0,-9
473,461,0,-6
290,113,0,-3
129,315,0,-8
344,475,0,-9
138,493,0,-4
134,341,0,-9
8,268,0,-3
493,127,0,-4
474,57,0,-8
491,421,0,-1
170,448,0,-3
248,452,0,-5
280,250,0,-1
273,357,0,-1
469,21,0,-5
286,317,0,-2
184,351,0,-8
199,362,0,-4
477,10,0,-9
429,249,0,-7
77,24,0,-2
211,82,0,-2
96,27,0,-8
24,111,0,-4
15,196,0,-5
284,400,0,-3
224,259,0,-2
43,467,0,-2
282,347,0,-10
107,477,0,-1
324,149,0,-1
474,321,0,-4
213,201,0,-4
362,334,0,-10
234,183,0,-9
463,101,0,-3
40,26,0,-4
45,324,0,-8
251,136,0,-5
147,115,0,-6
186,372,0,-4
133,144,0,-6
279,113,0,-6
89,236,0,-8
408,354,0,-1
441,124,0,-10
416,57,0,-5
145,96,0,-10
192,458,0,-3
134,398,0,-3
147,212,0,-3
140,436,0,-4
113,484,0,-9
105,330,0,-1
452,239,0,-10
206,477,0,-5
461,110,0,-10
205,78,0,-2
203,360,0,-10
423,84,0,-8
364,52,0,-10
264,235,0,-10
430,183,0,-1
247,112,0,-9
172,326,0,-9
279,32,0,-2
175,370,0,-7
377,39,0,-2
109,406,0,-9
375,431,0,-5
337,130,0,-10
415,491,0,-6
41,173,0,-9
193,47,0,-1
266,337,0,-6
21,196,0,-9
83,18,0,-3
271,234,0,-1
352,82,0,-10
349,228,0,-4
409,143,0,-1
400,391,0,-1
474,284,0,-7
58,466,0,-7
246,143,0,-6
368,465,0,-8
68,405,0,-5
332,362,0,-7
157,211,0,-3
196,60,0,-4
234,415,0,-8
265,497,0,-4
461,84,0,-1
12,265,0,-10
76,440,0,-9
10,195,0,-6
238,423,0,-10
374,279,0,-7
168,13,0,-4
471,90,0,-1
299,180,0,-7
317,365,0,-7
365,145,0,-3
382,467,0,-8
317,466,0,-2
487,304,0,-3
206,159,0,-10
206,276,0,-4
303,494,0,-9
178,404,0,-6
451,492,0,-2
270,38,0,-10
104,232,0,-6
298,331,0,-4
190,161,0,-5
367,281,0,-3
238,87,0,-8
47,284,0,-2
372,62,0,-3
57,468,0,-9
312,124,0,-8
384,417,0,-4
195,329,0,-1
196,232,0,-5
369,213,0,-3
476,321,0,-3
201,73,0,-5
197,381,0,-2
362,95,0,-2
373,202,0,-7
248,87,0,-4
227,359,0,-2
164,345,0,-3
5,485,0,-7
122,454,0,-7
148,308,0,-2
444,204,0,-5
320,444,0,-5
383,298,0,-8
420,182,0,-7
467,484,0,-7
5,406,0,-6
234,5,0,-1
223,381,0,-4
358,381,0,-7
378,417,0,-8
59,118,0,-3
243,220,0,-10
136,418,0,-1
250,1,0,-8
280,136,0,-1
161,141,0,-5
182,6,0,-10
25,33,0,-9
327,227,0,-7
75,92,0,-7
427,265,0,-5
200,68,0,-6
231,268,0,-9
155,35,0,-10
224,430,0,-6
435,213,0,-9
