3,503,0,44
11,511,0,97
12,512,0,8
13,513,0,38
18,518,0,6
21,521,0,33
22,522,0,85
23,523,0,1
24,524,0,23
26,526,0,61
28,528,0,26
34,534,0,1
35,535,0,33
36,536,0,77
37,537,0,59
39,539,0,30
41,541,0,35
42,542,0,75
43,543,0,59
44,544,0,42
45,545,0,17
46,546,0,3
47,547,0,78
52,552,0,98
53,553,0,70
54,554,0,4
55,555,0,55
56,556,0,74
57,557,0,88
60,560,0,70
61,561,0,58
63,563,0,44
65,565,0,93
66,566,0,31
67,567,0,50
68,568,0,16
73,573,0,93
74,574,0,72
75,575,0,71
77,577,0,86
80,580,0,4
82,582,0,34
83,583,0,56
84,584,0,50
88,588,0,68
89,589,0,7
90,590,0,93
92,592,0,42
93,593,0,45
95,595,0,80
98,598,0,25
99,599,0,55
100,600,0,84
101,601,0,94
105,605,0,73
110,610,0,30
113,613,0,26
116,616,0,5
118,618,0,32
119,619,0,8
120,620,0,67
121,621,0,6
122,622,0,32
123,623,0,24
124,624,0,63
126,626,0,22
127,627,0,67
130,630,0,6
133,633,0,94
135,635,0,77
139,639,0,98
141,641,0,90
145,645,0,37
150,650,0,34
153,653,0,6
156,656,0,3
158,658,0,76
159,659,0,67
160,660,0,76
161,661,0,77
162,662,0,56
164,664,0,24
166,666,0,31
167,667,0,57
168,668,0,62
169,669,0,41
170,670,0,7
175,675,0,33
176,676,0,69
177,677,0,6
178,678,0,65
179,679,0,33
181,681,0,15
183,683,0,9
185,685,0,75
190,690,0,68
198,698,0,62
200,700,0,13
201,701,0,66
202,702,0,10
203,703,0,62
206,706,0,4
209,709,0,90
211,711,0,69
212,712,0,41
214,714,0,47
216,716,0,16
217,717,0,58
218,718,0,55
219,719,0,10
220,720,0,22
221,721,0,20
222,722,0,49
223,723,0,14
224,724,0,63
225,725,0,73
228,728,0,45
229,729,0,82
234,734,0,37
236,736,0,23
237,737,0,58
238,738,0,13
241,741,0,55
244,744,0,53
245,745,0,78
247,747,0,23
248,748,0,80
249,749,0,27
250,750,0,55
251,751,0,63
253,753,0,2
254,754,0,30
255,755,0,79
260,760,0,12
262,762,0,91
264,764,0,56
266,766,0,59
268,768,0,92
269,769,0,69
271,771,0,88
275,775,0,61
276,776,0,93
278,778,0,38
279,779,0,45
280,780,0,1
281,781,0,2
282,782,0,85
284,784,0,16
287,787,0,14
288,788,0,5
290,790,0,65
291,791,0,47
292,792,0,29
294,794,0,20
295,795,0,90
296,796,0,82
300,800,0,77
301,801,0,81
302,802,0,74
303,803,0,62
309,809,0,51
310,810,0,90
311,811,0,85
322,822,0,47
323,823,0,3
327,827,0,39
330,830,0,88
331,831,0,11
333,833,0,62
337,837,0,54
338,838,0,97
341,841,0,9
342,842,0,40
343,843,0,99
351,851,0,41
352,852,0,66
353,853,0,34
354,854,0,92
356,856,0,70
359,859,0,71
360,860,0,89
361,861,0,50
362,862,0,12
363,863,0,88
364,864,0,13
365,865,0,17
367,867,0,43
368,868,0,65
369,869,0,40
370,870,0,66
372,872,0,43
375,875,0,69
376,876,0,97
377,877,0,86
378,878,0,28
379,879,0,98
380,880,0,66
381,881,0,74
382,882,0,93
383,883,0,32
384,884,0,41
385,885,0,3
386,886,0,54
389,889,0,97
390,890,0,94
391,891,0,79
393,893,0,65
394,894,0,17
397,897,0,13
399,899,0,91
402,902,0,96
405,905,0,22
407,907,0,80
409,909,0,41
410,910,0,66
411,911,0,77
414,914,0,28
416,916,0,74
418,918,0,19
422,922,0,34
425,925,0,55
427,927,0,39
428,928,0,63
429,929,0,4
433,933,0,26
436,936,0,19
444,944,0,99
447,947,0,33
448,948,0,38
449,949,0,84
450,950,0,5
454,954,0,83
463,963,0,94
464,964,0,94
465,965,0,29
468,968,0,15
469,969,0,24
470,970,0,26
473,973,0,97
474,974,0,65
475,975,0,18
477,977,0,84
478,978,0,74
481,981,0,11
484,984,0,37
486,986,0,53
489,989,0,43
490,990,0,43
491,991,0,61
497,997,0,19
402,192,0,-10
192,440,0,-8
402,204,0,-6
272,204,0,-3
59,204,0,-5
402,111,0,-4
342,192,0,-1
281,59,0,-5
192,355,0,-4
188,111,0,-1
111,57,0,-9
440,475,0,-9
355,301,0,-4
58,204,0,-4
402,122,0,-2
36,188,0,-5
226,58,0,-6
425,402,0,-9
272,354,0,-5
290,354,0,-9
392,204,0,-4
192,239,0,-5
440,498,0,-5
354,407,0,-1
487,498,0,-3
440,397,0,-5
440,107,0,-8
63,226,0,-10
272,429,0,-9
63,395,0,-8
265,122,0,-6
52,397,0,-9
281,108,0,-4
440,433,0,-7
301,94,0,-1
386,272,0,-4
57,273,0,-4
438,192,0,-1
175,111,0,-5
301,75,0,-6
430,440,0,-7
475,205,0,-8
281,289,0,-5
239,489,0,-6
90,487,0,-1
274,90,0,-9
122,202,0,-2
407,152,0,-2
171,226,0,-9
274,27,0,-3
467,475,0,-8
387,202,0,-8
430,80,0,-6
468,425,0,-6
36,374,0,-7
164,273,0,-1
157,52,0,-2
449,438,0,-2
246,489,0,-3
96,467,0,-1
137,374,0,-9
152,73,0,-7
487,284,0,-6
80,40,0,-9
301,217,0,-9
59,412,0,-1
71,449,0,-4
341,171,0,-4
433,13,0,-4
427,205,0,-1
390,107,0,-1
309,205,0,-9
460,13,0,-5
58,86,0,-10
367,498,0,-10
237,425,0,-8
364,96,0,-5
483,52,0,-9
63,358,0,-8
19,449,0,-10
111,474,0,-8
489,127,0,-3
367,380,0,-3
151,86,0,-5
491,367,0,-2
295,164,0,-5
163,59,0,-7
217,227,0,-9
234,96,0,-3
418,487,0,-5
65,412,0,-10
247,392,0,-7
407,353,0,-4
390,249,0,-8
40,369,0,-3
107,371,0,-7
223,427,0,-9
325,58,0,-7
330,192,0,-8
100,40,0,-4
304,52,0,-5
369,93,0,-10
301,400,0,-7
137,61,0,-7
164,370,0,-6
309,181,0,-5
32,73,0,-10
375,108,0,-9
46,273,0,-2
157,434,0,-7
295,442,0,-6
171,477,0,-10
108,44,0,-10
325,328,0,-5
191,489,0,-4
320,342,0,-5
318,370,0,-4
148,290,0,-10
220,247,0,-3
357,217,0,-9
477,78,0,-5
100,123,0,-10
27,383,0,-7
6,247,0,-2
309,53,0,-4
164,50,0,-1
355,225,0,-1
225,360,0,-10
462,468,0,-5
489,74,0,-9
224,93,0,-1
176,59,0,-8
355,17,0,-10
269,289,0,-5
369,248,0,-8
171,88,0,-5
462,113,0,-5
332,247,0,-1
19,33,0,-9
313,367,0,-5
152,214,0,-7
490,318,0,-4
178,386,0,-6
432,425,0,-3
192,156,0,-9
267,427,0,-5
267,116,0,-6
151,177,0,-1
225,150,0,-9
98,59,0,-3
191,316,0,-1
43,227,0,-5
332,456,0,-9
74,350,0,-7
301,445,0,-7
407,421,0,-5
482,304,0,-8
220,194,0,-8
13,398,0,-5
67,412,0,-2
148,48,0,-8
430,261,0,-7
270,387,0,-2
336,438,0,-1
29,316,0,-5
208,50,0,-2
91,374,0,-5
205,146,0,-7
485,421,0,-5
425,366,0,-6
63,77,0,-8
104,482,0,-8
279,156,0,-7
205,394,0,-8
188,84,0,-3
223,159,0,-10
330,405,0,-9
251,360,0,-1
457,152,0,-3
304,486,0,-9
29,252,0,-3
499,59,0,-6
118,188,0,-8
380,222,0,-2
374,411,0,-9
251,195,0,-5
78,329,0,-2
354,389,0,-8
301,169,0,-1
125,490,0,-8
276,252,0,-6
371,119,0,-1
495,237,0,-8
247,334,0,-1
181,282,0,-2
102,188,0,-1
52,291,0,-4
191,277,0,-1
460,255,0,-8
308,412,0,-4
52,81,0,-9
115,176,0,-4
255,286,0,-5
379,43,0,-4
353,420,0,-5
166,325,0,-10
274,72,0,-9
433,54,0,-3
265,244,0,-4
237,410,0,-9
237,259,0,-3
341,478,0,-10
430,165,0,-10
275,279,0,-9
487,319,0,-7
306,386,0,-3
417,286,0,-8
234,229,0,-6
165,120,0,-9
192,45,0,-8
295,149,0,-8
67,55,0,-1
158,96,0,-8
265,85,0,-3
259,299,0,-10
326,425,0,-7
329,258,0,-1
362,301,0,-6
78,179,0,-3
104,143,0,-2
496,273,0,-5
17,441,0,-7
481,498,0,-2
334,388,0,-8
268,208,0,-7
388,339,0,-6
46,337,0,-5
434,155,0,-6
103,152,0,-1
267,292,0,-4
158,343,0,-2
421,399,0,-3
257,341,0,-7
54,62,0,-2
181,384,0,-9
74,206,0,-7
300,308,0,-10
63,196,0,-3
85,271,0,-2
338,270,0,-1
412,324,0,-3
136,379,0,-6
10,491,0,-8
401,19,0,-4
297,442,0,-1
19,278,0,-9
9,474,0,-5
455,489,0,-7
52,99,0,-9
332,285,0,-9
154,136,0,-4
218,227,0,-7
253,272,0,-2
466,93,0,-5
17,288,0,-10
120,199,0,-5
155,161,0,-8
160,374,0,-2
221,417,0,-1
467,413,0,-7
346,272,0,-6
387,287,0,-7
396,397,0,-5
286,381,0,-10
183,224,0,-1
292,20,0,-2
401,213,0,-10
110,389,0,-2
32,465,0,-6
73,464,0,-5
310,161,0,-1
32,424,0,-9
155,241,0,-1
259,423,0,-5
365,295,0,-6
329,198,0,-1
429,16,0,-8
354,314,0,-8
232,491,0,-2
303,53,0,-2
243,155,0,-10
380,49,0,-5
468,235,0,-2
488,178,0,-7
29,447,0,-9
139,442,0,-8
6,233,0,-4
355,187,0,-10
68,367,0,-9
70,455,0,-8
359,269,0,-7
472,103,0,-3
261,500,0,-6
231,388,0,-5
331,290,0,-10
82,218,0,-3
283,434,0,-5
115,101,0,-2
129,332,0,-6
137,153,0,-10
453,239,0,-9
334,296,0,-7
475,406,0,-5
372,90,0,-9
493,98,0,-2
9,351,0,-2
176,182,0,-7
428,325,0,-4
217,105,0,-2
183,479,0,-9
58,254,0,-8
202,172,0,-7
237,264,0,-6
220,186,0,-1
227,415,0,-6
85,344,0,-1
280,440,0,-10
109,350,0,-5
257,42,0,-1
6,393,0,-2
283,322,0,-4
7,73,0,-10
349,110,0,-9
1,61,0,-7
308,189,0,-5
62,293,0,-9
118,22,0,-4
338,473,0,-9
440,87,0,-4
92,178,0,-1
11,372,0,-10
329,476,0,-10
350,95,0,-5
396,2,0,-4
313,368,0,-10
5,172,0,-2
471,202,0,-9
261,444,0,-9
13,39,0,-9
320,18,0,-9
276,207,0,-8
469,44,0,-3
497,182,0,-9
388,459,0,-2
314,238,0,-7
8,108,0,-10
131,74,0,-10
307,77,0,-7
216,346,0,-6
141,442,0,-3
174,360,0,-6
436,141,0,-3
297,333,0,-1
21,182,0,-3
419,360,0,-10
362,311,0,-2
106,350,0,-1
378,174,0,-7
9,64,0,-2
428,317,0,-8
170,453,0,-6
430,340,0,-10
133,329,0,-1
310,12,0,-8
147,233,0,-5
291,356,0,-5
469,128,0,-6
47,175,0,-3
361,278,0,-6
439,479,0,-8
458,191,0,-6
315,291,0,-9
410,56,0,-8
286,382,0,-8
312,301,0,-6
298,32,0,-9
452,455,0,-2
337,124,0,-6
41,269,0,-6
34,320,0,-3
78,211,0,-1
453,15,0,-8
470,384,0,-10
23,50,0,-8
117,400,0,-4
246,138,0,-4
92,409,0,-4
30,341,0,-6
433,408,0,-7
108,228,0,-3
320,162,0,-3
219,343,0,-8
262,407,0,-7
308,132,0,-1
437,22,0,-7
321,48,0,-7
80,250,0,-3
375,352,0,-5
491,302,0,-1
175,168,0,-1
53,197,0,-9
484,237,0,-10
333,142,0,-8
47,185,0,-7
41,201,0,-8
212,441,0,-5
303,28,0,-10
230,444,0,-4
195,404,0,-1
114,389,0,-2
202,422,0,-3
164,203,0,-10
349,448,0,-1
230,173,0,-3
450,136,0,-6
149,451,0,-8
466,89,0,-5
31,176,0,-10
354,145,0,-4
236,378,0,-8
24,478,0,-3
16,209,0,-5
218,494,0,-9
15,454,0,-9
51,273,0,-7
245,325,0,-1
426,218,0,-1
443,59,0,-1
275,200,0,-3
480,332,0,-8
221,323,0,-2
260,159,0,-7
242,133,0,-6
363,401,0,-10
135,491,0,-9
432,140,0,-1
211,403,0,-3
182,193,0,-3
294,475,0,-6
187,121,0,-9
263,404,0,-3
289,435,0,-8
457,414,0,-5
305,291,0,-7
210,82,0,-3
225,83,0,-4
180,219,0,-2
112,298,0,-4
79,121,0,-8
335,409,0,-8
134,472,0,-5
446,351,0,-3
345,269,0,-10
167,319,0,-3
393,391,0,-4
240,387,0,-9
241,373,0,-2
431,320,0,-3
4,74,0,-1
130,173,0,-6
348,364,0,-7
247,144,0,-2
126,70,0,-9
358,25,0,-1
26,181,0,-5
376,275,0,-7
127,38,0,-2
148,37,0,-7
262,3,0,-6
215,8,0,-4
497,76,0,-9
18,190,0,-1
45,327,0,-8
377,318,0,-1
385,471,0,-4
69,75,0,-6
97,289,0,-6
73,184,0,-8
416,50,0,-1
196,461,0,-10
66,484,0,-7
409,35,0,-10
463,13,0,-10
266,317,0,-9
492,114,0,-4
14,7,0,-10
92,256,0,-8
453,347,0,-6
60,226,0,-2
126,3,0,-9
129,389,0,-9
232,343,0,-2
177,1,0,-2
283,181,0,-1
126,388,0,-7
228,13,0,-10
153,179,0,-7
38,146,0,-5
159,170,0,-1
123,175,0,-8
237,152,0,-5
283,475,0,-5
372,346,0,-5
27,413,0,-9
367,486,0,-10
226,75,0,-8
23,140,0,-8
435,236,0,-10
94,57,0,-5
56,138,0,-9
471,325,0,-8
129,436,0,-6
393,478,0,-2
165,371,0,-7
393,394,0,-5
240,176,0,-5
64,224,0,-9
357,169,0,-9
464,300,0,-7
500,19,0,-5
283,345,0,-2
361,263,0,-1
342,468,0,-5
164,148,0,-1
118,74,0,-5
324,221,0,-1
38,70,0,-6
162,233,0,-9
197,453,0,-4
350,127,0,-3
144,123,0,-7
495,215,0,-2
413,332,0,-2
136,355,0,-10
222,11,0,-2
392,335,0,-2
312,30,0,-7
103,106,0,-3
49,198,0,-2
201,474,0,-1
484,448,0,-5
106,78,0,-9
129,112,0,-7
55,409,0,-8
40,480,0,-8
371,249,0,-3
239,86,0,-9
148,60,0,-5
147,474,0,-2
52,142,0,-4
446,362,0,-7
480,334,0,-6
293,38,0,-2
27,221,0,-7
31,115,0,-10
98,410,0,-7
11,151,0,-4
463,488,0,-10
235,492,0,-9
4,495,0,-10
95,120,0,-6
342,318,0,-3
290,260,0,-10
246,457,0,-2
332,42,0,-4
500,182,0,-9
78,322,0,-2
366,12,0,-3
4,276,0,-8
329,268,0,-9
46,468,0,-6
463,212,0,-7
426,486,0,-3
249,238,0,-3
121,9,0,-8
452,59,0,-6
37,435,0,-4
249,121,0,-2
316,116,0,-8
190,115,0,-2
322,337,0,-8
239,290,0,-1
139,378,0,-5
101,340,0,-4
68,307,0,-5
215,403,0,-5
262,130,0,-1
4,488,0,-8
414,40,0,-7
250,268,0,-8
390,184,0,-10
138,203,0,-2
10,223,0,-10
425,154,0,-10
498,149,0,-1
251,430,0,-9
16,418,0,-7
178,440,0,-7
241,153,0,-2
81,488,0,-4
21,466,0,-8
10,464,0,-10
78,254,0,-4
343,73,0,-2
380,218,0,-9
327,437,0,-8
318,459,0,-7
95,257,0,-6
401,222,0,-6
183,189,0,-5
500,252,0,-6
330,284,0,-10
14,442,0,-3
397,287,0,-1
222,418,0,-5
170,279,0,-6
447,157,0,-10
1,164,0,-4
438,280,0,-5
168,65,0,-3
447,296,0,-7
151,317,0,-6
321,89,0,-1
230,343,0,-3
49,320,0,-9
343,403,0,-9
313,73,0,-3
254,215,0,-9
452,152,0,-6
255,322,0,-7
1,248,0,-6
424,294,0,-9
46,109,0,-3
458,42,0,-3
319,158,0,-4
240,96,0,-10
196,397,0,-9
149,381,0,-9
340,232,0,-9
187,25,0,-1
21,305,0,-10
376,89,0,-3
64,432,0,-5
386,301,0,-1
271,194,0,-2
435,319,0,-2
209,31,0,-1
363,110,0,-3
28,385,0,-4
326,426,0,-8
92,114,0,-7
310,404,0,-1
144,305,0,-6
241,480,0,-6
476,190,0,-8
119,228,0,-10
92,200,0,-4
389,439,0,-9
231,408,0,-1
351,65,0,-3
163,406,0,-6
287,179,0,-3
163,62,0,-8
184,80,0,-8
208,425,0,-9
66,170,0,-9
454,334,0,-10
473,276,0,-10
482,32,0,-4
490,482,0,-3
206,287,0,-9
73,126,0,-5
59,217,0,-7
182,425,0,-7
216,200,0,-2
155,224,0,-5
474,265,0,-3
305,339,0,-7
269,452,0,-1
333,122,0,-6
196,424,0,-8
105,427,0,-10
128,399,0,-4
3,432,0,-6
72,49,0,-3
458,483,0,-8
490,113,0,-4
196,17,0,-8
105,102,0,-6
190,214,0,-8
98,499,0,-3
198,299,0,-3
117,100,0,-7
389,405,0,-2
427,364,0,-10
100,48,0,-7
71,398,0,-5
494,15,0,-7
350,212,0,-9
139,218,0,-2
346,445,0,-7
263,48,0,-8
498,376,0,-3
127,239,0,-7
129,416,0,-1
360,331,0,-10
331,68,0,-1
50,48,0,-1
171,224,0,-5
200,367,0,-6
291,473,0,-5
90,281,0,-5
498,55,0,-10
24,12,0,-3
109,366,0,-3
72,207,0,-1
296,492,0,-4
291,280,0,-10
337,206,0,-5
329,291,0,-8
399,438,0,-7
111,391,0,-1
333,79,0,-2
203,227,0,-7
115,181,0,-7
500,451,0,-2
173,151,0,-1
16,119,0,-9
132,15,0,-3
452,168,0,-2
121,199,0,-8
12,139,0,-9
116,125,0,-4
52,393,0,-6
44,40,0,-6
364,7,0,-9
11,133,0,-3
132,377,0,-6
235,396,0,-7
416,190,0,-6
175,496,0,-5
366,221,0,-3
321,347,0,-1
15,357,0,-3
80,261,0,-6
193,401,0,-5
119,63,0,-7
495,57,0,-6
140,64,0,-9
371,310,0,-3
207,206,0,-1
1,464,0,-8
110,418,0,-2
29,459,0,-9
137,482,0,-4
146,136,0,-5
196,177,0,-8
63,66,0,-10
367,59,0,-2
185,230,0,-3
33,22,0,-6
44,441,0,-8
206,260,0,-10
498,364,0,-4
204,217,0,-7
114,26,0,-2
245,293,0,-3
308,89,0,-1
153,397,0,-8
383,39,0,-10
419,484,0,-10
415,92,0,-4
418,432,0,-10
463,82,0,-5
13,287,0,-7
408,166,0,-8
256,464,0,-1
196,222,0,-2
236,78,0,-1
201,59,0,-6
298,2,0,-5
418,288,0,-6
371,275,0,-3
235,28,0,-10
72,253,0,-5
267,279,0,-3
345,247,0,-1
137,145,0,-5
488,490,0,-1
28,374,0,-10
199,226,0,-1
28,306,0,-4
427,340,0,-1
107,399,0,-3
379,100,0,-9
377,289,0,-5
477,382,0,-8
197,409,0,-2
468,20,0,-6
30,416,0,-1
378,15,0,-6
129,36,0,-10
371,31,0,-3
393,188,0,-4
393,374,0,-6
410,336,0,-4
250,152,0,-6
466,176,0,-2
159,67,0,-9
378,195,0,-5
2,284,0,-2
164,220,0,-4
500,214,0,-1
219,33,0,-10
143,389,0,-5
342,168,0,-9
308,445,0,-6
463,168,0,-10
14,234,0,-1
116,421,0,-2
23,483,0,-10
209,486,0,-7
36,382,0,-2
405,392,0,-7
34,215,0,-9
314,269,0,-2
1,396,0,-8
416,244,0,-5
117,20,0,-4
46,181,0,-3
226,50,0,-3
372,444,0,-4
61,251,0,-3
172,137,0,-2
178,405,0,-8
179,392,0,-5
54,327,0,-3
412,421,0,-6
117,249,0,-8
115,277,0,-6
443,384,0,-7
328,302,0,-7
225,301,0,-4
383,25,0,-1
462,286,0,-6
121,382,0,-5
458,205,0,-5
408,396,0,-1
212,367,0,-10
49,379,0,-4
325,331,0,-8
341,301,0,-2
344,277,0,-2
74,463,0,-2
415,482,0,-10
39,287,0,-1
76,440,0,-7
345,499,0,-2
106,172,0,-10
437,393,0,-1
6,370,0,-9
293,228,0,-4
135,362,0,-7
113,352,0,-5
357,20,0,-10
281,363,0,-6
361,499,0,-7
55,359,0,-4
37,176,0,-9
265,73,0,-7
397,424,0,-1
238,106,0,-8
377,98,0,-2
387,198,0,-4
146,144,0,-7
64,94,0,-6
490,148,0,-4
69,160,0,-10
464,347,0,-10
396,60,0,-9
327,392,0,-6
483,123,0,-5
485,89,0,-9
65,76,0,-4
325,322,0,-2
212,289,0,-10
450,291,0,-7
148,271,0,-7
99,479,0,-6
221,383,0,-10
60,367,0,-9
431,310,0,-10
62,386,0,-7
229,384,0,-4
364,242,0,-3
49,254,0,-2
98,44,0,-8
455,361,0,-3
45,454,0,-5
313,316,0,-1
316,457,0,-8
79,323,0,-7
395,255,0,-1
22,7,0,-10
261,69,0,-2
447,474,0,-4
215,282,0,-3
99,283,0,-2
326,180,0,-5
195,120,0,-3
221,334,0,-6
139,403,0,-1
413,102,0,-6
430,82,0,-3
248,102,0,-8
38,429,0,-2
57,245,0,-10
249,32,0,-8
106,290,0,-5
134,410,0,-7
280,97,0,-10
268,29,0,-6
414,259,0,-8
484,247,0,-10
25,60,0,-6
115,214,0,-2
229,327,0,-1
228,438,0,-1
340,382,0,-4
267,146,0,-10
322,384,0,-10
428,308,0,-3
131,46,0,-4
199,89,0,-5
298,45,0,-2
439,388,0,-5
150,398,0,-10
171,317,0,-5
470,114,0,-10
2,433,0,-2
459,356,0,-3
369,303,0,-1
253,120,0,-2
243,96,0,-5
488,499,0,-6
443,6,0,-4
77,238,0,-8
300,151,0,-5
1,385,0,-9
449,207,0,-3
130,409,0,-4
430,493,0,-1
370,97,0,-2
363,495,0,-7
29,293,0,-1
212,63,0,-8
280,344,0,-8
293,399,0,-7
48,489,0,-8
351,489,0,-6
348,221,0,-5
167,453,0,-10
143,76,0,-10
248,427,0,-8
435,341,0,-5
334,112,0,-7
193,231,0,-1
350,378,0,-5
364,154,0,-10
488,482,0,-8
447,259,0,-7
352,114,0,-2
28,436,0,-4
193,419,0,-1
145,415,0,-7
154,401,0,-3
355,249,0,-2
182,270,0,-6
126,366,0,-7
44,426,0,-8
491,477,0,-7
384,81,0,-5
474,100,0,-1
242,444,0,-5
333,229,0,-1
297,107,0,-2
444,251,0,-2
415,194,0,-6
481,110,0,-1
32,240,0,-6
