57,557,0,26
255,755,0,97
298,798,0,32
382,882,0,45
437,937,0,74
194,175,0,-4
175,275,0,-5
194,50,0,-8
290,175,0,-4
275,221,0,-1
290,82,0,-8
50,41,0,-1
275,83,0,-7
82,330,0,-6
3,83,0,-1
490,3,0,-10
359,330,0,-8
490,466,0,-2
290,236,0,-9
343,83,0,-6
236,189,0,-8
258,221,0,-10
359,347,0,-1
153,466,0,-3
175,26,0,-10
339,236,0,-5
163,41,0,-5
290,291,0,-8
445,175,0,-2
41,326,0,-1
105,26,0,-10
105,481,0,-5
326,113,0,-6
198,445,0,-6
216,41,0,-5
359,159,0,-3
50,173,0,-3
275,467,0,-6
490,55,0,-5
3,71,0,-7
216,165,0,-4
173,432,0,-2
153,431,0,-6
347,393,0,-1
147,41,0,-5
216,142,0,-7
194,360,0,-10
431,398,0,-8
499,159,0,-1
113,95,0,-7
95,184,0,-1
275,250,0,-6
258,32,0,-4
467,110,0,-1
329,198,0,-8
165,341,0,-7
357,110,0,-10
371,82,0,-9
341,154,0,-8
393,195,0,-3
455,339,0,-7
82,254,0,-2
161,445,0,-8
152,41,0,-6
393,372,0,-7
182,393,0,-6
154,40,0,-4
405,55,0,-1
393,213,0,-3
311,254,0,-10
153,77,0,-7
175,263,0,-7
303,372,0,-10
50,179,0,-5
189,204,0,-5
236,459,0,-7
372,253,0,-10
303,450,0,-10
154,59,0,-10
105,81,0,-3
358,77,0,-6
455,132,0,-1
44,3,0,-10
338,339,0,-9
127,339,0,-8
466,377,0,-7
326,321,0,-10
360,293,0,-2
295,113,0,-7
197,213,0,-8
308,95,0,-7
432,130,0,-7
97,77,0,-7
204,73,0,-9
405,475,0,-10
17,347,0,-10
445,453,0,-9
293,242,0,-2
129,110,0,-3
348,26,0,-10
258,279,0,-7
450,313,0,-3
432,449,0,-6
271,321,0,-6
283,184,0,-2
358,352,0,-9
213,200,0,-3
197,389,0,-7
233,283,0,-9
496,161,0,-9
95,52,0,-7
429,17,0,-2
299,293,0,-6
139,163,0,-1
120,163,0,-8
343,387,0,-8
424,182,0,-8
392,313,0,-4
281,389,0,-7
178,360,0,-3
291,25,0,-1
449,374,0,-2
178,426,0,-1
299,92,0,-2
197,151,0,-6
177,311,0,-5
401,83,0,-3
254,214,0,-4
473,352,0,-7
81,375,0,-8
429,193,0,-1
285,258,0,-4
37,496,0,-3
232,50,0,-7
137,127,0,-5
389,56,0,-8
321,122,0,-3
449,45,0,-6
124,139,0,-10
488,232,0,-8
367,40,0,-5
198,5,0,-5
333,129,0,-6
221,492,0,-6
29,127,0,-5
200,19,0,-4
6,44,0,-7
377,49,0,-9
471,250,0,-7
372,417,0,-3
313,64,0,-10
437,308,0,-4
490,493,0,-4
83,400,0,-7
200,340,0,-10
5,54,0,-4
462,182,0,-3
384,213,0,-5
244,122,0,-1
338,33,0,-4
90,426,0,-5
378,329,0,-4
195,298,0,-2
179,190,0,-4
403,194,0,-8
389,410,0,-4
254,109,0,-1
487,25,0,-8
238,95,0,-5
283,406,0,-6
76,499,0,-2
159,434,0,-5
229,163,0,-8
401,458,0,-7
359,21,0,-4
271,30,0,-9
329,284,0,-7
202,30,0,-8
34,488,0,-1
360,119,0,-5
138,298,0,-5
265,120,0,-7
458,413,0,-5
283,60,0,-10
338,88,0,-6
3,123,0,-2
455,428,0,-4
52,439,0,-1
353,333,0,-1
101,147,0,-3
327,130,0,-9
177,85,0,-3
491,340,0,-3
320,340,0,-9
182,107,0,-3
308,386,0,-8
193,494,0,-3
167,358,0,-8
326,442,0,-3
431,261,0,-4
338,10,0,-9
267,10,0,-1
193,447,0,-2
178,382,0,-6
232,209,0,-2
419,283,0,-10
217,413,0,-2
18,123,0,-10
28,26,0,-9
416,432,0,-8
281,421,0,-1
223,413,0,-5
455,464,0,-2
80,416,0,-2
167,485,0,-7
318,233,0,-4
470,432,0,-8
374,185,0,-2
433,193,0,-6
262,298,0,-1
245,41,0,-7
263,96,0,-3
237,496,0,-3
485,465,0,-6
304,271,0,-2
431,72,0,-1
293,58,0,-7
125,485,0,-4
400,457,0,-1
302,154,0,-7
285,65,0,-10
101,476,0,-4
341,212,0,-5
289,374,0,-10
124,74,0,-7
23,329,0,-3
285,420,0,-10
51,491,0,-4
212,297,0,-8
161,203,0,-6
214,174,0,-6
418,348,0,-4
25,160,0,-4
147,362,0,-9
456,165,0,-6
47,418,0,-2
455,270,0,-2
220,357,0,-1
391,29,0,-9
304,247,0,-2
277,247,0,-7
433,334,0,-4
388,229,0,-6
179,276,0,-4
328,276,0,-9
107,48,0,-1
277,381,0,-5
395,387,0,-3
51,286,0,-6
231,185,0,-6
98,177,0,-10
54,12,0,-5
116,393,0,-7
261,415,0,-6
441,275,0,-5
463,476,0,-10
350,238,0,-10
412,6,0,-4
79,496,0,-10
299,208,0,-3
22,458,0,-9
151,335,0,-4
158,389,0,-8
100,441,0,-7
198,145,0,-8
107,497,0,-4
259,18,0,-10
66,202,0,-7
274,293,0,-10
356,371,0,-7
307,270,0,-5
43,40,0,-3
470,472,0,-9
44,264,0,-4
394,179,0,-5
219,391,0,-8
225,137,0,-8
256,200,0,-3
14,416,0,-10
388,366,0,-3
70,459,0,-6
119,168,0,-3
144,450,0,-1
196,193,0,-1
84,359,0,-7
406,27,0,-8
77,251,0,-10
406,369,0,-4
234,432,0,-2
486,73,0,-8
175,427,0,-4
117,122,0,-6
57,185,0,-6
18,246,0,-1
378,325,0,-1
160,316,0,-7
398,135,0,-2
143,79,0,-8
21,206,0,-9
263,252,0,-5
425,247,0,-10
278,214,0,-8
136,304,0,-4
17,36,0,-5
363,330,0,-2
427,39,0,-9
66,61,0,-1
3,75,0,-9
211,246,0,-1
18,222,0,-6
280,400,0,-6
121,137,0,-9
485,91,0,-2
218,105,0,-1
352,364,0,-2
107,134,0,-1
279,166,0,-6
105,477,0,-10
131,54,0,-5
133,204,0,-9
41,188,0,-4
476,157,0,-1
120,89,0,-4
180,326,0,-10
350,255,0,-7
499,423,0,-7
62,369,0,-9
319,91,0,-8
351,494,0,-3
275,260,0,-4
155,341,0,-2
377,16,0,-7
414,76,0,-8
301,245,0,-3
445,146,0,-4
225,115,0,-6
306,348,0,-3
495,439,0,-2
425,266,0,-2
186,423,0,-5
173,239,0,-10
90,68,0,-1
448,25,0,-4
75,461,0,-8
446,338,0,-8
84,452,0,-6
291,390,0,-8
346,400,0,-5
30,482,0,-10
207,220,0,-5
240,175,0,-9
373,168,0,-1
187,194,0,-10
487,483,0,-9
389,31,0,-6
493,379,0,-9
413,331,0,-1
165,407,0,-4
438,21,0,-4
53,493,0,-10
469,378,0,-1
244,227,0,-7
169,284,0,-6
403,226,0,-7
167,230,0,-4
4,52,0,-7
38,462,0,-2
257,469,0,-4
485,422,0,-7
269,194,0,-10
359,380,0,-4
460,380,0,-3
7,107,0,-6
440,116,0,-5
470,148,0,-8
141,90,0,-8
411,403,0,-5
114,203,0,-7
342,233,0,-4
108,277,0,-1
480,357,0,-6
210,393,0,-1
255,11,0,-3
200,273,0,-7
154,314,0,-2
444,364,0,-3
395,312,0,-4
443,122,0,-10
176,343,0,-6
201,262,0,-4
107,368,0,-7
398,13,0,-7
478,368,0,-10
79,361,0,-1
401,149,0,-1
447,170,0,-7
485,20,0,-8
353,199,0,-8
439,430,0,-5
266,9,0,-7
378,24,0,-8
8,312,0,-8
99,144,0,-5
344,149,0,-2
8,435,0,-6
370,252,0,-1
94,120,0,-8
417,118,0,-6
207,172,0,-5
171,9,0,-10
167,288,0,-4
162,350,0,-7
337,116,0,-1
133,345,0,-6
87,485,0,-6
369,409,0,-5
61,86,0,-1
278,310,0,-8
80,241,0,-9
315,39,0,-2
300,298,0,-2
484,363,0,-7
126,455,0,-5
361,436,0,-8
479,390,0,-1
227,35,0,-10
422,235,0,-9
327,385,0,-10
355,88,0,-1
78,175,0,-9
264,376,0,-9
97,336,0,-1
67,94,0,-8
296,189,0,-6
160,192,0,-1
156,188,0,-5
150,250,0,-7
317,61,0,-6
500,262,0,-4
304,399,0,-5
299,128,0,-10
434,324,0,-10
454,425,0,-7
233,2,0,-8
316,248,0,-6
104,128,0,-1
62,106,0,-9
304,408,0,-8
282,329,0,-8
370,323,0,-1
140,192,0,-8
134,93,0,-2
431,272,0,-7
218,489,0,-4
191,372,0,-1
120,287,0,-2
438,468,0,-9
301,112,0,-6
354,98,0,-2
209,164,0,-6
145,215,0,-7
249,221,0,-7
110,349,0,-9
59,322,0,-5
93,102,0,-2
498,23,0,-3
16,268,0,-6
122,383,0,-9
224,371,0,-9
393,205,0,-2
474,170,0,-3
338,292,0,-5
246,396,0,-9
207,404,0,-1
362,228,0,-8
397,138,0,-4
365,473,0,-6
451,449,0,-9
309,354,0,-6
111,350,0,-9
344,69,0,-10
431,181,0,-6
63,320,0,-8
317,42,0,-6
103,114,0,-8
216,402,0,-8
1,325,0,-1
244,183,0,-6
115,15,0,-8
94,46,0,-8
27,305,0,-8
194,332,0,-6
294,376,0,-3
243,396,0,-2
242,16,0,-6
137,322,0,-4
333,421,0,-4
257,29,0,-4
235,397,0,-7
337,205,0,-4
478,171,0,-2
440,11,0,-9
43,104,0,-2
241,411,0,-1
439,464,0,-3
87,175,0,-6
412,123,0,-2
150,153,0,-5
387,183,0,-2
73,278,0,-6
364,481,0,-1
420,32,0,-8
69,339,0,-10
186,39,0,-3
79,452,0,-8
139,220,0,-4
313,22,0,-3
252,410,0,-4
214,372,0,-3
184,318,0,-8
392,199,0,-3
293,192,0,-8
105,367,0,-3
57,234,0,-10
55,97,0,-8
310,369,0,-9
159,44,0,-6
71,469,0,-2
373,71,0,-8
226,263,0,-8
176,398,0,-6
237,63,0,-3
129,139,0,-9
411,406,0,-2
160,328,0,-2
155,474,0,-4
284,3,0,-5
158,216,0,-10
411,225,0,-4
363,107,0,-3
386,191,0,-7
295,405,0,-7
497,317,0,-1
354,202,0,-10
307,143,0,-5
132,204,0,-4
144,309,0,-8
116,279,0,-1
322,414,0,-5
319,375,0,-1
242,355,0,-7
88,150,0,-3
280,52,0,-3
96,343,0,-10
196,17,0,-10
84,463,0,-2
449,363,0,-1
174,314,0,-10
446,335,0,-1
411,61,0,-1
407,148,0,-7
267,499,0,-1
349,423,0,-8
259,134,0,-8
153,487,0,-3
373,340,0,-2
451,171,0,-9
376,491,0,-1
489,433,0,-5
1,322,0,-8
42,147,0,-3
183,140,0,-2
45,361,0,-7
305,201,0,-5
14,394,0,-7
263,206,0,-9
77,64,0,-10
85,68,0,-9
16,304,0,-1
478,228,0,-6
131,401,0,-5
170,331,0,-2
121,289,0,-8
13,67,0,-5
127,179,0,-10
318,424,0,-5
236,169,0,-6
441,81,0,-1
82,319,0,-9
169,101,0,-4
152,132,0,-5
378,20,0,-2
478,269,0,-3
292,20,0,-9
76,131,0,-1
359,205,0,-1
429,342,0,-2
470,361,0,-8
220,147,0,-9
391,400,0,-3
308,388,0,-3
208,495,0,-8
82,431,0,-6
481,192,0,-2
93,168,0,-4
365,114,0,-10
135,476,0,-2
292,252,0,-10
68,425,0,-4
219,418,0,-1
314,479,0,-8
8,379,0,-8
354,470,0,-10
351,372,0,-10
163,435,0,-7
77,316,0,-9
383,197,0,-8
235,478,0,-5
161,102,0,-1
90,20,0,-9
322,431,0,-1
243,499,0,-4
128,69,0,-7
440,320,0,-2
284,96,0,-2
272,381,0,-10
114,497,0,-5
443,292,0,-7
261,341,0,-7
167,234,0,-8
492,305,0,-6
282,365,0,-2
283,88,0,-1
197,102,0,-1
167,44,0,-4
90,189,0,-7
24,127,0,-6
222,451,0,-7
79,229,0,-8
499,250,0,-1
466,94,0,-6
403,182,0,-9
328,216,0,-4
53,208,0,-9
8,5,0,-6
462,77,0,-1
48,37,0,-10
375,175,0,-8
461,432,0,-4
283,133,0,-7
449,2,0,-9
385,393,0,-4
264,296,0,-1
360,96,0,-5
14,319,0,-7
369,383,0,-7
107,357,0,-10
217,115,0,-2
228,421,0,-9
22,446,0,-2
204,356,0,-5
135,354,0,-5
391,333,0,-8
243,247,0,-6
423,53,0,-2
91,233,0,-8
216,410,0,-6
436,99,0,-6
133,403,0,-5
334,282,0,-6
454,289,0,-10
180,308,0,-2
271,249,0,-9
472,90,0,-6
55,273,0,-4
269,94,0,-8
124,417,0,-10
260,113,0,-6
299,122,0,-5
304,212,0,-4
424,82,0,-5
326,465,0,-5
345,44,0,-4
497,286,0,-2
105,347,0,-1
469,394,0,-9
252,330,0,-10
499,424,0,-4
268,52,0,-5
164,277,0,-4
109,138,0,-2
342,170,0,-7
69,316,0,-8
2,461,0,-7
220,374,0,-8
282,156,0,-10
346,492,0,-1
375,362,0,-9
128,482,0,-10
179,414,0,-8
353,163,0,-1
273,416,0,-7
470,352,0,-2
128,47,0,-6
50,329,0,-1
185,31,0,-10
142,464,0,-7
436,380,0,-5
12,241,0,-1
121,99,0,-6
403,234,0,-1
110,271,0,-6
394,103,0,-4
124,318,0,-4
283,463,0,-10
168,43,0,-1
40,197,0,-3
403,82,0,-9
3,247,0,-1
498,477,0,-4
33,195,0,-1
219,437,0,-5
22,6,0,-6
365,222,0,-6
386,113,0,-5
217,283,0,-4
334,217,0,-3
36,259,0,-9
425,39,0,-6
181,18,0,-4
359,168,0,-4
325,105,0,-5
21,370,0,-5
337,426,0,-10
214,118,0,-4
25,182,0,-8
394,197,0,-7
330,416,0,-2
42,183,0,-8
475,175,0,-3
197,339,0,-9
280,306,0,-2
2,383,0,-4
58,322,0,-10
230,106,0,-2
172,89,0,-2
176,489,0,-6
393,330,0,-1
413,128,0,-4
51,69,0,-8
326,135,0,-3
264,213,0,-8
415,64,0,-8
130,351,0,-2
265,380,0,-8
455,246,0,-10
156,483,0,-4
63,41,0,-2
494,409,0,-3
271,169,0,-3
91,74,0,-2
260,179,0,-10
422,304,0,-2
44,347,0,-8
466,173,0,-6
482,50,0,-4
354,168,0,-5
231,5,0,-7
458,18,0,-3
447,158,0,-8
289,459,0,-4
46,121,0,-1
34,211,0,-3
334,133,0,-10
434,458,0,-8
239,383,0,-4
435,342,0,-7
74,143,0,-5
47,296,0,-6
488,458,0,-5
196,87,0,-9
72,22,0,-5
298,383,0,-1
223,172,0,-1
126,401,0,-7
420,269,0,-4
300,282,0,-4
106,191,0,-7
424,369,0,-1
33,415,0,-2
267,285,0,-5
489,59,0,-5
397,446,0,-7
186,47,0,-3
86,377,0,-8
364,94,0,-7
211,447,0,-1
179,146,0,-9
394,446,0,-10
10,444,0,-1
192,324,0,-10
412,456,0,-1
321,32,0,-9
15,193,0,-2
120,31,0,-10
385,101,0,-5
399,463,0,-1
230,78,0,-1
130,416,0,-5
326,179,0,-8
42,231,0,-5
155,466,0,-8
177,26,0,-10
143,481,0,-3
149,13,0,-4
231,384,0,-9
356,83,0,-10
179,444,0,-7
16,117,0,-8
400,240,0,-7
288,384,0,-10
496,337,0,-2
200,169,0,-3
393,411,0,-9
156,424,0,-4
475,256,0,-4
461,29,0,-8
336,411,0,-10
383,190,0,-1
304,216,0,-10
436,155,0,-9
361,495,0,-8
408,49,0,-5
189,273,0,-10
443,459,0,-10
147,496,0,-1
150,288,0,-6
481,185,0,-2
379,427,0,-4
105,326,0,-2
106,227,0,-5
18,37,0,-5
334,350,0,-9
4,454,0,-9
331,92,0,-5
249,43,0,-4
402,403,0,-4
85,376,0,-6
368,278,0,-10
22,329,0,-2
138,430,0,-4
187,238,0,-8
352,373,0,-3
154,94,0,-4
238,233,0,-10
189,393,0,-1
148,373,0,-6
113,24,0,-4
458,350,0,-8
181,69,0,-3
309,261,0,-10
81,1,0,-5
447,59,0,-8
448,43,0,-7
160,48,0,-7
248,11,0,-5
413,265,0,-3
24,85,0,-9
225,20,0,-7
335,450,0,-3
314,467,0,-6
294,158,0,-6
438,133,0,-3
440,451,0,-9
394,222,0,-6
66,183,0,-5
394,182,0,-2
11,117,0,-8
25,435,0,-4
121,52,0,-9
414,72,0,-3
214,473,0,-10
248,196,0,-3
490,137,0,-1
134,77,0,-10
285,257,0,-10
410,17,0,-1
258,374,0,-4
400,163,0,-4
500,259,0,-9
138,467,0,-5
409,392,0,-2
312,485,0,-2
44,145,0,-8
40,212,0,-7
131,64,0,-6
442,89,0,-7
141,377,0,-5
166,132,0,-7
193,284,0,-6
101,161,0,-4
344,22,0,-3
38,19,0,-8
303,175,0,-3
174,342,0,-1
116,247,0,-9
163,43,0,-8
277,427,0,-7
131,330,0,-2
57,248,0,-10
80,41,0,-8
426,468,0,-8
474,78,0,-9
452,117,0,-7
461,154,0,-10
145,447,0,-9
410,401,0,-8
277,431,0,-6
264,127,0,-9
167,68,0,-7
31,293,0,-4
314,102,0,-4
440,410,0,-2
416,364,0,-2
198,94,0,-4
60,427,0,-7
256,89,0,-5
100,214,0,-7
218,317,0,-10
247,449,0,-7
176,121,0,-2
39,10,0,-2
380,475,0,-5
391,362,0,-7
474,239,0,-7
272,134,0,-10
95,33,0,-10
239,490,0,-10
92,20,0,-10
437,84,0,-4
297,464,0,-1
424,16,0,-6
396,172,0,-6
151,477,0,-4
312,9,0,-4
322,476,0,-4
212,178,0,-3
158,188,0,-6
5,282,0,-4
451,323,0,-5
68,80,0,-1
32,314,0,-8
175,255,0,-3
275,421,0,-4
295,284,0,-9
61,499,0,-6
445,32,0,-4
370,74,0,-5
360,140,0,-2
111,288,0,-8
254,205,0,-2
180,434,0,-1
437,443,0,-9
384,112,0,-2
155,110,0,-10
434,379,0,-10
84,58,0,-10
396,168,0,-6
42,201,0,-8
29,70,0,-4
73,62,0,-5
146,45,0,-5
297,1,0,-5
3,492,0,-9
232,187,0,-1
412,267,0,-10
352,248,0,-9
407,223,0,-5
197,187,0,-6
294,359,0,-1
35,155,0,-7
170,134,0,-1
265,322,0,-2
240,487,0,-4
463,113,0,-2
341,249,0,-4
118,213,0,-10
214,457,0,-7
81,100,0,-3
186,126,0,-9
139,249,0,-5
322,80,0,-3
292,472,0,-1
360,125,0,-1
93,261,0,-9
311,217,0,-5
94,232,0,-6
391,350,0,-8
77,408,0,-2
193,138,0,-9
314,229,0,-1
500,239,0,-5
252,241,0,-8
221,323,0,-6
34,303,0,-9
31,285,0,-6
465,142,0,-4
315,277,0,-7
378,373,0,-6
68,165,0,-6
428,96,0,-5
392,410,0,-7
85,31,0,-4
246,262,0,-4
183,415,0,-6
17,39,0,-1
91,313,0,-2
302,161,0,-9
191,82,0,-10
283,433,0,-9
260,466,0,-4
318,393,0,-7
212,118,0,-7
230,111,0,-3
23,482,0,-10
250,46,0,-5
186,35,0,-4
222,76,0,-9
468,281,0,-8
308,164,0,-5
379,109,0,-10
124,120,0,-8
141,185,0,-3
145,91,0,-4
219,60,0,-4
86,435,0,-4
466,477,0,-1
106,141,0,-10
271,1,0,-6
58,499,0,-3
51,173,0,-9
389,117,0,-8
437,304,0,-6
404,220,0,-2
345,162,0,-9
121,339,0,-9
9,374,0,-9
348,182,0,-5
440,226,0,-3
299,109,0,-3
420,69,0,-4
219,289,0,-1
33,14,0,-4
342,460,0,-9
348,56,0,-8
216,245,0,-3
396,120,0,-2
251,304,0,-8
50,405,0,-1
109,430,0,-3
133,315,0,-10
318,391,0,-9
355,423,0,-2
62,19,0,-5
219,350,0,-8
32,485,0,-2
91,499,0,-7
137,47,0,-9
340,32,0,-9
254,120,0,-7
325,266,0,-3
267,249,0,-3
472,280,0,-10
159,97,0,-5
55,166,0,-2
364,173,0,-7
461,354,0,-2
181,360,0,-5
190,167,0,-6
402,104,0,-5
189,161,0,-10
463,272,0,-10
452,280,0,-7
52,147,0,-7
284,25,0,-6
184,243,0,-4
193,47,0,-5
142,125,0,-6
125,349,0,-7
113,365,0,-2
371,211,0,-9
462,442,0,-8
163,276,0,-6
266,455,0,-3
326,329,0,-7
469,196,0,-7
420,484,0,-10
353,157,0,-2
372,403,0,-3
385,500,0,-1
344,484,0,-10
7,161,0,-6
274,119,0,-5
422,424,0,-6
454,285,0,-2
331,353,0,-8
234,155,0,-3
173,491,0,-8
437,497,0,-1
458,470,0,-8
348,329,0,-2
71,420,0,-4
362,360,0,-7
269,381,0,-2
72,127,0,-1
368,11,0,-10
343,264,0,-2
59,28,0,-6
388,382,0,-5
3,228,0,-10
90,34,0,-3
467,296,0,-1
222,12,0,-3
470,239,0,-8
382,111,0,-3
96,107,0,-7
496,116,0,-10
228,33,0,-4
346,145,0,-6
359,479,0,-6
333,224,0,-5
222,280,0,-4
315,135,0,-2
323,176,0,-1
122,65,0,-2
279,167,0,-7
94,368,0,-1
309,19,0,-8
287,163,0,-9
260,23,0,-2
129,72,0,-6
301,122,0,-2
24,211,0,-4
350,12,0,-2
119,386,0,-4
108,358,0,-7
430,446,0,-2
142,194,0,-4
366,387,0,-8
208,10,0,-7
256,446,0,-1
163,130,0,-2
69,335,0,-6
334,58,0,-5
417,102,0,-3
359,303,0,-7
244,111,0,-10
446,94,0,-3
471,47,0,-6
459,171,0,-2
428,316,0,-10
116,368,0,-1
472,108,0,-2
203,193,0,-5
301,486,0,-10
201,121,0,-6
51,252,0,-2
488,446,0,-5
370,25,0,-2
154,166,0,-10
315,417,0,-7
70,491,0,-3
410,370,0,-4
284,428,0,-2
376,177,0,-1
191,414,0,-6
87,35,0,-3
402,312,0,-8
110,138,0,-2
203,444,0,-9
133,500,0,-9
73,290,0,-2
360,257,0,-4
366,279,0,-2
344,129,0,-8
190,457,0,-6
393,386,0,-5
180,311,0,-2
89,253,0,-9
144,39,0,-6
322,152,0,-1
74,393,0,-4
253,225,0,-6
283,439,0,-6
130,9,0,-2
26,298,0,-8
291,298,0,-10
302,89,0,-9
204,134,0,-5
247,232,0,-1
57,393,0,-9
379,28,0,-6
334,341,0,-1
224,334,0,-2
225,209,0,-6
125,164,0,-5
196,353,0,-6
50,316,0,-1
84,246,0,-3
347,16,0,-5
427,454,0,-3
142,431,0,-2
337,480,0,-5
378,272,0,-1
431,85,0,-1
399,177,0,-6
435,71,0,-2
187,367,0,-8
486,469,0,-9
368,310,0,-4
63,182,0,-7
178,257,0,-4
39,61,0,-7
220,174,0,-8
482,468,0,-8
82,32,0,-1
377,395,0,-7
339,33,0,-2
28,21,0,-10
153,145,0,-8
112,306,0,-7
38,319,0,-1
281,476,0,-8
231,371,0,-8
339,218,0,-1
258,445,0,-8
153,445,0,-6
13,386,0,-4
383,65,0,-4
284,135,0,-10
120,193,0,-3
180,115,0,-7
111,483,0,-3
279,444,0,-10
27,114,0,-1
403,118,0,-7
282,305,0,-10
326,488,0,-7
111,234,0,-2
281,302,0,-2
343,460,0,-2
200,236,0,-5
108,63,0,-8
232,107,0,-4
440,87,0,-10
164,375,0,-8
444,17,0,-3
75,217,0,-7
199,182,0,-10
6,108,0,-9
103,170,0,-2
257,129,0,-5
178,130,0,-1
480,187,0,-3
247,340,0,-2
456,480,0,-7
337,84,0,-3
3,13,0,-10
186,185,0,-4
103,244,0,-1
47,316,0,-9
272,91,0,-10
341,477,0,-9
230,164,0,-10
251,291,0,-2
474,232,0,-3
115,472,0,-3
174,139,0,-4
102,39,0,-3
198,393,0,-5
111,114,0,-5
379,65,0,-8
329,189,0,-6
355,314,0,-1
269,416,0,-1
393,20,0,-8
223,348,0,-10
407,459,0,-6
183,346,0,-3
239,107,0,-6
448,338,0,-10
223,37,0,-1
127,439,0,-3
113,392,0,-5
33,144,0,-3
151,113,0,-6
183,167,0,-7
97,214,0,-2
395,21,0,-8
72,231,0,-10
312,484,0,-10
173,494,0,-3
250,303,0,-1
265,298,0,-3
420,418,0,-6
260,480,0,-8
498,238,0,-6
294,473,0,-10
453,499,0,-8
71,134,0,-3
137,87,0,-8
242,217,0,-10
43,474,0,-2
43,463,0,-6
455,341,0,-2
75,346,0,-3
319,424,0,-2
8,235,0,-1
142,429,0,-3
19,196,0,-9
443,142,0,-10
330,3,0,-9
46,152,0,-4
483,296,0,-4
466,28,0,-5
157,487,0,-7
287,265,0,-7
388,45,0,-1
451,339,0,-3
338,183,0,-8
214,449,0,-9
210,436,0,-1
193,446,0,-4
221,381,0,-10
477,465,0,-8
235,389,0,-10
105,100,0,-7
159,22,0,-9
305,36,0,-8
448,483,0,-7
307,346,0,-4
21,250,0,-4
412,23,0,-6
455,494,0,-2
423,220,0,-2
67,303,0,-1
85,428,0,-8
408,210,0,-5
225,10,0,-7
79,199,0,-5
393,268,0,-3
136,33,0,-1
346,49,0,-10
161,200,0,-8
118,105,0,-2
207,152,0,-3
297,400,0,-4
278,69,0,-2
234,141,0,-9
261,210,0,-8
186,297,0,-1
383,299,0,-4
441,16,0,-3
237,276,0,-2
132,414,0,-4
100,188,0,-7
435,357,0,-9
126,93,0,-2
369,208,0,-5
436,96,0,-2
410,181,0,-10
383,370,0,-2
338,81,0,-8
350,439,0,-2
135,119,0,-7
113,45,0,-1
183,373,0,-10
123,38,0,-4
227,158,0,-7
130,383,0,-3
321,109,0,-5
451,246,0,-2
122,30,0,-1
16,181,0,-8
5,347,0,-8
250,51,0,-8
421,138,0,-6
104,454,0,-5
119,243,0,-10
121,453,0,-8
122,245,0,-10
326,244,0,-8
493,155,0,-1
218,275,0,-3
191,17,0,-2
471,132,0,-6
371,340,0,-6
456,265,0,-2
428,384,0,-2
200,241,0,-4
60,5,0,-5
442,302,0,-4
191,448,0,-5
45,70,0,-8
379,44,0,-7
498,346,0,-2
258,11,0,-4
347,26,0,-1
55,453,0,-10
380,495,0,-5
468,486,0,-3
449,192,0,-6
29,413,0,-4
377,332,0,-5
457,427,0,-1
458,366,0,-1
373,423,0,-6
405,171,0,-2
365,322,0,-8
215,425,0,-2
182,108,0,-1
445,174,0,-9
487,334,0,-3
14,434,0,-7
165,390,0,-1
441,149,0,-10
227,291,0,-4
56,303,0,-5
87,379,0,-2
446,58,0,-10
20,36,0,-9
345,141,0,-3
210,271,0,-3
361,481,0,-8
461,362,0,-3
260,483,0,-10
351,430,0,-10
219,411,0,-7
401,229,0,-2
139,256,0,-3
81,174,0,-8
482,22,0,-4
192,124,0,-10
121,42,0,-8
43,7,0,-3
190,456,0,-9
223,207,0,-7
248,358,0,-5
286,447,0,-1
144,435,0,-10
48,433,0,-2
147,288,0,-8
116,56,0,-1
479,189,0,-5
351,299,0,-2
121,318,0,-3
221,239,0,-7
373,221,0,-10
457,326,0,-10
396,269,0,-8
33,133,0,-5
335,189,0,-7
343,256,0,-5
443,237,0,-2
471,187,0,-7
395,384,0,-3
235,49,0,-6
219,160,0,-2
175,397,0,-10
307,257,0,-8
400,438,0,-1
166,42,0,-9
275,246,0,-8
360,477,0,-3
233,167,0,-9
443,262,0,-9
452,14,0,-1
75,2,0,-1
246,135,0,-3
13,290,0,-4
267,200,0,-10
95,454,0,-8
328,46,0,-2
83,11,0,-8
367,8,0,-10
174,221,0,-1
139,175,0,-6
242,144,0,-5
59,416,0,-4
383,448,0,-9
147,249,0,-8
23,30,0,-6
223,264,0,-9
499,166,0,-2
96,25,0,-8
490,447,0,-7
111,66,0,-3
337,459,0,-9
64,356,0,-8
318,50,0,-10
147,209,0,-2
400,144,0,-4
359,65,0,-8
360,356,0,-5
419,169,0,-4
287,228,0,-5
245,80,0,-4
116,150,0,-10
199,466,0,-6
357,120,0,-8
84,45,0,-2
82,87,0,-3
330,256,0,-2
470,282,0,-3
201,475,0,-3
418,57,0,-8
455,139,0,-2
270,100,0,-1
110,274,0,-2
365,10,0,-1
321,80,0,-6
466,314,0,-8
329,126,0,-9
192,311,0,-4
270,211,0,-2
19,191,0,-2
165,106,0,-4
481,107,0,-1
267,36,0,-2
499,434,0,-3
401,344,0,-9
252,398,0,-6
129,432,0,-2
477,75,0,-4
91,222,0,-5
371,278,0,-9
334,412,0,-6
185,165,0,-10
191,483,0,-1
153,427,0,-3
10,480,0,-1
430,472,0,-7
376,236,0,-7
495,142,0,-6
314,404,0,-9
54,299,0,-6
239,467,0,-10
28,284,0,-7
419,365,0,-6
44,485,0,-3
127,283,0,-9
55,450,0,-7
336,432,0,-6
139,10,0,-9
127,61,0,-7
313,159,0,-3
456,471,0,-6
63,399,0,-2
393,135,0,-3
331,61,0,-1
150,17,0,-7
290,300,0,-9
28,377,0,-8
112,291,0,-9
140,377,0,-5
442,448,0,-10
170,391,0,-8
318,65,0,-4
482,237,0,-2
287,45,0,-10
95,303,0,-6
491,144,0,-8
203,225,0,-5
344,365,0,-3
368,113,0,-4
465,260,0,-4
88,8,0,-6
190,139,0,-1
226,25,0,-8
73,56,0,-5
111,275,0,-10
425,20,0,-5
297,10,0,-10
491,498,0,-6
73,187,0,-10
342,265,0,-7
246,161,0,-3
54,319,0,-8
373,443,0,-1
94,18,0,-8
229,127,0,-9
157,42,0,-6
312,249,0,-5
449,220,0,-9
159,117,0,-6
414,91,0,-6
187,468,0,-6
436,474,0,-3
10,443,0,-7
231,463,0,-6
372,193,0,-8
460,183,0,-6
138,262,0,-7
236,436,0,-3
199,16,0,-10
290,35,0,-9
490,147,0,-5
40,493,0,-7
278,63,0,-2
182,431,0,-8
385,235,0,-2
368,460,0,-8
229,297,0,-9
277,114,0,-10
465,413,0,-5
250,24,0,-7
266,73,0,-5
432,291,0,-2
287,4,0,-9
282,322,0,-1
421,197,0,-10
164,405,0,-6
125,386,0,-3
35,485,0,-4
213,48,0,-7
410,37,0,-7
235,26,0,-4
124,339,0,-3
45,161,0,-6
379,405,0,-5
479,453,0,-6
358,399,0,-6
367,120,0,-9
300,157,0,-3
241,157,0,-5
112,389,0,-8
52,488,0,-2
211,436,0,-1
353,101,0,-2
460,141,0,-2
378,260,0,-8
232,154,0,-10
414,63,0,-5
19,210,0,-2
441,423,0,-4
265,430,0,-6
216,138,0,-3
334,171,0,-8
125,84,0,-8
213,408,0,-8
248,295,0,-1
259,279,0,-9
28,32,0,-4
111,125,0,-3
292,405,0,-7
456,313,0,-4
400,104,0,-7
352,488,0,-5
216,433,0,-9
296,28,0,-6
261,171,0,-3
213,226,0,-4
217,229,0,-9
350,41,0,-8
104,119,0,-4
329,294,0,-2
201,218,0,-3
20,321,0,-1
396,61,0,-4
227,80,0,-10
341,312,0,-9
171,176,0,-7
285,287,0,-7
378,375,0,-9
445,479,0,-5
42,320,0,-10
42,483,0,-10
15,466,0,-1
169,13,0,-6
460,384,0,-6
105,33,0,-3
326,415,0,-10
361,294,0,-5
410,188,0,-2
340,394,0,-8
362,196,0,-4
435,65,0,-4
413,443,0,-1
76,466,0,-4
171,452,0,-1
328,335,0,-6
190,366,0,-5
384,401,0,-1
266,424,0,-7
300,123,0,-10
112,375,0,-2
337,212,0,-7
45,162,0,-6
387,109,0,-5
34,135,0,-2
395,450,0,-9
424,268,0,-5
293,278,0,-4
11,210,0,-4
83,161,0,-10
43,267,0,-3
152,430,0,-7
407,87,0,-10
78,349,0,-5
69,168,0,-8
261,138,0,-1
155,430,0,-9
327,61,0,-6
308,460,0,-6
155,366,0,-6
467,197,0,-9
150,260,0,-5
160,254,0,-3
294,435,0,-9
103,431,0,-3
149,54,0,-4
85,167,0,-7
396,127,0,-7
245,276,0,-7
82,232,0,-5
102,431,0,-5
414,238,0,-8
341,226,0,-2
269,313,0,-3
456,368,0,-9
385,427,0,-4
253,232,0,-1
255,448,0,-4
148,364,0,-9
126,283,0,-9
82,52,0,-10
382,270,0,-6
420,262,0,-6
116,155,0,-5
386,303,0,-5
409,424,0,-9
435,101,0,-4
366,225,0,-10
275,58,0,-10
3,53,0,-8
136,118,0,-1
100,427,0,-8
119,199,0,-8
79,162,0,-4
180,185,0,-1
322,160,0,-3
419,281,0,-9
303,243,0,-7
165,300,0,-5
333,499,0,-6
351,433,0,-4
490,384,0,-9
27,273,0,-5
169,167,0,-9
292,289,0,-6
324,322,0,-4
390,162,0,-5
387,361,0,-7
8,43,0,-3
308,432,0,-3
215,25,0,-5
331,299,0,-3
104,27,0,-10
363,262,0,-2
396,276,0,-3
190,418,0,-7
5,369,0,-10
96,122,0,-8
307,317,0,-8
47,490,0,-1
262,155,0,-8
308,138,0,-5
67,287,0,-9
9,69,0,-4
27,70,0,-10
324,430,0,-7
73,190,0,-8
250,138,0,-6
414,11,0,-6
259,309,0,-7
400,77,0,-9
134,250,0,-7
228,189,0,-4
380,246,0,-4
264,399,0,-3
37,276,0,-4
263,171,0,-2
365,298,0,-6
112,379,0,-8
347,23,0,-4
422,209,0,-7
175,105,0,-5
22,362,0,-2
353,188,0,-7
246,42,0,-7
11,283,0,-10
9,4,0,-5
373,162,0,-9
93,273,0,-3
108,310,0,-6
444,408,0,-10
438,78,0,-3
117,193,0,-7
232,267,0,-9
121,194,0,-7
322,173,0,-1
129,468,0,-4
124,419,0,-7
287,40,0,-10
460,241,0,-10
267,234,0,-5
42,301,0,-10
166,382,0,-1
64,401,0,-8
80,156,0,-4
142,289,0,-5
158,430,0,-1
150,313,0,-9
207,356,0,-6
35,216,0,-4
457,398,0,-9
220,314,0,-8
347,488,0,-10
346,91,0,-2
317,360,0,-4
107,423,0,-9
21,49,0,-2
126,453,0,-6
113,194,0,-2
185,436,0,-10
365,342,0,-5
406,211,0,-6
470,265,0,-1
393,132,0,-1
287,148,0,-3
456,225,0,-10
482,382,0,-4
471,76,0,-3
27,376,0,-10
58,91,0,-7
228,212,0,-7
17,72,0,-10
57,96,0,-6
456,49,0,-1
492,259,0,-9
77,278,0,-10
460,159,0,-8
40,333,0,-7
381,405,0,-7
271,209,0,-4
313,474,0,-1
383,309,0,-3
404,17,0,-4
235,463,0,-4
61,188,0,-9
46,14,0,-9
348,387,0,-4
73,81,0,-10
154,63,0,-9
224,114,0,-1
271,103,0,-1
114,34,0,-3
12,477,0,-9
10,293,0,-1
298,489,0,-6
196,259,0,-7
200,409,0,-10
444,460,0,-1
261,391,0,-2
27,350,0,-8
114,145,0,-7
382,33,0,-8
481,58,0,-5
195,491,0,-2
253,212,0,-2
216,177,0,-4
225,67,0,-4
147,335,0,-6
234,303,0,-10
25,47,0,-10
151,10,0,-10
390,91,0,-10
87,161,0,-7
492,490,0,-3
328,453,0,-4
304,219,0,-5
416,398,0,-9
347,312,0,-8
106,368,0,-6
328,459,0,-9
419,321,0,-8
66,147,0,-4
425,368,0,-10
41,453,0,-5
281,136,0,-3
341,62,0,-6
319,94,0,-4
285,335,0,-10
97,109,0,-4
103,13,0,-1
436,59,0,-6
268,120,0,-3
229,136,0,-6
362,464,0,-8
443,241,0,-4
90,367,0,-5
311,495,0,-9
38,291,0,-1
438,252,0,-10
113,391,0,-3
135,26,0,-10
122,331,0,-1
27,252,0,-9
308,372,0,-4
255,126,0,-5
222,113,0,-1
418,416,0,-7
347,469,0,-7
278,351,0,-5
166,220,0,-9
206,49,0,-4
150,314,0,-7
85,297,0,-3
194,101,0,-10
201,484,0,-9
134,287,0,-5
21,373,0,-10
385,115,0,-5
316,498,0,-4
376,432,0,-7
220,376,0,-5
93,235,0,-4
416,438,0,-5
276,282,0,-3
426,73,0,-7
18,475,0,-8
433,274,0,-3
410,199,0,-1
51,356,0,-7
160,69,0,-9
307,108,0,-10
462,420,0,-2
305,19,0,-7
8,172,0,-5
145,403,0,-8
323,499,0,-6
444,86,0,-7
240,272,0,-1
417,248,0,-9
473,395,0,-9
254,170,0,-8
120,202,0,-6
185,55,0,-3
210,33,0,-8
65,245,0,-10
83,314,0,-1
213,249,0,-4
480,93,0,-8
479,471,0,-9
106,283,0,-4
475,347,0,-7
375,91,0,-2
354,153,0,-5
233,291,0,-2
125,55,0,-7
207,455,0,-8
60,306,0,-3
380,479,0,-2
442,475,0,-6
58,494,0,-2
404,333,0,-6
495,45,0,-5
427,18,0,-8
25,164,0,-3
84,466,0,-2
262,141,0,-7
95,191,0,-6
158,69,0,-2
477,114,0,-5
473,96,0,-4
405,86,0,-8
138,202,0,-4
392,214,0,-9
214,406,0,-4
350,380,0,-10
269,413,0,-7
374,23,0,-1
361,446,0,-7
158,491,0,-3
118,181,0,-5
468,57,0,-10
483,358,0,-9
77,46,0,-1
295,450,0,-9
342,98,0,-6
17,328,0,-7
292,212,0,-9
60,131,0,-4
51,482,0,-2
242,116,0,-1
306,312,0,-1
17,189,0,-10
48,339,0,-1
34,374,0,-6
244,291,0,-2
343,67,0,-5
363,186,0,-5
477,382,0,-5
457,22,0,-2
198,19,0,-7
119,41,0,-2
60,311,0,-4
133,260,0,-4
450,198,0,-9
485,326,0,-5
361,443,0,-1
291,108,0,-6
229,336,0,-1
211,4,0,-9
147,56,0,-8
151,261,0,-9
232,217,0,-10
48,176,0,-6
168,111,0,-3
254,286,0,-8
102,61,0,-5
284,188,0,-6
35,104,0,-2
110,231,0,-4
303,467,0,-2
298,124,0,-2
74,35,0,-2
178,453,0,-3
199,191,0,-3
318,22,0,-1
104,12,0,-3
36,466,0,-2
362,139,0,-3
315,102,0,-5
182,433,0,-1
498,77,0,-10
307,56,0,-10
1,335,0,-9
238,323,0,-10
274,333,0,-5
71,240,0,-8
373,359,0,-3
328,146,0,-6
9,217,0,-5
125,32,0,-1
213,181,0,-7
464,149,0,-7
374,284,0,-10
154,77,0,-9
492,263,0,-7
331,402,0,-5
206,102,0,-5
190,221,0,-2
62,276,0,-5
293,280,0,-6
136,388,0,-6
411,160,0,-2
166,3,0,-10
471,30,0,-1
414,323,0,-8
423,72,0,-2
500,435,0,-7
211,244,0,-10
350,206,0,-4
474,165,0,-3
495,409,0,-3
170,490,0,-7
136,109,0,-2
430,295,0,-8
75,134,0,-8
91,457,0,-6
37,338,0,-7
469,16,0,-5
117,277,0,-10
15,14,0,-1
108,214,0,-7
184,276,0,-5
126,456,0,-5
251,453,0,-8
263,390,0,-9
6,200,0,-5
273,76,0,-9
197,33,0,-3
265,495,0,-2
92,205,0,-5
222,159,0,-1
347,94,0,-6
440,386,0,-10
387,228,0,-9
176,213,0,-3
333,494,0,-3
384,274,0,-6
90,439,0,-2
149,251,0,-6
460,179,0,-1
39,454,0,-7
152,204,0,-6
170,421,0,-1
185,32,0,-8
399,182,0,-10
347,70,0,-10
225,422,0,-9
262,302,0,-4
428,370,0,-7
272,64,0,-3
105,164,0,-1
75,385,0,-2
40,87,0,-4
95,296,0,-1
482,43,0,-2
143,360,0,-3
164,73,0,-7
431,21,0,-6
213,96,0,-8
67,375,0,-2
269,333,0,-2
210,312,0,-10
361,269,0,-9
19,238,0,-4
85,234,0,-7
273,10,0,-3
349,454,0,-4
91,243,0,-7
203,269,0,-1
91,291,0,-4
31,69,0,-3
6,97,0,-1
388,4,0,-7
43,486,0,-1
274,74,0,-8
451,487,0,-1
161,329,0,-8
487,291,0,-1
198,417,0,-10
150,429,0,-4
39,148,0,-3
85,296,0,-9
351,185,0,-2
410,462,0,-2
315,347,0,-3
3,400,0,-4
331,340,0,-2
447,76,0,-8
304,452,0,-7
352,19,0,-7
494,110,0,-2
407,452,0,-7
37,195,0,-8
191,299,0,-1
137,15,0,-3
25,275,0,-2
485,475,0,-8
239,185,0,-2
1,31,0,-3
365,201,0,-9
444,348,0,-2
391,66,0,-1
306,210,0,-1
59,440,0,-10
23,49,0,-1
372,49,0,-5
493,119,0,-1
19,436,0,-7
419,48,0,-9
252,4,0,-1
36,489,0,-2
225,388,0,-3
33,224,0,-10
248,272,0,-2
140,484,0,-2
230,321,0,-1
415,356,0,-10
256,59,0,-3
211,320,0,-10
318,4,0,-2
40,313,0,-5
92,234,0,-3
13,141,0,-6
340,466,0,-7
247,77,0,-5
469,462,0,-10
208,483,0,-2
54,420,0,-6
238,117,0,-1
179,498,0,-1
22,479,0,-9
282,133,0,-3
215,297,0,-7
243,158,0,-6
264,1,0,-1
481,247,0,-9
389,482,0,-4
437,181,0,-3
134,394,0,-2
257,455,0,-2
283,3,0,-2
456,65,0,-9
170,405,0,-5
228,129,0,-8
159,350,0,-10
142,240,0,-9
163,208,0,-6
438,462,0,-2
41,186,0,-8
203,483,0,-5
210,92,0,-6
235,103,0,-7
34,119,0,-8
335,485,0,-2
487,495,0,-1
119,378,0,-4
241,77,0,-8
51,358,0,-2
322,353,0,-8
300,449,0,-2
454,294,0,-6
303,323,0,-5
227,447,0,-5
245,145,0,-9
500,375,0,-3
173,291,0,-4
1,394,0,-10
496,491,0,-8
351,422,0,-10
16,462,0,-3
141,144,0,-5
483,345,0,-3
466,255,0,-2
482,477,0,-10
335,53,0,-2
6,21,0,-4
186,164,0,-5
34,123,0,-5
273,470,0,-10
420,204,0,-2
492,188,0,-10
169,232,0,-3
221,293,0,-3
372,413,0,-9
316,417,0,-3
315,251,0,-5
170,208,0,-3
77,285,0,-6
222,170,0,-2
127,120,0,-9
381,351,0,-4
177,192,0,-10
407,133,0,-8
410,171,0,-7
137,41,0,-1
269,238,0,-2
287,445,0,-8
352,293,0,-1
236,28,0,-10
164,437,0,-7
379,61,0,-7
302,148,0,-9
347,350,0,-5
296,199,0,-3
144,428,0,-4
211,10,0,-9
253,56,0,-8
66,456,0,-4
303,374,0,-10
232,235,0,-9
371,154,0,-6
250,420,0,-10
364,254,0,-2
478,351,0,-9
172,68,0,-5
434,231,0,-5
472,437,0,-9
453,61,0,-8
95,265,0,-3
98,281,0,-7
399,126,0,-1
152,249,0,-8
441,130,0,-9
237,161,0,-8
175,118,0,-8
148,481,0,-9
81,123,0,-6
67,72,0,-3
323,22,0,-10
337,304,0,-4
483,299,0,-8
424,365,0,-1
318,84,0,-2
212,201,0,-6
382,215,0,-10
125,381,0,-4
223,253,0,-7
448,327,0,-2
161,156,0,-3
180,161,0,-9
260,169,0,-9
201,407,0,-5
5,407,0,-1
312,441,0,-1
475,306,0,-5
253,356,0,-8
178,89,0,-9
497,129,0,-7
334,136,0,-5
321,440,0,-9
335,355,0,-3
334,222,0,-5
477,352,0,-8
249,185,0,-5
281,271,0,-5
188,101,0,-4
493,72,0,-2
487,136,0,-9
332,352,0,-5
285,494,0,-3
141,279,0,-2
34,298,0,-9
296,332,0,-5
437,434,0,-8
393,45,0,-5
287,348,0,-9
311,314,0,-5
364,440,0,-1
288,202,0,-2
220,319,0,-3
379,241,0,-7
101,422,0,-10
189,4,0,-5
333,336,0,-2
129,270,0,-10
142,147,0,-3
64,380,0,-2
127,385,0,-5
488,167,0,-3
266,348,0,-4
495,200,0,-9
240,377,0,-4
306,109,0,-2
258,397,0,-2
7,342,0,-4
462,19,0,-1
268,380,0,-1
368,159,0,-3
7,318,0,-3
256,264,0,-5
250,382,0,-9
144,114,0,-1
208,203,0,-10
450,311,0,-3
32,311,0,-3
392,101,0,-4
150,130,0,-5
48,330,0,-5
248,421,0,-9
182,375,0,-6
247,264,0,-6
117,171,0,-1
116,240,0,-2
494,44,0,-7
80,34,0,-2
111,18,0,-10
193,71,0,-9
167,368,0,-9
413,59,0,-1
181,204,0,-8
400,243,0,-3
300,148,0,-10
198,131,0,-2
448,404,0,-4
275,220,0,-7
297,18,0,-10
446,349,0,-4
273,132,0,-8
277,245,0,-3
87,219,0,-5
482,278,0,-3
490,171,0,-1
433,112,0,-1
63,264,0,-6
160,367,0,-6
368,126,0,-10
323,241,0,-7
408,149,0,-8
299,384,0,-2
445,133,0,-5
40,464,0,-7
98,41,0,-7
400,449,0,-1
384,143,0,-2
475,8,0,-8
390,492,0,-6
192,60,0,-8
135,43,0,-5
271,276,0,-2
20,176,0,-8
461,246,0,-3
479,262,0,-10
21,474,0,-8
318,261,0,-2
39,359,0,-6
43,481,0,-1
94,352,0,-10
119,101,0,-2
474,253,0,-3
41,27,0,-7
140,422,0,-8
193,456,0,-5
16,212,0,-4
199,30,0,-3
73,59,0,-3
293,469,0,-1
449,1,0,-4
267,218,0,-9
500,117,0,-3
417,85,0,-5
55,492,0,-3
181,444,0,-10
57,194,0,-7
1,333,0,-6
65,52,0,-3
71,5,0,-7
260,249,0,-6
147,104,0,-6
326,497,0,-7
399,91,0,-10
357,165,0,-1
121,476,0,-7
398,61,0,-8
451,418,0,-2
482,263,0,-8
123,252,0,-6
40,314,0,-5
256,101,0,-1
27,148,0,-5
48,174,0,-1
322,457,0,-1
72,78,0,-3
140,353,0,-3
237,120,0,-8
335,351,0,-10
172,17,0,-4
184,405,0,-9
408,288,0,-7
159,166,0,-1
88,476,0,-5
384,249,0,-3
181,43,0,-5
231,233,0,-8
164,493,0,-2
106,311,0,-8
100,347,0,-5
424,478,0,-4
253,69,0,-6
415,435,0,-5
192,122,0,-6
324,125,0,-8
370,19,0,-5
375,98,0,-7
48,340,0,-1
418,432,0,-3
119,73,0,-1
347,464,0,-3
108,273,0,-1
136,290,0,-5
378,156,0,-8
419,300,0,-7
430,412,0,-9
406,235,0,-7
206,72,0,-9
286,340,0,-6
451,184,0,-8
382,257,0,-6
376,78,0,-7
64,10,0,-2
429,382,0,-5
2,149,0,-6
253,59,0,-8
111,208,0,-9
494,339,0,-3
206,199,0,-3
16,33,0,-8
216,146,0,-8
134,83,0,-7
369,246,0,-4
29,274,0,-1
