124,1124,0,5
156,1156,0,9
208,1208,0,6
239,1239,0,3
286,1286,0,5
358,1358,0,5
516,1516,0,7
546,1546,0,8
601,1601,0,3
991,1991,0,8
213,821,0,-9
213,240,0,-2
213,168,0,-2
821,49,0,-3
821,326,0,-2
429,821,0,-10
466,429,0,-6
947,240,0,-10
240,991,0,-1
7,240,0,-2
49,396,0,-1
821,673,0,-4
466,406,0,-6
673,44,0,-1
821,936,0,-9
429,587,0,-10
681,49,0,-6
406,723,0,-9
317,44,0,-10
649,587,0,-10
434,936,0,-2
256,673,0,-8
876,396,0,-3
993,681,0,-2
396,898,0,-6
432,993,0,-8
993,893,0,-5
736,429,0,-10
253,213,0,-2
893,219,0,-1
92,213,0,-1
681,756,0,-6
898,298,0,-10
708,213,0,-5
893,195,0,-7
7,680,0,-10
256,724,0,-3
637,429,0,-7
326,524,0,-6
651,429,0,-9
496,637,0,-6
708,850,0,-1
240,521,0,-10
947,274,0,-6
40,936,0,-4
930,991,0,-10
817,92,0,-3
76,253,0,-10
637,394,0,-7
817,867,0,-9
150,649,0,-3
264,930,0,-3
936,301,0,-10
362,724,0,-10
898,537,0,-7
593,651,0,-9
735,867,0,-9
5,876,0,-2
25,394,0,-3
984,253,0,-10
35,434,0,-10
45,756,0,-3
272,735,0,-8
612,930,0,-9
724,742,0,-5
850,739,0,-4
326,907,0,-2
742,919,0,-6
893,32,0,-3
723,315,0,-4
930,992,0,-10
876,234,0,-1
518,739,0,-7
705,317,0,-2
466,95,0,-8
947,878,0,-2
593,319,0,-7
272,358,0,-8
298,996,0,-10
610,40,0,-9
150,512,0,-8
723,78,0,-2
984,981,0,-6
452,5,0,-5
996,500,0,-4
246,234,0,-9
539,95,0,-7
645,396,0,-7
401,992,0,-6
612,751,0,-8
992,461,0,-10
406,544,0,-3
593,631,0,-2
921,919,0,-10
233,521,0,-1
5,202,0,-9
5,667,0,-9
362,826,0,-5
834,168,0,-4
817,499,0,-6
365,406,0,-3
907,273,0,-5
25,833,0,-8
537,107,0,-4
78,61,0,-1
524,804,0,-3
150,955,0,-5
5,696,0,-6
25,281,0,-3
95,945,0,-5
766,394,0,-7
58,512,0,-9
478,362,0,-3
757,478,0,-4
909,723,0,-6
56,907,0,-10
7,250,0,-8
964,95,0,-9
312,834,0,-1
544,845,0,-10
622,751,0,-10
406,260,0,-10
85,645,0,-10
658,907,0,-7
993,952,0,-3
574,992,0,-2
609,667,0,-7
514,833,0,-5
605,993,0,-2
452,846,0,-10
843,56,0,-7
587,279,0,-8
807,315,0,-7
244,921,0,-9
561,264,0,-8
257,56,0,-8
843,27,0,-9
95,222,0,-7
746,680,0,-4
989,955,0,-1
65,150,0,-2
992,621,0,-8
434,490,0,-8
670,25,0,-1
125,250,0,-6
233,357,0,-5
85,839,0,-7
490,687,0,-4
308,298,0,-4
394,584,0,-8
909,962,0,-7
724,14,0,-3
571,843,0,-1
839,677,0,-7
41,964,0,-10
333,705,0,-10
131,317,0,-3
817,923,0,-3
279,119,0,-3
378,947,0,-4
952,402,0,-4
171,61,0,-9
993,635,0,-1
174,981,0,-6
214,49,0,-3
33,930,0,-7
326,927,0,-10
518,902,0,-7
700,561,0,-2
849,250,0,-8
577,876,0,-1
85,456,0,-9
257,288,0,-9
977,898,0,-7
947,325,0,-5
945,652,0,-2
312,953,0,-6
394,961,0,-4
631,390,0,-8
687,80,0,-10
416,539,0,-7
309,631,0,-8
833,382,0,-9
14,550,0,-5
605,896,0,-1
895,921,0,-7
461,596,0,-6
670,486,0,-2
196,962,0,-4
96,256,0,-10
554,667,0,-5
171,94,0,-4
196,628,0,-9
850,671,0,-7
556,499,0,-5
580,358,0,-7
705,34,0,-3
528,927,0,-10
478,147,0,-1
945,204,0,-5
932,561,0,-2
671,133,0,-2
617,537,0,-8
883,308,0,-1
253,373,0,-5
246,225,0,-7
789,78,0,-2
235,952,0,-8
584,655,0,-2
269,677,0,-9
521,884,0,-10
165,700,0,-3
279,392,0,-2
183,804,0,-5
281,578,0,-5
892,628,0,-4
63,544,0,-4
774,478,0,-10
631,435,0,-1
558,244,0,-1
670,428,0,-9
764,58,0,-4
516,739,0,-7
431,326,0,-1
578,316,0,-6
36,76,0,-2
972,708,0,-3
183,643,0,-1
45,568,0,-10
183,62,0,-4
625,431,0,-3
902,55,0,-6
490,710,0,-6
441,909,0,-2
406,501,0,-5
250,329,0,-5
249,390,0,-3
235,753,0,-3
149,279,0,-7
583,927,0,-7
559,35,0,-4
168,318,0,-7
107,576,0,-6
606,333,0,-3
94,477,0,-9
521,733,0,-9
718,34,0,-4
683,56,0,-3
265,452,0,-10
696,471,0,-7
745,78,0,-2
876,937,0,-9
398,183,0,-7
399,696,0,-7
935,895,0,-10
481,499,0,-6
893,830,0,-9
275,622,0,-4
70,40,0,-2
651,170,0,-1
696,10,0,-5
301,146,0,-1
869,461,0,-10
435,650,0,-7
311,490,0,-3
35,175,0,-2
136,40,0,-2
47,309,0,-5
584,747,0,-3
992,263,0,-5
318,43,0,-3
665,249,0,-10
866,365,0,-6
355,171,0,-6
693,649,0,-1
783,246,0,-2
121,55,0,-4
435,915,0,-2
358,306,0,-10
683,818,0,-3
537,546,0,-1
478,153,0,-1
523,452,0,-10
288,959,0,-5
205,355,0,-10
659,146,0,-3
32,228,0,-2
744,818,0,-10
665,525,0,-7
637,600,0,-10
631,408,0,-9
605,794,0,-2
677,296,0,-7
164,561,0,-6
992,86,0,-3
128,843,0,-3
743,165,0,-3
222,982,0,-4
710,470,0,-1
394,840,0,-6
362,519,0,-6
146,104,0,-8
162,909,0,-8
833,483,0,-8
165,557,0,-7
385,977,0,-5
890,235,0,-8
715,80,0,-3
490,243,0,-2
487,895,0,-10
358,597,0,-1
434,602,0,-1
570,92,0,-3
281,543,0,-3
240,829,0,-1
994,36,0,-9
71,715,0,-9
587,64,0,-9
93,845,0,-6
514,836,0,-9
809,715,0,-1
431,458,0,-2
147,4,0,-3
248,774,0,-6
982,232,0,-6
459,637,0,-10
815,649,0,-8
834,900,0,-1
743,384,0,-7
276,432,0,-7
884,653,0,-5
447,631,0,-5
18,461,0,-6
440,470,0,-6
64,38,0,-7
504,715,0,-4
27,374,0,-6
276,468,0,-1
834,444,0,-5
259,205,0,-8
985,174,0,-4
385,208,0,-3
89,240,0,-2
706,519,0,-9
456,331,0,-2
1,27,0,-5
214,591,0,-3
25,691,0,-10
995,175,0,-1
566,554,0,-6
570,271,0,-3
466,873,0,-9
407,995,0,-9
805,706,0,-1
76,29,0,-3
858,94,0,-6
391,170,0,-6
528,156,0,-7
590,208,0,-4
658,540,0,-10
735,832,0,-6
610,589,0,-3
295,281,0,-4
262,753,0,-10
340,818,0,-5
72,257,0,-7
540,870,0,-2
566,904,0,-6
680,52,0,-10
264,887,0,-9
601,70,0,-9
891,104,0,-3
444,229,0,-8
588,849,0,-1
438,461,0,-2
284,78,0,-8
33,347,0,-10
953,906,0,-8
183,831,0,-10
62,199,0,-7
712,653,0,-8
425,580,0,-1
378,182,0,-9
897,794,0,-10
397,92,0,-7
297,434,0,-5
747,140,0,-7
299,985,0,-4
359,329,0,-9
518,905,0,-5
287,5,0,-8
340,443,0,-9
525,910,0,-8
710,594,0,-5
246,838,0,-10
434,427,0,-1
339,501,0,-3
445,557,0,-1
654,56,0,-5
554,437,0,-9
560,840,0,-8
422,628,0,-10
164,775,0,-2
241,107,0,-5
681,792,0,-6
52,788,0,-10
385,960,0,-10
139,590,0,-8
355,54,0,-4
279,245,0,-8
262,618,0,-2
778,274,0,-2
729,815,0,-10
668,204,0,-7
768,458,0,-8
911,309,0,-7
848,269,0,-5
629,710,0,-5
716,55,0,-2
354,845,0,-6
784,359,0,-7
155,241,0,-4
674,896,0,-8
507,733,0,-6
729,167,0,-10
246,389,0,-6
390,515,0,-7
545,927,0,-2
862,326,0,-6
834,626,0,-10
502,715,0,-7
652,21,0,-4
655,579,0,-2
333,12,0,-3
574,513,0,-3
848,344,0,-3
674,51,0,-10
90,650,0,-6
120,225,0,-8
24,649,0,-10
746,366,0,-3
976,652,0,-3
97,580,0,-10
810,1,0,-2
552,347,0,-2
246,251,0,-2
369,121,0,-9
931,691,0,-10
989,91,0,-4
874,712,0,-10
514,67,0,-5
383,789,0,-4
749,195,0,-8
699,250,0,-8
167,899,0,-6
141,809,0,-7
464,733,0,-1
339,956,0,-1
592,86,0,-9
829,353,0,-6
11,97,0,-2
246,148,0,-3
423,736,0,-6
600,851,0,-3
419,245,0,-4
498,512,0,-2
71,197,0,-1
639,240,0,-8
621,48,0,-9
181,468,0,-10
627,830,0,-2
841,921,0,-1
112,416,0,-2
392,534,0,-4
282,891,0,-4
28,866,0,-2
314,197,0,-3
624,869,0,-4
487,302,0,-4
213,762,0,-2
591,776,0,-3
134,833,0,-3
418,264,0,-6
7,881,0,-1
554,17,0,-5
143,984,0,-5
577,759,0,-2
930,704,0,-4
879,639,0,-5
804,640,0,-8
704,987,0,-10
797,96,0,-5
375,358,0,-9
738,881,0,-7
596,59,0,-7
601,492,0,-8
306,661,0,-10
691,321,0,-2
239,671,0,-1
524,675,0,-8
760,397,0,-7
3,311,0,-3
307,373,0,-9
320,830,0,-2
432,828,0,-4
52,731,0,-5
556,188,0,-10
248,159,0,-9
55,348,0,-7
523,200,0,-1
675,484,0,-10
117,705,0,-10
611,749,0,-3
206,887,0,-5
475,712,0,-7
679,784,0,-4
376,301,0,-9
759,192,0,-8
759,737,0,-2
670,765,0,-7
229,258,0,-9
988,519,0,-6
664,499,0,-2
636,459,0,-4
581,281,0,-5
867,969,0,-3
369,563,0,-1
781,257,0,-5
248,142,0,-5
738,268,0,-9
661,853,0,-2
234,352,0,-2
944,716,0,-3
249,684,0,-2
271,30,0,-6
769,513,0,-7
505,365,0,-8
2,397,0,-10
505,115,0,-6
904,286,0,-7
893,811,0,-2
428,872,0,-8
553,213,0,-2
787,691,0,-10
585,214,0,-1
642,667,0,-6
992,455,0,-9
915,436,0,-3
908,783,0,-7
631,790,0,-8
32,754,0,-9
481,632,0,-5
530,891,0,-4
156,420,0,-1
268,113,0,-10
806,696,0,-5
536,47,0,-7
997,650,0,-4
766,575,0,-8
939,987,0,-3
663,170,0,-1
731,963,0,-6
731,999,0,-5
289,905,0,-3
56,734,0,-3
270,996,0,-6
37,729,0,-8
251,728,0,-2
208,16,0,-1
13,347,0,-3
1000,125,0,-3
60,477,0,-8
916,911,0,-6
910,88,0,-9
751,842,0,-8
450,339,0,-6
328,43,0,-7
473,873,0,-7
768,467,0,-6
780,315,0,-9
340,118,0,-4
480,136,0,-10
322,858,0,-3
612,722,0,-5
918,959,0,-2
167,158,0,-10
811,799,0,-9
19,776,0,-2
63,247,0,-1
11,31,0,-10
107,603,0,-1
970,444,0,-4
395,112,0,-8
701,809,0,-5
846,928,0,-5
293,70,0,-10
977,343,0,-3
698,195,0,-2
692,556,0,-5
662,78,0,-3
426,919,0,-4
711,441,0,-8
137,893,0,-6
695,828,0,-7
258,844,0,-1
413,516,0,-8
973,286,0,-2
252,704,0,-4
560,414,0,-9
769,741,0,-5
86,405,0,-1
361,736,0,-3
79,592,0,-8
478,176,0,-1
875,407,0,-1
884,291,0,-9
436,111,0,-10
686,993,0,-8
229,713,0,-7
309,130,0,-2
325,800,0,-3
390,469,0,-9
161,435,0,-4
438,688,0,-3
860,805,0,-10
90,941,0,-2
16,280,0,-8
842,290,0,-5
889,663,0,-9
117,903,0,-2
357,855,0,-9
801,131,0,-2
665,669,0,-1
750,63,0,-4
278,892,0,-9
497,158,0,-8
579,694,0,-7
324,807,0,-4
614,473,0,-10
305,887,0,-3
257,393,0,-8
26,243,0,-1
188,795,0,-8
573,546,0,-2
202,582,0,-7
520,518,0,-7
285,318,0,-10
785,469,0,-8
639,22,0,-5
16,946,0,-10
44,266,0,-5
62,702,0,-3
279,138,0,-4
819,578,0,-4
918,448,0,-4
608,794,0,-5
429,717,0,-3
379,892,0,-6
826,451,0,-5
215,369,0,-6
371,539,0,-6
271,730,0,-9
719,344,0,-2
479,984,0,-6
183,177,0,-7
392,304,0,-3
489,4,0,-4
312,564,0,-5
617,129,0,-7
97,172,0,-3
389,922,0,-9
624,957,0,-9
926,246,0,-4
458,77,0,-4
277,339,0,-5
194,251,0,-6
660,359,0,-5
240,46,0,-1
153,198,0,-6
894,801,0,-1
533,319,0,-9
98,626,0,-4
360,361,0,-2
294,487,0,-2
564,871,0,-3
137,647,0,-2
544,535,0,-1
196,415,0,-10
748,414,0,-9
74,343,0,-5
140,767,0,-5
555,7,0,-9
300,704,0,-3
910,9,0,-3
884,824,0,-10
132,414,0,-7
61,39,0,-7
685,972,0,-6
316,349,0,-10
122,552,0,-1
359,798,0,-3
679,595,0,-1
547,987,0,-10
630,963,0,-2
27,190,0,-4
495,810,0,-10
707,492,0,-2
320,803,0,-9
136,917,0,-2
743,965,0,-5
135,507,0,-2
351,839,0,-7
537,958,0,-10
180,603,0,-4
326,189,0,-10
26,106,0,-7
685,697,0,-4
68,741,0,-10
792,261,0,-2
506,947,0,-2
125,752,0,-10
27,227,0,-7
367,276,0,-8
756,940,0,-9
425,404,0,-8
847,729,0,-3
763,991,0,-3
508,640,0,-10
477,203,0,-9
491,159,0,-7
482,995,0,-7
785,100,0,-7
935,827,0,-3
385,377,0,-2
439,12,0,-8
615,608,0,-4
884,779,0,-2
879,346,0,-8
21,777,0,-8
600,421,0,-4
103,486,0,-6
209,393,0,-4
289,666,0,-8
949,359,0,-4
837,41,0,-10
988,226,0,-5
349,814,0,-1
364,180,0,-3
494,601,0,-2
387,293,0,-6
507,463,0,-9
403,505,0,-1
822,553,0,-1
613,347,0,-4
381,399,0,-5
485,528,0,-7
275,370,0,-9
184,555,0,-9
233,476,0,-7
242,946,0,-3
604,750,0,-4
938,997,0,-2
562,487,0,-2
948,784,0,-2
619,18,0,-6
313,935,0,-4
6,524,0,-3
591,66,0,-4
341,239,0,-2
220,264,0,-3
338,197,0,-8
586,936,0,-5
872,449,0,-5
796,402,0,-3
863,908,0,-5
376,223,0,-8
567,405,0,-5
212,635,0,-9
243,57,0,-6
978,92,0,-7
410,348,0,-10
440,882,0,-7
388,343,0,-10
755,301,0,-2
951,695,0,-10
231,811,0,-9
76,998,0,-5
546,337,0,-8
493,748,0,-4
572,814,0,-7
357,166,0,-4
279,682,0,-6
839,542,0,-4
453,496,0,-3
777,84,0,-7
532,184,0,-8
794,145,0,-4
531,268,0,-9
980,665,0,-5
490,714,0,-5
570,124,0,-6
545,859,0,-5
664,954,0,-1
592,975,0,-6
859,725,0,-4
99,845,0,-7
569,747,0,-7
861,855,0,-3
598,29,0,-2
107,740,0,-2
579,966,0,-5
522,814,0,-3
73,273,0,-4
526,305,0,-10
239,442,0,-7
967,103,0,-5
994,224,0,-1
419,551,0,-1
615,825,0,-10
361,983,0,-3
967,971,0,-2
376,709,0,-1
707,656,0,-7
793,753,0,-6
48,727,0,-4
907,914,0,-3
864,983,0,-1
687,69,0,-9
672,965,0,-10
772,586,0,-3
644,88,0,-7
786,917,0,-6
228,173,0,-4
616,776,0,-4
341,607,0,-1
104,835,0,-1
151,33,0,-7
517,279,0,-1
195,334,0,-10
976,433,0,-9
283,643,0,-6
933,477,0,-9
185,553,0,-7
405,599,0,-7
971,868,0,-7
925,273,0,-10
807,968,0,-4
318,110,0,-1
671,877,0,-3
920,781,0,-10
126,640,0,-10
820,346,0,-4
503,645,0,-10
212,207,0,-6
169,975,0,-4
779,538,0,-6
363,85,0,-8
230,713,0,-1
406,646,0,-2
343,191,0,-4
462,893,0,-3
38,454,0,-3
565,426,0,-6
157,234,0,-9
101,473,0,-4
190,218,0,-5
767,885,0,-4
712,152,0,-5
907,323,0,-6
638,910,0,-2
303,606,0,-3
70,154,0,-1
541,27,0,-4
805,943,0,-9
771,130,0,-6
292,563,0,-8
640,116,0,-9
694,123,0,-5
478,549,0,-3
741,160,0,-2
986,580,0,-9
386,74,0,-3
511,100,0,-1
942,304,0,-7
934,938,0,-9
272,193,0,-8
974,322,0,-1
773,996,0,-6
118,430,0,-5
255,691,0,-9
261,979,0,-8
92,380,0,-2
252,310,0,-9
20,752,0,-7
23,233,0,-5
459,75,0,-10
881,856,0,-8
268,411,0,-10
797,657,0,-1
746,417,0,-3
910,42,0,-4
548,597,0,-8
372,638,0,-6
854,94,0,-3
794,144,0,-5
597,678,0,-8
396,236,0,-5
691,267,0,-7
710,412,0,-4
83,873,0,-4
254,605,0,-9
957,791,0,-9
167,179,0,-6
186,13,0,-3
969,109,0,-2
890,87,0,-3
850,782,0,-3
995,620,0,-2
782,53,0,-5
398,350,0,-6
813,219,0,-6
690,653,0,-6
460,578,0,-5
336,939,0,-2
1,108,0,-4
912,51,0,-7
227,424,0,-4
641,47,0,-6
692,163,0,-4
187,260,0,-3
474,447,0,-9
238,24,0,-4
802,134,0,-5
857,61,0,-7
770,799,0,-3
803,446,0,-2
465,322,0,-3
274,457,0,-7
400,403,0,-5
300,15,0,-5
697,852,0,-6
472,828,0,-9
719,210,0,-6
812,104,0,-1
293,901,0,-9
990,503,0,-6
341,368,0,-2
823,214,0,-7
201,346,0,-8
127,550,0,-5
880,872,0,-5
723,332,0,-7
720,600,0,-6
345,683,0,-8
143,102,0,-3
105,627,0,-2
761,480,0,-3
356,70,0,-6
509,657,0,-1
448,689,0,-5
527,443,0,-9
633,757,0,-9
383,50,0,-5
905,488,0,-3
237,2,0,-2
703,183,0,-6
888,101,0,-6
924,428,0,-8
336,950,0,-9
216,141,0,-8
663,634,0,-1
514,327,0,-5
46,623,0,-3
726,27,0,-6
335,870,0,-6
258,409,0,-8
729,221,0,-1
732,315,0,-1
594,217,0,-7
437,865,0,-10
465,676,0,-2
219,886,0,-5
993,913,0,-7
176,816,0,-1
929,427,0,-4
178,525,0,-9
534,8,0,-7
1,114,0,-8
449,808,0,-1
385,211,0,-5
330,163,0,-9
840,758,0,-6
510,937,0,-10
529,591,0,-4
81,411,0,-8
663,648,0,-5
971,342,0,-4
721,6,0,-5
82,154,0,-2
720,951,0,-7
562,875,0,-6
731,852,0,-9
224,683,0,-10
703,71,0,-9
340,243,0,-1
385,68,0,-10
353,208,0,-9
138,611,0,-10
156,382,0,-3
155,527,0,-5
604,990,0,-4
178,913,0,-6
977,721,0,-7
747,977,0,-10
83,149,0,-4
295,48,0,-10
333,85,0,-5
749,474,0,-3
362,688,0,-4
90,223,0,-1
536,91,0,-2
500,272,0,-4
818,568,0,-7
308,773,0,-4
252,323,0,-1
253,120,0,-1
32,743,0,-8
982,978,0,-9
462,58,0,-4
140,108,0,-8
600,932,0,-4
205,858,0,-9
196,644,0,-2
508,707,0,-10
587,711,0,-8
80,537,0,-2
444,572,0,-10
257,432,0,-10
988,814,0,-4
613,426,0,-2
654,734,0,-2
883,415,0,-1
109,150,0,-2
512,732,0,-4
473,899,0,-1
144,266,0,-5
394,74,0,-1
364,468,0,-7
196,537,0,-3
240,744,0,-5
215,490,0,-8
973,754,0,-10
208,869,0,-7
834,233,0,-1
284,958,0,-9
654,632,0,-10
15,745,0,-6
398,893,0,-8
5,467,0,-5
163,569,0,-5
709,178,0,-5
640,843,0,-7
272,61,0,-7
144,353,0,-5
658,72,0,-4
952,199,0,-3
363,33,0,-3
392,856,0,-10
317,132,0,-8
943,463,0,-5
759,647,0,-9
840,488,0,-2
245,614,0,-7
734,194,0,-7
643,16,0,-5
535,860,0,-5
284,409,0,-4
214,411,0,-4
551,61,0,-2
655,552,0,-1
405,58,0,-6
283,419,0,-2
64,843,0,-10
835,1,0,-10
777,225,0,-9
191,316,0,-9
735,772,0,-3
196,747,0,-3
174,635,0,-2
398,865,0,-4
611,280,0,-4
85,786,0,-2
916,708,0,-3
598,619,0,-7
123,70,0,-3
647,151,0,-1
274,443,0,-1
200,761,0,-10
784,400,0,-2
299,249,0,-2
788,324,0,-3
996,48,0,-2
686,491,0,-10
540,736,0,-10
466,123,0,-8
55,391,0,-10
226,911,0,-4
226,82,0,-6
686,904,0,-7
80,894,0,-5
659,782,0,-3
744,353,0,-7
89,879,0,-3
319,734,0,-2
102,463,0,-1
955,583,0,-7
307,86,0,-7
141,122,0,-4
383,522,0,-5
202,374,0,-8
428,418,0,-6
57,925,0,-6
11,729,0,-5
302,707,0,-3
255,940,0,-6
468,573,0,-8
443,500,0,-6
714,370,0,-6
214,655,0,-4
718,906,0,-5
306,791,0,-2
809,737,0,-8
889,85,0,-7
35,997,0,-5
302,506,0,-7
519,27,0,-10
349,866,0,-8
233,87,0,-7
863,799,0,-8
927,472,0,-6
431,771,0,-9
174,122,0,-9
366,418,0,-1
474,437,0,-3
843,467,0,-10
37,447,0,-10
689,841,0,-6
304,364,0,-5
203,225,0,-4
763,682,0,-4
329,289,0,-10
280,982,0,-6
16,731,0,-4
269,230,0,-10
164,653,0,-3
95,613,0,-3
974,960,0,-9
4,72,0,-5
595,603,0,-1
542,188,0,-6
147,455,0,-1
714,217,0,-3
304,34,0,-3
825,34,0,-7
603,819,0,-5
18,219,0,-6
772,940,0,-7
348,296,0,-2
46,987,0,-8
4,567,0,-5
115,741,0,-7
564,353,0,-2
535,176,0,-6
232,321,0,-4
424,12,0,-9
622,670,0,-8
450,989,0,-4
188,276,0,-2
929,162,0,-2
57,605,0,-6
154,52,0,-9
957,208,0,-5
685,344,0,-3
651,796,0,-2
665,943,0,-9
985,547,0,-7
540,188,0,-2
921,452,0,-1
617,793,0,-10
532,432,0,-2
833,858,0,-6
46,264,0,-10
532,627,0,-4
869,720,0,-1
40,512,0,-5
137,457,0,-5
501,529,0,-1
105,542,0,-7
537,175,0,-6
741,980,0,-1
596,662,0,-10
579,861,0,-5
446,933,0,-10
818,765,0,-3
448,808,0,-6
351,581,0,-3
267,663,0,-1
764,768,0,-5
248,724,0,-5
744,718,0,-5
517,297,0,-2
574,126,0,-7
967,595,0,-9
342,474,0,-1
223,111,0,-3
136,605,0,-6
673,114,0,-9
10,490,0,-8
592,337,0,-4
808,823,0,-8
651,252,0,-6
298,780,0,-4
140,327,0,-9
580,921,0,-10
556,129,0,-3
407,657,0,-8
888,948,0,-3
871,840,0,-2
277,158,0,-9
87,166,0,-2
458,89,0,-5
639,707,0,-2
834,33,0,-7
607,165,0,-9
329,319,0,-1
247,457,0,-4
622,334,0,-5
130,34,0,-10
607,535,0,-6
354,618,0,-7
135,428,0,-10
373,268,0,-5
847,875,0,-8
817,483,0,-1
295,690,0,-3
730,852,0,-5
533,446,0,-3
838,833,0,-1
139,413,0,-3
628,641,0,-6
998,124,0,-10
709,470,0,-2
474,489,0,-9
905,54,0,-6
79,831,0,-2
857,100,0,-4
707,189,0,-2
484,644,0,-7
829,257,0,-7
391,482,0,-3
166,129,0,-10
403,768,0,-3
490,764,0,-5
997,249,0,-1
437,608,0,-2
961,169,0,-1
118,779,0,-8
368,389,0,-4
469,552,0,-4
893,178,0,-10
42,698,0,-9
992,363,0,-3
213,656,0,-10
247,19,0,-6
397,432,0,-3
236,168,0,-10
253,374,0,-6
175,975,0,-9
698,252,0,-10
530,877,0,-4
335,989,0,-8
49,566,0,-8
666,326,0,-10
805,294,0,-3
814,254,0,-2
815,143,0,-8
659,954,0,-8
79,74,0,-5
990,352,0,-8
916,220,0,-4
213,492,0,-7
656,89,0,-2
257,85,0,-7
725,235,0,-2
864,501,0,-10
274,747,0,-10
112,105,0,-8
354,262,0,-9
686,908,0,-2
685,754,0,-1
705,246,0,-7
985,335,0,-8
684,805,0,-10
906,247,0,-4
74,37,0,-3
177,660,0,-7
362,634,0,-7
94,818,0,-9
921,479,0,-10
604,51,0,-5
489,416,0,-4
749,710,0,-8
206,299,0,-1
695,721,0,-8
507,783,0,-3
763,880,0,-10
526,850,0,-8
942,173,0,-2
219,882,0,-1
262,935,0,-6
786,479,0,-10
221,787,0,-3
781,857,0,-8
28,753,0,-5
693,840,0,-6
131,49,0,-3
785,184,0,-5
627,195,0,-10
928,752,0,-3
785,633,0,-7
834,355,0,-2
673,511,0,-1
86,748,0,-9
145,257,0,-2
795,585,0,-1
632,236,0,-3
729,494,0,-4
77,859,0,-6
571,588,0,-9
259,442,0,-1
750,431,0,-10
26,810,0,-7
69,80,0,-7
590,754,0,-7
29,878,0,-5
302,248,0,-9
971,282,0,-9
945,543,0,-7
774,798,0,-8
310,927,0,-6
329,64,0,-3
777,837,0,-10
346,698,0,-4
1000,945,0,-2
957,802,0,-8
530,930,0,-5
769,528,0,-2
848,307,0,-4
649,956,0,-1
805,191,0,-7
783,45,0,-3
808,266,0,-3
456,756,0,-4
717,436,0,-1
543,200,0,-5
964,868,0,-2
446,171,0,-6
897,397,0,-3
173,430,0,-10
757,45,0,-1
653,224,0,-5
435,662,0,-3
840,255,0,-9
314,96,0,-3
217,234,0,-9
200,9,0,-2
197,573,0,-2
862,659,0,-10
350,25,0,-3
575,883,0,-8
599,197,0,-3
802,410,0,-9
699,701,0,-6
76,13,0,-7
931,310,0,-3
643,210,0,-4
408,193,0,-5
565,442,0,-7
908,956,0,-4
581,379,0,-9
772,230,0,-4
750,959,0,-7
17,949,0,-1
635,817,0,-8
476,235,0,-7
1000,690,0,-10
691,523,0,-2
414,149,0,-9
189,257,0,-5
712,43,0,-2
596,857,0,-4
39,568,0,-8
485,753,0,-1
856,974,0,-7
128,773,0,-9
572,101,0,-3
69,644,0,-3
984,457,0,-5
152,227,0,-4
381,416,0,-7
846,672,0,-10
850,860,0,-3
890,799,0,-6
975,552,0,-7
113,68,0,-1
641,552,0,-8
591,653,0,-8
362,127,0,-10
862,566,0,-9
79,494,0,-5
542,160,0,-4
413,213,0,-8
638,32,0,-10
899,626,0,-5
162,560,0,-10
61,389,0,-3
554,487,0,-8
348,902,0,-1
748,84,0,-10
458,161,0,-5
745,79,0,-9
655,646,0,-2
231,482,0,-7
209,263,0,-9
890,211,0,-4
432,18,0,-1
449,17,0,-3
76,235,0,-1
364,104,0,-8
506,731,0,-3
456,814,0,-6
478,398,0,-10
406,964,0,-2
17,387,0,-1
734,775,0,-9
965,56,0,-2
373,657,0,-2
117,950,0,-9
580,908,0,-9
553,774,0,-1
200,455,0,-10
186,704,0,-10
873,163,0,-1
287,276,0,-10
658,662,0,-7
189,777,0,-2
831,221,0,-3
225,196,0,-2
543,440,0,-2
27,761,0,-1
827,69,0,-5
740,210,0,-2
706,225,0,-5
371,516,0,-9
839,745,0,-8
790,394,0,-2
611,74,0,-8
342,868,0,-6
505,838,0,-8
795,637,0,-3
224,14,0,-10
97,38,0,-1
3,28,0,-9
800,262,0,-4
323,920,0,-4
393,431,0,-1
163,188,0,-9
459,378,0,-2
261,159,0,-3
664,411,0,-8
421,866,0,-9
488,656,0,-5
806,796,0,-4
240,148,0,-3
530,942,0,-1
65,139,0,-9
451,691,0,-9
765,266,0,-10
756,83,0,-5
191,116,0,-1
733,494,0,-7
490,138,0,-3
630,560,0,-1
350,155,0,-6
255,278,0,-10
265,245,0,-6
846,813,0,-8
649,996,0,-1
548,955,0,-2
90,341,0,-5
709,721,0,-3
487,331,0,-10
432,292,0,-2
164,368,0,-7
372,325,0,-10
275,687,0,-9
597,617,0,-8
337,640,0,-3
291,176,0,-9
754,858,0,-8
512,258,0,-7
502,931,0,-4
602,649,0,-7
328,988,0,-4
189,418,0,-4
362,429,0,-1
115,589,0,-7
166,697,0,-8
635,286,0,-8
393,298,0,-7
957,126,0,-3
361,135,0,-4
839,337,0,-6
84,709,0,-10
532,312,0,-7
668,853,0,-1
900,282,0,-7
404,912,0,-6
108,522,0,-3
424,602,0,-2
257,380,0,-10
2,310,0,-8
926,802,0,-1
379,21,0,-7
236,607,0,-10
615,321,0,-5
250,186,0,-6
919,72,0,-6
351,187,0,-5
294,836,0,-9
652,888,0,-10
921,813,0,-3
16,665,0,-2
103,921,0,-4
443,476,0,-4
464,865,0,-6
763,418,0,-8
853,638,0,-7
42,779,0,-1
448,134,0,-9
486,575,0,-8
18,54,0,-7
964,718,0,-7
119,773,0,-4
579,699,0,-1
894,46,0,-3
997,287,0,-8
34,422,0,-7
63,972,0,-4
280,63,0,-3
365,638,0,-8
635,723,0,-2
48,126,0,-2
86,38,0,-5
524,444,0,-7
950,582,0,-6
966,83,0,-5
247,923,0,-1
792,863,0,-4
545,520,0,-2
856,331,0,-1
770,828,0,-9
806,609,0,-9
609,534,0,-10
901,150,0,-5
800,551,0,-3
857,145,0,-6
709,262,0,-5
1000,778,0,-9
852,966,0,-7
946,234,0,-1
38,793,0,-4
894,485,0,-8
114,485,0,-9
856,621,0,-2
528,537,0,-4
548,150,0,-7
593,460,0,-1
587,44,0,-7
213,1000,0,-9
448,11,0,-1
912,136,0,-1
570,443,0,-4
702,668,0,-10
572,863,0,-9
876,813,0,-2
844,401,0,-4
522,576,0,-7
588,983,0,-9
328,868,0,-5
668,560,0,-4
314,32,0,-1
354,269,0,-10
449,492,0,-9
468,789,0,-2
47,731,0,-1
696,83,0,-3
865,283,0,-9
405,862,0,-4
937,550,0,-6
890,429,0,-5
572,479,0,-6
44,706,0,-8
997,322,0,-9
60,677,0,-4
685,666,0,-1
541,273,0,-7
141,323,0,-10
82,971,0,-3
858,674,0,-10
312,600,0,-3
329,773,0,-5
528,641,0,-7
468,206,0,-6
530,832,0,-5
265,145,0,-7
18,22,0,-7
392,111,0,-10
889,171,0,-10
956,107,0,-5
193,455,0,-2
667,343,0,-5
228,811,0,-10
500,556,0,-4
848,260,0,-3
126,272,0,-9
915,762,0,-4
865,147,0,-1
753,151,0,-4
256,467,0,-9
728,647,0,-10
78,124,0,-4
47,856,0,-2
116,200,0,-9
585,525,0,-4
66,981,0,-6
987,207,0,-6
898,212,0,-7
414,717,0,-1
750,805,0,-3
206,414,0,-4
339,714,0,-7
48,690,0,-5
502,73,0,-4
746,651,0,-10
979,706,0,-4
887,947,0,-5
794,520,0,-1
16,951,0,-6
609,699,0,-3
832,459,0,-8
869,710,0,-1
909,382,0,-8
35,405,0,-2
184,768,0,-9
374,491,0,-7
736,556,0,-2
567,255,0,-6
711,958,0,-3
772,950,0,-9
958,128,0,-2
874,493,0,-5
532,140,0,-1
413,422,0,-5
173,590,0,-9
756,447,0,-9
874,145,0,-2
708,855,0,-2
131,469,0,-4
29,370,0,-1
841,124,0,-9
975,263,0,-2
110,72,0,-8
457,459,0,-4
258,675,0,-10
72,495,0,-5
566,998,0,-2
170,338,0,-1
285,957,0,-1
714,81,0,-9
96,413,0,-9
281,137,0,-1
99,481,0,-6
737,64,0,-1
405,981,0,-5
738,393,0,-7
474,589,0,-1
69,486,0,-4
651,704,0,-9
440,237,0,-7
12,195,0,-8
692,424,0,-8
522,737,0,-5
277,860,0,-2
140,349,0,-7
665,65,0,-1
196,470,0,-4
137,120,0,-8
340,493,0,-6
810,489,0,-10
356,516,0,-10
812,668,0,-6
668,694,0,-3
765,475,0,-5
395,161,0,-3
744,222,0,-3
37,97,0,-5
154,273,0,-8
675,120,0,-2
315,451,0,-10
138,645,0,-1
523,98,0,-6
665,187,0,-3
924,16,0,-4
963,104,0,-3
304,944,0,-5
313,832,0,-5
394,740,0,-3
964,410,0,-7
572,688,0,-1
826,414,0,-3
662,678,0,-4
742,353,0,-4
970,416,0,-7
997,64,0,-3
253,517,0,-2
878,27,0,-3
445,442,0,-3
98,870,0,-4
534,244,0,-7
420,297,0,-6
855,875,0,-1
232,634,0,-7
145,897,0,-4
312,266,0,-5
421,309,0,-10
53,550,0,-7
935,540,0,-9
766,308,0,-4
307,545,0,-8
832,883,0,-1
870,656,0,-4
309,726,0,-1
184,600,0,-9
597,560,0,-7
885,81,0,-6
269,111,0,-2
299,710,0,-9
43,788,0,-10
871,704,0,-8
279,316,0,-2
609,155,0,-6
476,962,0,-4
179,521,0,-7
809,723,0,-3
281,575,0,-1
4,228,0,-1
172,671,0,-3
379,274,0,-3
263,826,0,-4
5,317,0,-9
245,21,0,-2
968,85,0,-9
707,457,0,-4
463,175,0,-8
191,255,0,-7
896,258,0,-9
234,499,0,-6
727,441,0,-10
974,555,0,-9
215,816,0,-5
91,784,0,-4
543,53,0,-10
501,569,0,-6
312,9,0,-9
302,370,0,-5
710,736,0,-3
608,888,0,-1
968,120,0,-4
683,422,0,-7
192,347,0,-5
188,176,0,-8
962,403,0,-9
27,243,0,-9
545,345,0,-7
128,771,0,-3
712,662,0,-9
959,921,0,-5
671,43,0,-5
618,471,0,-10
88,995,0,-1
518,964,0,-6
351,415,0,-3
236,527,0,-4
984,419,0,-9
580,296,0,-6
945,336,0,-7
42,866,0,-2
800,149,0,-3
824,760,0,-4
92,205,0,-3
192,881,0,-5
717,544,0,-3
849,937,0,-3
446,411,0,-6
320,50,0,-10
624,58,0,-9
79,275,0,-10
634,348,0,-7
710,82,0,-2
963,691,0,-1
30,213,0,-5
803,405,0,-5
223,288,0,-5
804,153,0,-8
534,455,0,-5
412,769,0,-3
671,76,0,-1
109,796,0,-9
606,361,0,-4
770,143,0,-8
257,399,0,-7
398,106,0,-9
812,270,0,-8
60,268,0,-5
389,765,0,-2
783,295,0,-8
844,90,0,-7
586,259,0,-6
783,572,0,-8
909,765,0,-5
117,625,0,-2
905,540,0,-9
388,357,0,-7
658,536,0,-8
902,514,0,-9
742,946,0,-1
126,714,0,-10
942,416,0,-5
928,414,0,-7
394,389,0,-6
475,510,0,-8
705,829,0,-2
438,22,0,-6
354,293,0,-1
923,506,0,-7
779,747,0,-5
281,796,0,-4
343,435,0,-8
725,907,0,-6
885,870,0,-1
129,887,0,-7
744,495,0,-2
130,876,0,-3
278,525,0,-2
952,978,0,-2
838,751,0,-10
502,104,0,-4
931,198,0,-4
482,678,0,-6
315,175,0,-2
903,305,0,-1
214,208,0,-6
683,144,0,-8
672,627,0,-10
754,672,0,-4
524,907,0,-7
1000,968,0,-8
454,640,0,-2
14,205,0,-10
891,610,0,-6
66,641,0,-2
427,79,0,-4
536,93,0,-9
68,996,0,-3
994,341,0,-7
939,120,0,-6
493,535,0,-4
848,179,0,-9
744,132,0,-5
572,693,0,-2
120,338,0,-6
215,554,0,-9
276,402,0,-4
202,828,0,-7
868,885,0,-7
440,619,0,-4
354,134,0,-3
447,107,0,-3
983,703,0,-9
395,394,0,-10
446,226,0,-7
817,180,0,-7
688,481,0,-4
286,274,0,-6
903,247,0,-5
536,629,0,-4
636,211,0,-10
824,801,0,-9
653,637,0,-7
700,581,0,-3
919,830,0,-2
850,87,0,-3
280,289,0,-8
119,441,0,-10
454,807,0,-9
829,746,0,-1
468,728,0,-5
764,865,0,-2
373,211,0,-3
806,912,0,-7
150,721,0,-9
240,329,0,-8
539,520,0,-6
770,196,0,-6
918,178,0,-10
155,857,0,-5
499,760,0,-9
416,607,0,-8
719,906,0,-2
835,34,0,-4
155,949,0,-3
469,107,0,-7
722,233,0,-6
692,439,0,-2
651,597,0,-7
774,519,0,-7
646,139,0,-9
956,86,0,-6
363,657,0,-8
761,210,0,-2
445,611,0,-9
775,110,0,-8
405,250,0,-2
567,898,0,-5
887,827,0,-1
199,370,0,-7
235,427,0,-3
621,880,0,-10
532,130,0,-2
759,218,0,-6
501,923,0,-3
796,284,0,-9
984,783,0,-8
200,388,0,-9
466,328,0,-3
129,96,0,-6
385,696,0,-9
117,842,0,-6
829,933,0,-5
537,478,0,-6
558,141,0,-5
956,563,0,-5
614,180,0,-8
527,837,0,-7
572,323,0,-2
462,659,0,-10
50,613,0,-4
579,992,0,-9
405,469,0,-9
16,599,0,-10
168,537,0,-8
332,627,0,-5
337,335,0,-9
436,161,0,-8
3,344,0,-6
411,349,0,-1
854,376,0,-4
835,369,0,-6
734,279,0,-4
38,59,0,-4
851,201,0,-3
427,900,0,-8
666,236,0,-4
381,627,0,-7
585,567,0,-1
834,133,0,-3
378,285,0,-7
140,656,0,-1
999,190,0,-9
424,594,0,-5
15,419,0,-1
328,78,0,-6
460,465,0,-7
346,228,0,-7
943,76,0,-1
416,448,0,-3
651,761,0,-6
220,267,0,-1
792,890,0,-9
146,279,0,-2
743,718,0,-2
680,150,0,-3
315,559,0,-5
398,284,0,-7
655,99,0,-1
464,186,0,-5
25,367,0,-3
889,718,0,-4
236,747,0,-1
252,807,0,-2
956,581,0,-6
178,498,0,-7
858,355,0,-10
505,127,0,-6
254,474,0,-1
100,815,0,-10
771,800,0,-6
13,84,0,-5
969,52,0,-2
351,451,0,-9
637,981,0,-3
326,128,0,-1
204,654,0,-4
342,86,0,-9
58,410,0,-4
812,861,0,-8
553,413,0,-3
744,2,0,-10
360,618,0,-3
333,242,0,-2
33,335,0,-10
266,485,0,-10
54,738,0,-5
872,232,0,-9
925,531,0,-2
506,82,0,-5
608,61,0,-3
365,693,0,-8
316,175,0,-10
69,905,0,-3
837,964,0,-8
213,903,0,-5
579,373,0,-3
201,327,0,-4
168,131,0,-5
3,396,0,-9
550,621,0,-3
805,435,0,-4
368,705,0,-2
632,631,0,-8
258,341,0,-6
744,133,0,-6
505,614,0,-4
134,987,0,-1
244,559,0,-2
792,129,0,-4
601,380,0,-3
797,24,0,-4
63,725,0,-2
330,485,0,-5
792,987,0,-1
650,309,0,-7
567,461,0,-4
211,930,0,-10
60,517,0,-2
982,177,0,-3
833,439,0,-8
946,590,0,-8
588,222,0,-5
307,702,0,-5
19,271,0,-9
14,786,0,-9
316,170,0,-4
213,301,0,-9
286,86,0,-7
642,586,0,-2
825,756,0,-3
965,541,0,-7
758,132,0,-7
379,142,0,-1
699,958,0,-7
790,936,0,-1
334,347,0,-7
387,512,0,-4
52,576,0,-4
783,89,0,-9
963,127,0,-1
211,655,0,-7
171,653,0,-9
647,249,0,-6
604,790,0,-6
207,238,0,-8
697,371,0,-1
421,82,0,-7
44,343,0,-2
550,311,0,-8
414,818,0,-3
481,606,0,-5
358,421,0,-7
187,189,0,-4
652,834,0,-1
888,346,0,-6
483,876,0,-1
286,122,0,-4
25,702,0,-3
266,780,0,-9
890,651,0,-8
33,486,0,-7
538,460,0,-4
411,337,0,-2
766,776,0,-8
157,110,0,-1
121,398,0,-2
577,77,0,-8
891,814,0,-2
56,500,0,-10
800,546,0,-5
539,627,0,-4
137,493,0,-5
813,525,0,-3
707,210,0,-1
7,105,0,-3
382,983,0,-6
754,857,0,-4
113,623,0,-10
671,210,0,-10
770,34,0,-8
583,63,0,-5
834,263,0,-9
36,49,0,-3
504,537,0,-7
627,547,0,-8
576,166,0,-2
286,875,0,-10
515,814,0,-8
567,324,0,-7
891,556,0,-10
871,51,0,-3
804,794,0,-5
412,98,0,-7
786,183,0,-7
401,989,0,-5
486,125,0,-5
854,804,0,-2
270,990,0,-1
584,593,0,-10
526,621,0,-7
990,124,0,-2
573,97,0,-7
546,536,0,-2
437,872,0,-5
425,234,0,-4
524,849,0,-3
779,558,0,-1
421,81,0,-2
832,447,0,-10
911,452,0,-8
510,83,0,-7
773,275,0,-1
360,950,0,-7
945,776,0,-1
39,989,0,-5
876,120,0,-7
793,862,0,-8
724,802,0,-4
750,724,0,-6
314,284,0,-1
776,490,0,-7
285,619,0,-6
955,837,0,-8
736,101,0,-2
661,381,0,-3
21,986,0,-9
633,768,0,-7
749,21,0,-1
263,999,0,-1
727,173,0,-9
835,270,0,-6
646,208,0,-2
508,986,0,-4
84,65,0,-6
88,52,0,-4
366,106,0,-2
532,295,0,-10
545,161,0,-3
106,467,0,-2
423,696,0,-4
387,10,0,-8
399,992,0,-6
574,316,0,-10
575,718,0,-6
535,844,0,-8
333,683,0,-6
502,103,0,-9
904,258,0,-6
993,698,0,-4
801,792,0,-2
787,929,0,-4
317,268,0,-6
841,333,0,-7
489,436,0,-10
117,326,0,-3
189,739,0,-8
201,474,0,-4
615,51,0,-3
434,904,0,-7
2,3,0,-7
377,24,0,-9
863,301,0,-8
945,940,0,-1
988,110,0,-8
80,623,0,-10
460,848,0,-7
488,901,0,-4
699,87,0,-7
380,584,0,-10
108,253,0,-10
104,154,0,-5
242,421,0,-8
743,2,0,-8
812,736,0,-5
475,330,0,-10
45,102,0,-8
232,299,0,-10
549,138,0,-2
737,398,0,-1
198,427,0,-5
319,870,0,-9
503,992,0,-9
732,657,0,-7
717,409,0,-10
847,351,0,-2
280,478,0,-1
450,589,0,-2
826,599,0,-5
360,22,0,-7
60,49,0,-7
955,696,0,-5
276,426,0,-8
357,277,0,-2
724,283,0,-8
139,658,0,-2
742,478,0,-7
159,183,0,-5
98,909,0,-4
958,906,0,-6
830,664,0,-10
76,783,0,-7
19,724,0,-6
204,250,0,-2
747,588,0,-9
741,961,0,-1
944,270,0,-6
242,627,0,-6
179,206,0,-2
76,751,0,-4
384,601,0,-2
386,197,0,-4
634,625,0,-6
700,635,0,-6
273,230,0,-4
792,710,0,-5
991,341,0,-6
160,583,0,-7
994,654,0,-6
864,710,0,-2
78,155,0,-3
574,705,0,-5
703,625,0,-1
465,114,0,-5
17,188,0,-5
633,956,0,-5
925,86,0,-6
723,195,0,-5
258,773,0,-8
157,326,0,-3
159,436,0,-6
385,854,0,-7
506,399,0,-8
991,607,0,-10
375,54,0,-5
560,164,0,-6
247,491,0,-5
852,647,0,-1
272,145,0,-10
979,45,0,-5
669,396,0,-9
499,942,0,-7
624,429,0,-10
732,938,0,-10
287,48,0,-5
179,533,0,-4
143,532,0,-2
568,816,0,-8
462,136,0,-2
580,70,0,-4
104,795,0,-9
645,649,0,-3
721,918,0,-6
488,297,0,-4
524,129,0,-4
904,523,0,-1
889,976,0,-7
67,279,0,-4
463,418,0,-1
455,544,0,-4
675,978,0,-7
165,764,0,-4
794,386,0,-4
588,939,0,-2
680,20,0,-4
574,41,0,-4
653,847,0,-3
728,613,0,-1
479,105,0,-1
862,396,0,-4
69,582,0,-9
1,24,0,-4
433,151,0,-7
584,277,0,-5
844,842,0,-9
823,346,0,-4
411,433,0,-10
704,167,0,-4
362,617,0,-7
198,357,0,-9
136,14,0,-4
345,950,0,-8
352,468,0,-5
141,687,0,-10
473,545,0,-5
956,491,0,-1
919,26,0,-1
157,495,0,-10
527,288,0,-4
243,947,0,-8
803,506,0,-9
925,256,0,-3
750,587,0,-9
308,762,0,-4
690,929,0,-4
847,275,0,-10
822,891,0,-7
49,793,0,-6
378,714,0,-9
872,474,0,-9
303,78,0,-9
702,920,0,-2
352,79,0,-3
740,458,0,-6
99,96,0,-9
304,884,0,-10
282,24,0,-3
612,433,0,-4
618,182,0,-8
547,924,0,-7
368,782,0,-3
767,171,0,-5
981,72,0,-8
36,755,0,-10
454,421,0,-1
975,187,0,-9
281,205,0,-9
198,172,0,-6
309,186,0,-3
91,198,0,-7
255,979,0,-3
150,300,0,-1
43,19,0,-10
960,600,0,-7
891,346,0,-6
745,595,0,-4
950,278,0,-8
690,491,0,-9
678,495,0,-4
15,940,0,-1
371,784,0,-9
471,966,0,-8
101,978,0,-2
421,557,0,-10
648,897,0,-6
415,121,0,-10
442,550,0,-3
152,379,0,-9
801,367,0,-6
116,319,0,-8
264,237,0,-7
378,658,0,-10
73,179,0,-7
983,439,0,-4
666,26,0,-8
358,915,0,-10
385,679,0,-7
761,696,0,-8
325,214,0,-9
87,153,0,-6
575,76,0,-9
352,355,0,-8
742,322,0,-7
255,188,0,-2
157,135,0,-9
29,558,0,-3
393,774,0,-3
302,946,0,-5
295,911,0,-10
955,404,0,-6
484,937,0,-6
924,783,0,-1
575,876,0,-8
556,163,0,-10
869,813,0,-3
291,980,0,-1
600,444,0,-7
466,669,0,-1
773,598,0,-4
155,328,0,-4
910,852,0,-3
587,892,0,-3
36,729,0,-10
968,319,0,-10
487,483,0,-5
111,645,0,-10
756,964,0,-1
821,462,0,-9
248,273,0,-7
351,367,0,-5
715,936,0,-1
577,352,0,-7
322,832,0,-6
943,794,0,-9
622,575,0,-6
970,533,0,-7
315,743,0,-6
680,640,0,-2
876,437,0,-9
753,274,0,-6
603,182,0,-4
106,769,0,-6
635,455,0,-10
457,904,0,-9
455,295,0,-10
453,830,0,-2
27,813,0,-9
63,358,0,-2
393,548,0,-1
756,224,0,-7
287,669,0,-1
289,422,0,-9
882,579,0,-8
698,291,0,-2
743,391,0,-8
544,542,0,-5
663,949,0,-10
181,616,0,-4
351,128,0,-5
312,934,0,-6
710,609,0,-4
580,714,0,-1
898,949,0,-2
281,434,0,-10
973,233,0,-8
551,566,0,-4
66,82,0,-3
500,606,0,-7
282,785,0,-3
983,532,0,-5
929,996,0,-9
739,118,0,-9
767,326,0,-10
827,106,0,-7
808,957,0,-10
788,422,0,-4
979,275,0,-8
46,591,0,-6
918,482,0,-1
355,967,0,-1
11,620,0,-2
540,535,0,-6
354,635,0,-6
273,349,0,-4
939,427,0,-3
749,214,0,-7
308,733,0,-2
772,183,0,-7
976,859,0,-4
462,638,0,-10
189,697,0,-1
552,492,0,-10
25,489,0,-2
543,686,0,-7
763,478,0,-6
176,896,0,-1
686,555,0,-2
290,300,0,-9
507,96,0,-10
584,896,0,-8
149,990,0,-6
98,954,0,-1
499,330,0,-4
659,886,0,-9
688,873,0,-7
196,529,0,-6
961,742,0,-5
546,181,0,-1
506,553,0,-5
574,21,0,-10
204,189,0,-3
25,319,0,-8
141,194,0,-8
284,771,0,-5
25,764,0,-4
318,519,0,-9
311,884,0,-1
809,968,0,-10
83,391,0,-9
59,722,0,-4
484,193,0,-7
713,189,0,-6
709,448,0,-3
194,634,0,-8
755,376,0,-1
88,450,0,-1
580,462,0,-7
939,107,0,-4
485,359,0,-3
165,87,0,-8
296,686,0,-3
445,625,0,-3
598,214,0,-1
547,215,0,-6
645,220,0,-5
70,783,0,-4
554,186,0,-2
855,208,0,-2
980,837,0,-9
14,296,0,-7
345,821,0,-5
266,863,0,-4
484,657,0,-4
858,981,0,-5
476,717,0,-6
379,966,0,-2
602,937,0,-6
465,619,0,-9
83,324,0,-9
465,670,0,-9
950,480,0,-2
71,57,0,-8
648,589,0,-6
459,463,0,-3
709,333,0,-7
616,338,0,-6
247,556,0,-3
430,867,0,-7
788,550,0,-9
858,944,0,-10
41,90,0,-6
71,151,0,-1
777,903,0,-5
82,197,0,-10
374,118,0,-4
299,88,0,-5
325,573,0,-7
859,853,0,-6
270,289,0,-3
977,613,0,-1
620,225,0,-8
898,472,0,-1
478,135,0,-3
400,630,0,-1
246,742,0,-2
337,194,0,-9
961,991,0,-5
342,151,0,-8
852,455,0,-10
468,219,0,-2
704,622,0,-3
586,680,0,-8
691,376,0,-6
917,253,0,-9
42,105,0,-5
889,764,0,-8
726,102,0,-7
255,52,0,-5
735,724,0,-4
825,903,0,-6
232,199,0,-7
239,373,0,-3
619,926,0,-3
986,565,0,-6
748,501,0,-10
978,311,0,-3
725,627,0,-10
322,521,0,-6
147,501,0,-10
728,236,0,-2
776,925,0,-5
46,808,0,-4
176,514,0,-4
485,72,0,-7
577,540,0,-10
499,487,0,-5
934,266,0,-4
703,264,0,-2
952,813,0,-9
842,434,0,-2
853,835,0,-9
68,782,0,-1
942,924,0,-8
420,381,0,-7
171,218,0,-1
132,286,0,-6
462,974,0,-3
567,403,0,-10
766,228,0,-8
661,144,0,-7
605,10,0,-4
565,349,0,-4
575,790,0,-8
646,271,0,-10
280,793,0,-7
910,80,0,-6
311,163,0,-4
184,432,0,-5
749,649,0,-10
370,684,0,-4
514,188,0,-4
765,319,0,-5
381,982,0,-2
957,534,0,-9
458,492,0,-3
235,537,0,-2
95,682,0,-7
483,600,0,-5
256,992,0,-1
804,999,0,-3
744,690,0,-3
363,878,0,-1
836,197,0,-8
398,833,0,-3
27,253,0,-5
496,292,0,-3
871,144,0,-3
578,755,0,-5
535,3,0,-1
55,609,0,-3
208,682,0,-3
637,338,0,-6
540,883,0,-2
666,522,0,-1
974,740,0,-2
733,276,0,-8
40,387,0,-2
605,419,0,-5
903,703,0,-2
538,655,0,-10
237,614,0,-3
192,835,0,-1
402,654,0,-9
459,568,0,-9
611,671,0,-4
479,53,0,-6
466,732,0,-9
636,841,0,-7
543,164,0,-8
664,862,0,-10
416,850,0,-3
306,933,0,-5
158,397,0,-9
506,519,0,-8
126,410,0,-10
594,617,0,-3
981,804,0,-6
531,271,0,-4
190,124,0,-9
975,127,0,-6
673,638,0,-8
197,343,0,-10
641,731,0,-6
727,208,0,-5
527,518,0,-4
801,588,0,-10
96,60,0,-5
204,678,0,-9
821,866,0,-2
969,519,0,-1
651,649,0,-8
155,649,0,-6
977,30,0,-5
638,386,0,-5
702,156,0,-4
241,686,0,-8
779,975,0,-7
858,440,0,-3
887,88,0,-1
817,516,0,-2
712,418,0,-4
132,314,0,-3
413,323,0,-3
919,384,0,-5
345,307,0,-10
944,335,0,-4
412,628,0,-6
655,829,0,-9
392,259,0,-8
222,940,0,-2
338,431,0,-6
944,308,0,-5
744,294,0,-8
542,573,0,-2
524,638,0,-5
460,241,0,-1
803,668,0,-9
638,592,0,-10
213,49,0,-8
801,135,0,-1
599,307,0,-5
64,720,0,-5
49,227,0,-2
176,685,0,-10
506,53,0,-2
646,163,0,-6
149,231,0,-8
529,100,0,-4
239,358,0,-10
555,326,0,-1
422,94,0,-4
929,263,0,-10
856,90,0,-2
530,281,0,-5
429,955,0,-7
637,332,0,-3
788,481,0,-5
11,163,0,-8
342,209,0,-2
587,434,0,-10
641,114,0,-9
937,295,0,-9
795,759,0,-8
562,543,0,-9
428,950,0,-5
909,988,0,-9
683,241,0,-4
365,486,0,-6
764,65,0,-4
559,191,0,-1
376,133,0,-7
306,219,0,-2
756,937,0,-9
773,919,0,-9
974,729,0,-2
787,738,0,-3
317,73,0,-5
124,883,0,-1
827,386,0,-6
297,777,0,-5
358,750,0,-9
138,100,0,-4
942,235,0,-7
292,129,0,-5
823,943,0,-3
225,206,0,-8
287,15,0,-1
1000,129,0,-7
503,524,0,-5
932,579,0,-2
450,39,0,-6
798,555,0,-6
590,22,0,-3
288,534,0,-2
363,976,0,-7
441,650,0,-9
289,14,0,-8
87,181,0,-8
622,435,0,-7
750,777,0,-7
824,329,0,-7
772,89,0,-5
661,840,0,-10
553,791,0,-6
638,117,0,-6
103,670,0,-8
21,276,0,-10
503,665,0,-10
519,316,0,-7
725,825,0,-6
252,419,0,-1
159,367,0,-2
185,787,0,-3
302,559,0,-6
467,123,0,-6
310,274,0,-4
139,277,0,-2
862,181,0,-3
996,291,0,-3
365,36,0,-10
449,213,0,-8
699,720,0,-7
404,229,0,-1
765,441,0,-10
718,154,0,-6
603,79,0,-7
780,520,0,-9
313,571,0,-7
548,446,0,-1
685,275,0,-3
677,533,0,-3
249,530,0,-8
227,391,0,-6
815,175,0,-2
503,922,0,-3
462,201,0,-8
314,102,0,-5
127,237,0,-9
171,965,0,-7
716,462,0,-6
949,460,0,-10
509,706,0,-8
29,384,0,-9
963,671,0,-4
822,320,0,-3
32,12,0,-4
983,556,0,-3
141,313,0,-7
50,859,0,-8
313,195,0,-9
362,31,0,-6
194,593,0,-4
140,879,0,-3
582,72,0,-1
590,219,0,-2
967,516,0,-7
10,280,0,-9
110,924,0,-5
629,141,0,-3
85,551,0,-2
853,113,0,-10
486,985,0,-6
793,130,0,-2
849,812,0,-5
198,448,0,-4
691,101,0,-7
509,85,0,-4
918,540,0,-6
287,567,0,-7
20,786,0,-5
797,511,0,-7
689,738,0,-3
947,497,0,-8
530,96,0,-3
840,910,0,-5
170,502,0,-2
567,916,0,-9
849,76,0,-5
630,151,0,-3
260,511,0,-4
393,16,0,-1
765,688,0,-1
457,362,0,-9
229,456,0,-6
986,281,0,-2
819,20,0,-3
249,82,0,-6
17,483,0,-7
781,43,0,-5
905,590,0,-1
561,735,0,-10
987,954,0,-7
592,713,0,-3
37,293,0,-3
344,372,0,-9
738,730,0,-4
424,939,0,-2
606,900,0,-1
288,668,0,-4
347,921,0,-9
84,20,0,-5
512,931,0,-8
677,743,0,-5
502,333,0,-3
392,114,0,-1
306,538,0,-10
693,174,0,-6
368,364,0,-3
706,582,0,-6
999,404,0,-8
717,113,0,-9
390,134,0,-4
383,708,0,-2
302,551,0,-9
514,477,0,-2
642,665,0,-10
625,723,0,-5
43,567,0,-4
462,450,0,-7
606,723,0,-4
945,72,0,-4
240,845,0,-3
61,895,0,-5
536,597,0,-10
814,19,0,-10
257,586,0,-4
677,510,0,-6
930,119,0,-8
574,740,0,-9
616,160,0,-7
201,732,0,-8
199,282,0,-2
580,819,0,-10
966,25,0,-7
657,385,0,-8
632,965,0,-3
120,527,0,-9
513,983,0,-6
649,57,0,-3
565,940,0,-9
677,293,0,-1
636,989,0,-2
217,191,0,-1
465,80,0,-9
576,539,0,-5
683,645,0,-1
620,213,0,-6
48,637,0,-1
309,494,0,-5
841,536,0,-3
750,799,0,-10
813,793,0,-9
473,44,0,-2
953,965,0,-7
408,55,0,-5
238,92,0,-9
374,172,0,-9
81,548,0,-3
35,236,0,-5
795,726,0,-4
979,548,0,-5
73,592,0,-3
568,162,0,-3
621,240,0,-1
920,541,0,-10
341,822,0,-8
857,142,0,-4
867,577,0,-4
243,867,0,-5
252,575,0,-7
87,643,0,-5
191,338,0,-10
78,672,0,-10
64,342,0,-6
595,672,0,-2
390,919,0,-1
594,588,0,-2
985,720,0,-1
338,665,0,-8
807,273,0,-6
607,915,0,-2
89,550,0,-7
577,246,0,-6
675,151,0,-10
938,45,0,-8
201,943,0,-8
561,461,0,-5
231,108,0,-3
727,462,0,-10
97,850,0,-2
322,780,0,-2
164,484,0,-2
997,768,0,-6
328,80,0,-3
256,322,0,-7
12,980,0,-6
45,149,0,-3
237,714,0,-7
703,323,0,-4
695,204,0,-3
28,350,0,-2
565,525,0,-5
85,974,0,-1
732,128,0,-5
159,569,0,-5
881,415,0,-8
627,477,0,-4
205,428,0,-2
205,764,0,-8
468,589,0,-3
771,714,0,-3
601,128,0,-4
914,759,0,-7
630,986,0,-6
216,781,0,-3
223,76,0,-4
959,892,0,-6
627,944,0,-9
65,979,0,-4
68,301,0,-1
1,582,0,-3
437,462,0,-1
908,588,0,-1
636,339,0,-4
362,407,0,-5
108,25,0,-2
954,130,0,-3
846,644,0,-8
104,758,0,-4
685,159,0,-10
455,35,0,-8
116,624,0,-3
903,493,0,-3
771,942,0,-8
208,372,0,-10
211,980,0,-1
587,776,0,-4
990,119,0,-5
546,417,0,-4
214,73,0,-1
100,136,0,-3
388,876,0,-5
279,735,0,-3
11,438,0,-7
329,973,0,-5
564,432,0,-7
802,323,0,-7
882,180,0,-4
483,878,0,-2
637,189,0,-7
395,362,0,-4
885,939,0,-7
618,559,0,-7
359,964,0,-5
123,242,0,-3
299,732,0,-1
50,965,0,-5
310,316,0,-5
108,93,0,-5
37,679,0,-2
206,874,0,-8
686,647,0,-4
532,119,0,-6
477,613,0,-10
220,905,0,-1
309,640,0,-6
482,26,0,-8
95,641,0,-7
271,344,0,-3
779,819,0,-4
608,976,0,-1
751,829,0,-5
211,565,0,-9
928,235,0,-4
59,329,0,-2
50,767,0,-9
32,993,0,-9
675,306,0,-4
840,293,0,-1
53,310,0,-6
828,910,0,-8
873,831,0,-7
813,156,0,-6
592,425,0,-8
126,866,0,-6
694,689,0,-9
150,472,0,-7
738,904,0,-1
316,498,0,-6
490,500,0,-7
15,265,0,-2
575,493,0,-8
864,318,0,-2
957,678,0,-5
344,505,0,-5
711,391,0,-5
228,87,0,-5
831,273,0,-4
267,767,0,-9
942,603,0,-5
74,907,0,-3
558,537,0,-7
396,886,0,-5
772,470,0,-5
206,5,0,-4
470,277,0,-3
913,407,0,-3
117,12,0,-4
482,509,0,-4
374,171,0,-8
237,823,0,-6
321,345,0,-10
84,369,0,-8
410,957,0,-4
624,903,0,-9
679,83,0,-6
464,245,0,-1
975,819,0,-6
682,944,0,-10
822,950,0,-9
134,926,0,-6
635,154,0,-1
740,94,0,-5
306,448,0,-10
312,682,0,-2
125,683,0,-3
926,929,0,-4
210,556,0,-2
937,885,0,-5
350,101,0,-7
689,331,0,-1
738,422,0,-4
230,541,0,-5
169,306,0,-5
84,364,0,-1
180,915,0,-8
382,834,0,-10
934,967,0,-9
963,388,0,-6
529,675,0,-9
47,848,0,-7
919,19,0,-7
743,240,0,-9
544,986,0,-8
850,81,0,-9
623,878,0,-2
175,70,0,-5
292,304,0,-5
101,806,0,-1
930,587,0,-7
299,839,0,-8
940,985,0,-8
383,32,0,-4
194,53,0,-6
832,790,0,-5
322,1,0,-9
867,20,0,-6
156,360,0,-2
865,729,0,-1
870,206,0,-10
652,171,0,-5
911,434,0,-9
30,761,0,-5
445,233,0,-1
574,729,0,-8
454,391,0,-3
282,778,0,-10
929,134,0,-7
953,415,0,-9
414,829,0,-4
653,593,0,-3
714,182,0,-10
641,62,0,-3
105,159,0,-8
590,867,0,-8
171,178,0,-10
399,925,0,-4
914,539,0,-3
868,170,0,-1
453,672,0,-4
685,21,0,-9
36,617,0,-10
53,374,0,-4
438,563,0,-4
736,27,0,-10
765,610,0,-1
708,601,0,-2
41,784,0,-4
887,557,0,-5
786,328,0,-3
201,986,0,-9
424,671,0,-3
131,552,0,-9
439,710,0,-5
277,93,0,-10
898,998,0,-7
247,770,0,-10
683,55,0,-5
324,37,0,-9
355,593,0,-4
785,677,0,-9
845,61,0,-1
347,828,0,-5
250,417,0,-9
571,152,0,-5
259,481,0,-2
500,310,0,-1
399,672,0,-2
357,264,0,-7
147,978,0,-10
104,185,0,-4
578,7,0,-10
990,737,0,-4
638,602,0,-3
429,142,0,-9
236,518,0,-9
987,741,0,-10
424,226,0,-8
283,144,0,-3
35,761,0,-5
415,147,0,-1
442,877,0,-4
259,651,0,-8
733,243,0,-4
61,711,0,-5
932,777,0,-2
185,239,0,-3
666,327,0,-10
500,709,0,-7
689,335,0,-4
31,56,0,-8
222,638,0,-10
914,771,0,-10
214,488,0,-3
795,132,0,-6
927,851,0,-4
560,213,0,-8
241,650,0,-7
532,291,0,-8
650,514,0,-9
293,431,0,-7
950,798,0,-7
704,694,0,-3
771,682,0,-10
311,304,0,-8
548,539,0,-3
34,508,0,-4
667,648,0,-5
671,560,0,-10
162,773,0,-7
550,431,0,-7
493,49,0,-1
407,137,0,-5
734,904,0,-10
795,576,0,-1
733,533,0,-3
418,442,0,-6
314,624,0,-9
393,129,0,-9
556,947,0,-10
449,625,0,-7
545,755,0,-8
178,280,0,-2
396,611,0,-9
322,308,0,-2
797,324,0,-9
730,826,0,-5
778,188,0,-2
457,471,0,-8
198,233,0,-1
848,720,0,-7
127,655,0,-4
122,135,0,-3
468,983,0,-3
772,504,0,-7
543,979,0,-5
782,135,0,-5
920,933,0,-6
752,254,0,-6
453,701,0,-10
483,516,0,-5
134,391,0,-3
187,341,0,-8
130,313,0,-10
991,992,0,-3
726,272,0,-8
454,350,0,-4
570,192,0,-1
223,587,0,-1
256,444,0,-5
639,938,0,-4
746,144,0,-6
483,164,0,-1
965,762,0,-9
881,834,0,-9
263,932,0,-2
639,264,0,-9
664,136,0,-1
317,624,0,-10
558,488,0,-1
409,849,0,-4
213,837,0,-4
646,294,0,-7
641,19,0,-7
399,462,0,-9
699,379,0,-1
5,754,0,-2
775,513,0,-1
949,431,0,-4
287,268,0,-9
854,737,0,-6
66,62,0,-2
782,508,0,-3
928,114,0,-3
359,860,0,-10
742,119,0,-3
55,300,0,-4
467,235,0,-8
676,148,0,-10
617,832,0,-9
877,609,0,-8
506,29,0,-8
681,584,0,-1
57,672,0,-9
497,960,0,-6
464,737,0,-1
926,196,0,-4
538,888,0,-9
940,27,0,-9
207,628,0,-3
818,505,0,-5
1,367,0,-10
723,221,0,-4
744,543,0,-2
383,327,0,-8
256,192,0,-6
478,323,0,-5
189,719,0,-3
244,803,0,-2
750,165,0,-9
86,349,0,-1
271,61,0,-6
968,481,0,-2
657,170,0,-7
359,841,0,-4
146,730,0,-1
835,394,0,-3
573,163,0,-2
75,794,0,-10
740,62,0,-7
870,392,0,-2
481,70,0,-9
64,738,0,-5
225,916,0,-5
920,372,0,-2
635,952,0,-10
46,289,0,-6
809,64,0,-4
447,463,0,-2
756,609,0,-6
621,676,0,-3
846,448,0,-4
917,916,0,-5
851,913,0,-3
581,193,0,-2
583,422,0,-3
151,254,0,-9
524,528,0,-8
460,66,0,-7
546,571,0,-4
715,663,0,-2
385,815,0,-8
794,538,0,-5
825,558,0,-8
16,320,0,-5
6,145,0,-10
347,182,0,-10
356,676,0,-1
421,256,0,-10
471,801,0,-1
140,392,0,-1
106,191,0,-7
745,360,0,-3
945,267,0,-2
387,915,0,-4
6,711,0,-6
619,190,0,-7
664,765,0,-6
744,108,0,-10
953,250,0,-7
523,393,0,-9
425,288,0,-9
992,733,0,-7
615,439,0,-4
64,922,0,-4
32,424,0,-3
469,581,0,-7
579,718,0,-6
903,924,0,-6
399,425,0,-8
234,566,0,-5
154,987,0,-4
736,461,0,-3
283,372,0,-2
705,343,0,-7
424,960,0,-7
947,389,0,-5
227,839,0,-6
71,580,0,-9
653,697,0,-1
836,78,0,-1
459,950,0,-10
331,127,0,-4
546,886,0,-6
247,627,0,-3
718,782,0,-10
721,168,0,-8
20,430,0,-7
566,322,0,-4
585,26,0,-9
312,472,0,-8
791,837,0,-7
544,779,0,-7
479,898,0,-2
786,25,0,-1
258,309,0,-2
437,162,0,-10
534,554,0,-10
100,32,0,-7
715,166,0,-1
375,664,0,-5
825,493,0,-2
729,765,0,-5
14,294,0,-3
364,890,0,-9
375,273,0,-5
280,404,0,-2
394,239,0,-7
490,596,0,-9
77,831,0,-10
929,314,0,-4
579,40,0,-3
952,301,0,-4
604,984,0,-8
870,641,0,-6
534,936,0,-7
760,526,0,-10
728,416,0,-6
758,189,0,-4
830,164,0,-8
153,728,0,-1
909,545,0,-4
171,41,0,-9
711,725,0,-3
867,539,0,-3
835,741,0,-9
7,769,0,-1
59,332,0,-9
851,651,0,-3
489,51,0,-10
313,369,0,-7
101,1000,0,-8
273,902,0,-6
877,126,0,-3
460,805,0,-7
250,551,0,-8
979,892,0,-3
472,636,0,-9
384,365,0,-8
730,596,0,-6
808,273,0,-3
425,39,0,-8
544,659,0,-3
75,520,0,-7
388,815,0,-6
593,905,0,-6
479,214,0,-10
41,277,0,-4
655,93,0,-6
141,686,0,-7
702,146,0,-5
728,167,0,-3
977,498,0,-1
36,224,0,-2
72,570,0,-9
499,464,0,-8
624,814,0,-6
952,684,0,-1
521,353,0,-9
697,213,0,-7
479,471,0,-4
252,901,0,-2
749,828,0,-1
998,604,0,-6
264,340,0,-6
670,257,0,-5
615,449,0,-3
662,87,0,-3
825,450,0,-6
540,791,0,-4
688,501,0,-2
965,285,0,-4
759,882,0,-6
923,684,0,-9
895,240,0,-5
939,541,0,-8
133,353,0,-4
319,895,0,-9
151,890,0,-8
377,613,0,-2
438,432,0,-5
912,621,0,-5
78,102,0,-1
228,998,0,-9
174,963,0,-3
286,257,0,-6
856,669,0,-2
281,307,0,-7
385,126,0,-2
376,413,0,-4
163,955,0,-9
903,960,0,-4
519,733,0,-5
2,796,0,-1
218,577,0,-3
982,620,0,-6
780,17,0,-3
42,700,0,-5
92,19,0,-4
676,743,0,-8
624,530,0,-6
984,651,0,-9
287,105,0,-6
683,401,0,-3
471,106,0,-9
934,346,0,-4
909,412,0,-3
195,331,0,-4
744,527,0,-5
990,202,0,-3
625,871,0,-5
181,504,0,-6
721,973,0,-8
88,146,0,-6
497,964,0,-6
972,357,0,-7
823,963,0,-1
948,165,0,-7
418,322,0,-8
108,215,0,-9
157,914,0,-4
555,773,0,-4
305,173,0,-6
21,969,0,-6
425,187,0,-3
852,940,0,-3
776,486,0,-6
253,502,0,-9
660,259,0,-4
992,74,0,-5
489,837,0,-2
684,809,0,-9
276,161,0,-3
962,901,0,-9
510,645,0,-8
673,609,0,-10
254,343,0,-6
731,83,0,-2
501,651,0,-6
335,367,0,-8
124,505,0,-9
752,357,0,-6
566,173,0,-4
544,897,0,-8
31,618,0,-4
893,37,0,-2
378,934,0,-3
2,633,0,-3
430,238,0,-8
342,650,0,-1
871,177,0,-3
173,822,0,-7
705,471,0,-1
921,181,0,-4
874,678,0,-3
445,301,0,-6
733,471,0,-10
480,170,0,-10
507,168,0,-3
79,531,0,-7
617,525,0,-4
892,292,0,-9
55,198,0,-10
772,677,0,-7
628,652,0,-2
694,26,0,-4
939,678,0,-6
722,831,0,-3
834,579,0,-7
961,636,0,-5
73,955,0,-3
459,13,0,-2
880,332,0,-1
820,712,0,-6
439,553,0,-4
274,115,0,-4
438,783,0,-8
561,459,0,-9
614,485,0,-1
446,150,0,-4
493,975,0,-6
896,283,0,-2
913,596,0,-4
794,203,0,-3
824,236,0,-2
688,828,0,-9
192,961,0,-2
408,447,0,-10
616,272,0,-5
96,1,0,-3
299,380,0,-3
544,537,0,-2
493,463,0,-7
798,581,0,-9
751,840,0,-2
80,334,0,-10
354,808,0,-2
231,629,0,-6
576,51,0,-9
418,920,0,-7
279,370,0,-8
384,462,0,-3
649,312,0,-4
205,255,0,-9
751,136,0,-4
473,99,0,-7
754,308,0,-3
599,14,0,-4
631,951,0,-1
885,204,0,-9
514,575,0,-2
735,143,0,-5
237,241,0,-1
558,403,0,-5
775,366,0,-5
360,212,0,-7
501,200,0,-8
546,76,0,-6
864,967,0,-7
206,21,0,-5
111,985,0,-5
280,543,0,-2
526,465,0,-6
906,297,0,-6
430,42,0,-3
966,392,0,-2
678,359,0,-8
161,723,0,-7
742,64,0,-6
812,705,0,-4
100,303,0,-1
956,88,0,-9
352,664,0,-4
935,664,0,-2
248,920,0,-7
459,161,0,-6
89,826,0,-1
677,686,0,-3
299,797,0,-2
916,751,0,-8
822,18,0,-9
265,294,0,-2
863,24,0,-9
322,530,0,-3
134,826,0,-3
601,83,0,-3
991,988,0,-10
330,338,0,-3
860,724,0,-4
593,531,0,-5
902,53,0,-5
919,140,0,-2
997,468,0,-5
889,606,0,-8
219,646,0,-10
442,231,0,-9
473,710,0,-9
50,746,0,-1
78,154,0,-1
832,77,0,-4
111,495,0,-6
695,813,0,-4
50,393,0,-5
452,346,0,-6
69,114,0,-1
787,548,0,-1
671,42,0,-10
422,395,0,-8
562,666,0,-2
96,27,0,-4
537,951,0,-5
442,803,0,-5
355,271,0,-3
838,321,0,-7
285,758,0,-9
520,396,0,-8
809,132,0,-7
22,126,0,-2
101,106,0,-5
981,587,0,-1
923,707,0,-5
8,667,0,-3
181,615,0,-7
763,400,0,-6
681,470,0,-4
228,853,0,-6
1,518,0,-7
95,576,0,-3
971,618,0,-8
533,194,0,-4
33,259,0,-7
700,202,0,-1
382,501,0,-10
576,105,0,-10
290,402,0,-8
77,15,0,-3
85,838,0,-6
80,883,0,-2
125,989,0,-9
169,108,0,-10
251,991,0,-3
557,376,0,-8
228,555,0,-9
323,385,0,-3
158,308,0,-9
494,66,0,-9
501,793,0,-1
98,228,0,-5
925,939,0,-7
23,501,0,-3
59,375,0,-3
937,111,0,-9
546,812,0,-2
195,727,0,-2
327,52,0,-4
67,260,0,-8
960,435,0,-1
770,579,0,-7
352,910,0,-9
536,584,0,-2
800,995,0,-8
199,68,0,-8
486,882,0,-2
469,12,0,-1
943,922,0,-4
17,115,0,-4
546,403,0,-6
895,301,0,-8
405,768,0,-8
611,974,0,-4
378,913,0,-6
369,16,0,-1
629,271,0,-9
127,885,0,-6
161,987,0,-4
774,623,0,-3
914,998,0,-1
729,842,0,-8
396,836,0,-8
649,666,0,-4
403,398,0,-5
554,585,0,-3
570,24,0,-7
44,475,0,-8
332,834,0,-10
98,610,0,-10
313,381,0,-1
891,545,0,-8
626,711,0,-7
732,548,0,-7
303,493,0,-3
148,844,0,-8
683,631,0,-8
172,879,0,-9
146,934,0,-8
380,373,0,-9
322,291,0,-3
524,664,0,-5
472,934,0,-3
954,28,0,-10
410,150,0,-5
665,619,0,-6
84,591,0,-5
753,444,0,-6
204,538,0,-6
835,33,0,-5
281,617,0,-3
231,304,0,-9
561,570,0,-7
269,260,0,-6
661,249,0,-1
13,463,0,-4
133,902,0,-2
136,50,0,-4
442,925,0,-4
265,96,0,-4
717,803,0,-8
71,832,0,-1
589,156,0,-1
978,391,0,-10
930,357,0,-7
884,247,0,-4
913,416,0,-4
519,657,0,-4
152,715,0,-1
855,363,0,-8
554,397,0,-7
724,176,0,-8
816,431,0,-8
224,597,0,-8
535,529,0,-7
809,938,0,-5
960,81,0,-1
381,875,0,-7
727,890,0,-5
165,201,0,-6
785,917,0,-10
838,937,0,-4
179,106,0,-6
943,690,0,-5
406,841,0,-1
429,910,0,-8
315,627,0,-9
786,870,0,-8
467,453,0,-8
30,559,0,-2
508,871,0,-5
112,504,0,-5
375,825,0,-4
23,908,0,-1
336,149,0,-6
235,520,0,-2
621,269,0,-6
560,519,0,-5
740,717,0,-9
774,945,0,-1
385,521,0,-3
972,146,0,-5
952,189,0,-1
89,196,0,-6
10,437,0,-9
478,66,0,-4
651,272,0,-6
833,112,0,-5
189,235,0,-2
808,492,0,-5
400,521,0,-3
865,839,0,-5
446,751,0,-2
905,239,0,-7
953,227,0,-6
987,379,0,-6
433,956,0,-5
472,888,0,-3
175,335,0,-8
396,971,0,-3
677,789,0,-9
756,624,0,-4
335,873,0,-10
100,730,0,-6
187,322,0,-5
260,604,0,-4
299,900,0,-3
569,989,0,-3
573,74,0,-9
726,459,0,-1
693,825,0,-3
434,395,0,-3
155,207,0,-6
373,831,0,-10
882,613,0,-1
888,597,0,-10
368,116,0,-9
914,595,0,-1
197,172,0,-7
705,648,0,-1
338,57,0,-9
55,769,0,-3
483,860,0,-10
247,334,0,-7
876,777,0,-7
940,581,0,-3
753,946,0,-1
772,489,0,-6
642,184,0,-9
370,522,0,-4
530,846,0,-5
719,804,0,-3
618,974,0,-8
558,601,0,-8
940,610,0,-1
800,357,0,-5
177,426,0,-8
795,832,0,-3
344,387,0,-6
733,499,0,-1
357,526,0,-4
935,8,0,-2
629,122,0,-3
851,144,0,-4
962,871,0,-5
120,29,0,-8
308,628,0,-10
727,969,0,-10
843,803,0,-6
157,900,0,-10
278,252,0,-6
122,437,0,-9
268,819,0,-3
547,613,0,-4
281,769,0,-10
143,648,0,-1
373,858,0,-9
973,483,0,-4
275,890,0,-4
413,295,0,-4
26,695,0,-1
397,439,0,-3
560,74,0,-4
614,753,0,-7
293,850,0,-7
385,862,0,-8
746,459,0,-6
930,798,0,-2
522,325,0,-8
533,748,0,-7
559,805,0,-3
214,487,0,-4
676,794,0,-1
434,508,0,-3
861,895,0,-3
138,183,0,-1
25,814,0,-8
349,154,0,-6
781,205,0,-5
880,115,0,-10
149,104,0,-8
359,754,0,-4
949,212,0,-3
154,615,0,-5
53,191,0,-7
114,163,0,-1
781,214,0,-7
394,564,0,-3
193,841,0,-4
286,546,0,-2
651,341,0,-4
28,441,0,-5
643,65,0,-8
492,923,0,-3
518,370,0,-1
767,788,0,-9
246,252,0,-2
700,37,0,-6
821,706,0,-5
280,264,0,-6
304,718,0,-2
201,655,0,-8
796,159,0,-4
454,444,0,-2
538,912,0,-3
188,711,0,-10
784,175,0,-3
765,256,0,-4
367,80,0,-6
110,504,0,-1
241,476,0,-4
873,843,0,-7
282,266,0,-4
30,488,0,-9
539,492,0,-7
356,110,0,-9
312,241,0,-1
71,889,0,-8
911,386,0,-4
738,167,0,-7
466,598,0,-7
300,926,0,-3
234,897,0,-3
651,303,0,-4
944,491,0,-4
909,351,0,-7
31,934,0,-7
58,915,0,-6
325,491,0,-6
599,301,0,-6
786,565,0,-10
552,436,0,-8
839,919,0,-1
524,58,0,-5
226,348,0,-8
227,161,0,-8
152,295,0,-4
905,234,0,-5
251,281,0,-4
835,52,0,-9
585,274,0,-10
682,127,0,-1
314,366,0,-5
218,410,0,-8
10,177,0,-6
591,616,0,-6
473,58,0,-10
651,471,0,-6
340,710,0,-5
444,230,0,-2
634,431,0,-9
843,579,0,-5
557,686,0,-4
174,104,0,-1
699,138,0,-2
271,954,0,-5
649,493,0,-1
214,157,0,-5
606,943,0,-5
601,933,0,-5
368,672,0,-10
155,907,0,-2
134,288,0,-1
583,787,0,-8
992,423,0,-9
242,222,0,-1
756,2,0,-8
495,323,0,-9
662,303,0,-8
480,388,0,-3
911,391,0,-3
393,783,0,-9
552,13,0,-2
884,358,0,-3
299,768,0,-10
890,292,0,-1
176,288,0,-7
232,790,0,-5
34,629,0,-1
358,268,0,-2
353,888,0,-1
561,291,0,-3
756,403,0,-9
232,497,0,-1
367,884,0,-5
381,783,0,-6
627,900,0,-2
206,779,0,-6
160,367,0,-5
123,458,0,-7
156,470,0,-2
390,388,0,-9
243,876,0,-8
683,525,0,-3
146,628,0,-5
846,512,0,-9
469,911,0,-2
187,91,0,-1
34,757,0,-5
403,174,0,-5
793,407,0,-10
318,620,0,-5
238,760,0,-2
121,984,0,-6
381,836,0,-6
229,753,0,-7
882,573,0,-9
572,328,0,-5
835,377,0,-6
360,518,0,-5
452,128,0,-5
767,352,0,-7
216,771,0,-9
669,586,0,-7
246,136,0,-6
779,22,0,-5
810,29,0,-4
540,775,0,-1
269,411,0,-10
389,544,0,-5
466,716,0,-4
533,562,0,-6
479,149,0,-1
816,507,0,-7
54,1000,0,-9
959,1000,0,-4
754,792,0,-6
699,905,0,-6
233,366,0,-8
162,239,0,-5
97,773,0,-5
818,567,0,-6
788,945,0,-10
278,98,0,-2
43,197,0,-3
663,140,0,-3
700,771,0,-3
804,383,0,-10
117,777,0,-5
311,846,0,-3
748,354,0,-2
198,263,0,-1
500,578,0,-5
733,364,0,-10
226,806,0,-10
228,951,0,-2
434,898,0,-3
995,923,0,-1
400,834,0,-9
757,746,0,-5
904,845,0,-3
874,495,0,-2
822,554,0,-3
378,821,0,-10
120,570,0,-5
748,165,0,-10
257,910,0,-3
22,87,0,-7
350,746,0,-6
307,356,0,-7
615,932,0,-4
570,398,0,-2
800,603,0,-5
510,528,0,-4
240,952,0,-5
3,894,0,-7
147,662,0,-9
314,964,0,-2
636,637,0,-8
169,522,0,-6
690,530,0,-10
73,762,0,-5
188,377,0,-8
154,850,0,-6
220,579,0,-8
359,623,0,-1
719,688,0,-6
308,29,0,-1
868,631,0,-5
299,448,0,-6
418,979,0,-1
480,867,0,-7
340,790,0,-2
864,223,0,-2
448,32,0,-1
915,862,0,-3
30,62,0,-2
952,900,0,-4
691,64,0,-4
64,184,0,-3
981,387,0,-4
152,520,0,-3
793,99,0,-1
175,817,0,-6
219,38,0,-6
38,121,0,-2
946,989,0,-5
724,674,0,-9
671,182,0,-10
416,227,0,-9
474,683,0,-7
524,798,0,-7
935,693,0,-1
455,896,0,-4
883,787,0,-3
556,751,0,-8
420,426,0,-6
975,336,0,-4
42,148,0,-6
365,885,0,-2
526,13,0,-8
764,498,0,-5
751,739,0,-10
284,9,0,-2
121,552,0,-8
682,425,0,-4
326,732,0,-3
919,576,0,-4
946,153,0,-8
985,633,0,-9
624,92,0,-2
601,80,0,-1
822,109,0,-8
7,541,0,-10
74,567,0,-4
974,224,0,-7
691,495,0,-8
622,888,0,-6
19,522,0,-8
118,176,0,-6
277,196,0,-9
169,805,0,-9
546,86,0,-1
776,12,0,-9
137,938,0,-9
466,333,0,-4
853,565,0,-1
70,436,0,-7
478,897,0,-10
593,21,0,-8
383,880,0,-8
173,546,0,-3
17,243,0,-9
593,573,0,-9
714,566,0,-4
182,620,0,-6
202,77,0,-4
974,125,0,-8
838,534,0,-1
697,606,0,-6
710,803,0,-5
517,687,0,-10
851,995,0,-7
523,462,0,-3
380,204,0,-4
403,342,0,-5
864,985,0,-7
554,673,0,-10
939,290,0,-5
196,993,0,-4
951,62,0,-9
141,116,0,-5
330,888,0,-5
836,965,0,-8
352,87,0,-3
679,771,0,-4
531,633,0,-3
278,480,0,-2
750,8,0,-10
198,988,0,-3
856,349,0,-5
164,71,0,-4
743,695,0,-8
684,924,0,-1
369,669,0,-4
324,164,0,-8
66,704,0,-3
907,941,0,-9
529,416,0,-9
148,248,0,-4
16,523,0,-10
26,521,0,-7
710,380,0,-7
627,52,0,-8
124,589,0,-5
231,706,0,-4
344,704,0,-9
607,781,0,-8
449,528,0,-8
486,233,0,-2
850,933,0,-7
280,987,0,-9
712,850,0,-8
335,153,0,-1
370,79,0,-1
809,642,0,-2
535,324,0,-1
208,321,0,-7
139,634,0,-9
88,288,0,-3
777,775,0,-9
907,221,0,-9
629,714,0,-1
774,905,0,-2
522,747,0,-1
855,282,0,-1
709,382,0,-1
877,919,0,-4
946,847,0,-7
390,164,0,-10
110,153,0,-8
182,325,0,-9
748,406,0,-3
876,337,0,-4
267,854,0,-5
876,312,0,-5
977,965,0,-6
120,209,0,-1
125,948,0,-9
793,544,0,-5
278,904,0,-6
455,608,0,-7
924,389,0,-6
267,309,0,-1
673,528,0,-9
386,133,0,-8
312,534,0,-8
470,299,0,-4
984,411,0,-7
147,261,0,-5
349,546,0,-5
640,619,0,-5
772,802,0,-5
328,730,0,-5
106,835,0,-7
849,320,0,-2
547,97,0,-8
983,702,0,-5
802,211,0,-6
808,720,0,-4
884,788,0,-10
193,644,0,-6
823,317,0,-2
462,432,0,-5
973,340,0,-8
127,749,0,-2
13,37,0,-1
60,127,0,-4
186,419,0,-10
117,408,0,-5
46,618,0,-4
535,700,0,-5
723,491,0,-9
698,750,0,-6
853,16,0,-9
51,277,0,-1
643,579,0,-10
494,804,0,-3
343,908,0,-7
38,238,0,-5
478,859,0,-1
188,601,0,-10
985,998,0,-9
192,666,0,-6
318,68,0,-10
792,184,0,-5
391,559,0,-7
140,578,0,-9
478,125,0,-8
236,171,0,-1
142,487,0,-7
28,29,0,-9
475,213,0,-3
220,523,0,-7
601,475,0,-2
764,676,0,-9
307,757,0,-1
636,183,0,-3
178,307,0,-2
377,251,0,-2
496,681,0,-5
120,277,0,-3
992,745,0,-2
726,196,0,-1
905,38,0,-6
908,948,0,-4
547,313,0,-3
923,808,0,-2
82,161,0,-3
590,108,0,-6
92,576,0,-4
417,709,0,-1
411,982,0,-8
382,552,0,-4
760,639,0,-3
35,320,0,-8
370,854,0,-2
536,62,0,-10
303,843,0,-5
623,996,0,-4
857,254,0,-4
533,965,0,-9
772,481,0,-10
782,196,0,-10
298,82,0,-8
226,960,0,-7
390,174,0,-1
856,864,0,-9
791,134,0,-3
237,47,0,-7
383,8,0,-9
406,359,0,-9
926,821,0,-10
364,566,0,-8
706,105,0,-7
406,715,0,-9
574,643,0,-6
623,517,0,-3
388,681,0,-4
985,698,0,-5
414,618,0,-7
828,542,0,-4
242,662,0,-3
369,562,0,-2
406,134,0,-9
384,709,0,-4
611,157,0,-6
566,151,0,-3
970,75,0,-4
413,200,0,-4
757,597,0,-4
1000,278,0,-10
50,970,0,-10
680,272,0,-3
848,892,0,-8
742,216,0,-8
306,980,0,-6
288,807,0,-3
1000,582,0,-6
25,541,0,-5
791,347,0,-7
169,12,0,-10
368,676,0,-3
474,232,0,-3
23,172,0,-6
334,432,0,-3
446,799,0,-5
905,326,0,-7
325,903,0,-2
267,622,0,-9
822,528,0,-10
884,877,0,-10
829,339,0,-6
137,294,0,-4
973,646,0,-2
542,688,0,-9
82,418,0,-6
359,336,0,-10
226,771,0,-3
825,129,0,-4
581,218,0,-1
130,108,0,-6
549,718,0,-7
584,202,0,-9
917,750,0,-7
494,389,0,-1
158,531,0,-3
216,324,0,-5
935,39,0,-4
222,92,0,-6
293,717,0,-7
185,632,0,-3
149,92,0,-1
9,638,0,-10
382,537,0,-9
463,955,0,-2
351,222,0,-2
802,135,0,-7
168,5,0,-3
439,593,0,-7
369,540,0,-9
459,821,0,-9
406,690,0,-6
175,956,0,-7
891,493,0,-9
950,844,0,-4
832,210,0,-5
602,557,0,-3
711,63,0,-8
835,135,0,-7
524,132,0,-10
454,816,0,-2
916,434,0,-1
441,324,0,-8
602,365,0,-1
558,678,0,-2
460,874,0,-10
481,116,0,-5
361,668,0,-2
537,512,0,-9
650,803,0,-3
165,860,0,-8
72,376,0,-5
922,30,0,-7
744,845,0,-1
707,692,0,-4
653,326,0,-6
89,897,0,-4
902,318,0,-10
354,368,0,-4
154,11,0,-10
452,116,0,-6
849,804,0,-9
89,539,0,-9
688,544,0,-8
404,500,0,-2
982,594,0,-5
516,756,0,-3
217,29,0,-7
847,429,0,-6
899,618,0,-2
749,743,0,-10
393,768,0,-7
93,591,0,-2
584,876,0,-2
930,729,0,-6
215,4,0,-5
250,693,0,-10
568,108,0,-6
707,874,0,-10
393,482,0,-7
784,408,0,-4
35,317,0,-8
634,46,0,-3
766,181,0,-10
200,903,0,-1
383,477,0,-5
825,900,0,-9
471,647,0,-9
673,995,0,-3
354,529,0,-10
391,235,0,-4
317,550,0,-2
620,307,0,-7
635,706,0,-8
785,930,0,-1
732,226,0,-9
844,270,0,-10
944,879,0,-10
496,708,0,-9
65,450,0,-3
95,999,0,-7
279,715,0,-1
973,995,0,-3
846,425,0,-10
212,975,0,-4
645,438,0,-5
492,879,0,-8
495,989,0,-7
103,236,0,-7
33,877,0,-5
657,123,0,-6
218,120,0,-4
97,412,0,-9
213,712,0,-4
423,230,0,-8
112,484,0,-2
429,396,0,-9
656,498,0,-8
956,636,0,-9
739,806,0,-5
340,178,0,-3
573,755,0,-3
369,868,0,-6
930,42,0,-2
452,997,0,-4
992,396,0,-4
594,490,0,-6
898,488,0,-5
227,706,0,-2
598,728,0,-4
565,27,0,-4
797,66,0,-7
692,121,0,-9
626,544,0,-9
816,162,0,-6
799,948,0,-7
765,126,0,-8
719,337,0,-2
800,976,0,-6
244,575,0,-8
808,103,0,-8
378,284,0,-9
14,41,0,-10
735,195,0,-3
191,844,0,-3
321,332,0,-4
410,713,0,-5
941,196,0,-5
83,955,0,-6
216,381,0,-9
102,401,0,-6
816,155,0,-8
55,891,0,-10
669,230,0,-5
165,879,0,-9
655,392,0,-10
84,680,0,-7
188,73,0,-2
907,956,0,-10
772,544,0,-4
25,620,0,-4
282,801,0,-9
75,239,0,-5
390,673,0,-5
29,946,0,-4
940,328,0,-8
953,500,0,-2
527,856,0,-1
114,546,0,-4
473,721,0,-5
369,202,0,-7
59,577,0,-10
38,179,0,-2
611,58,0,-4
897,35,0,-6
73,965,0,-4
26,333,0,-5
348,77,0,-7
715,304,0,-6
876,384,0,-1
352,951,0,-7
555,448,0,-7
467,142,0,-10
909,935,0,-6
81,27,0,-10
332,466,0,-2
174,378,0,-1
200,475,0,-9
350,221,0,-5
466,311,0,-2
462,34,0,-2
191,632,0,-3
672,257,0,-1
601,149,0,-6
273,769,0,-9
879,636,0,-8
357,10,0,-5
289,45,0,-7
122,594,0,-4
34,235,0,-4
289,949,0,-5
704,591,0,-6
181,242,0,-2
838,556,0,-6
561,577,0,-5
484,929,0,-2
130,551,0,-8
7,776,0,-4
36,477,0,-10
589,498,0,-1
180,973,0,-1
548,179,0,-9
244,403,0,-2
90,239,0,-7
662,199,0,-10
20,552,0,-10
319,627,0,-10
358,433,0,-9
304,162,0,-4
451,873,0,-3
504,339,0,-5
470,769,0,-6
54,209,0,-4
637,918,0,-5
449,41,0,-8
325,37,0,-10
653,798,0,-1
74,818,0,-2
894,76,0,-1
787,21,0,-2
382,128,0,-9
541,933,0,-10
721,998,0,-8
413,332,0,-1
185,184,0,-7
681,915,0,-7
750,621,0,-3
398,152,0,-8
217,774,0,-5
758,694,0,-8
508,199,0,-1
65,860,0,-2
523,356,0,-4
935,849,0,-6
631,35,0,-1
747,610,0,-1
615,535,0,-5
658,644,0,-4
172,570,0,-1
588,769,0,-10
142,744,0,-1
327,545,0,-1
31,905,0,-6
379,306,0,-7
314,104,0,-2
874,768,0,-9
875,155,0,-6
184,492,0,-10
273,191,0,-10
26,854,0,-1
413,852,0,-5
406,253,0,-2
136,308,0,-7
952,274,0,-8
811,795,0,-6
942,249,0,-4
982,892,0,-2
303,145,0,-7
610,835,0,-2
27,791,0,-8
761,372,0,-6
902,238,0,-7
973,568,0,-6
651,414,0,-2
79,845,0,-2
853,346,0,-3
769,88,0,-5
642,829,0,-3
320,391,0,-9
765,650,0,-7
233,848,0,-4
555,601,0,-5
871,117,0,-9
81,48,0,-6
283,237,0,-2
653,981,0,-8
662,718,0,-2
898,392,0,-7
342,383,0,-9
26,391,0,-5
246,483,0,-9
853,410,0,-1
496,482,0,-8
214,38,0,-6
694,618,0,-5
874,919,0,-1
403,903,0,-10
597,705,0,-2
171,961,0,-4
169,924,0,-3
526,675,0,-8
996,901,0,-5
850,769,0,-5
759,728,0,-2
421,572,0,-1
965,104,0,-9
411,295,0,-2
937,481,0,-1
126,715,0,-8
463,941,0,-9
515,38,0,-9
929,221,0,-10
745,977,0,-3
241,670,0,-2
121,624,0,-2
223,733,0,-8
290,884,0,-10
194,660,0,-4
171,492,0,-10
733,118,0,-7
518,356,0,-8
157,622,0,-4
930,363,0,-4
310,392,0,-6
185,589,0,-4
475,615,0,-6
33,655,0,-7
980,325,0,-2
690,433,0,-5
871,467,0,-2
263,772,0,-9
360,907,0,-9
973,404,0,-5
685,763,0,-10
130,823,0,-10
549,13,0,-1
745,494,0,-8
665,207,0,-10
814,706,0,-4
672,848,0,-3
256,445,0,-4
906,677,0,-7
57,560,0,-7
429,616,0,-3
932,200,0,-6
43,42,0,-8
497,749,0,-8
255,394,0,-7
79,737,0,-3
768,553,0,-9
42,529,0,-5
11,571,0,-10
669,214,0,-8
616,983,0,-4
622,206,0,-3
857,445,0,-9
861,650,0,-2
688,466,0,-4
488,390,0,-2
722,842,0,-6
669,801,0,-2
641,922,0,-9
660,384,0,-8
597,197,0,-2
79,367,0,-1
493,60,0,-7
848,762,0,-8
880,608,0,-2
455,363,0,-4
194,985,0,-1
700,107,0,-9
998,397,0,-8
186,977,0,-7
799,626,0,-1
437,87,0,-6
123,990,0,-6
87,273,0,-2
698,328,0,-8
512,618,0,-4
485,63,0,-2
996,962,0,-5
619,516,0,-7
711,749,0,-3
865,254,0,-4
261,355,0,-1
893,91,0,-6
141,808,0,-7
302,91,0,-6
643,707,0,-6
314,867,0,-7
590,883,0,-6
885,695,0,-2
363,42,0,-1
316,809,0,-9
29,133,0,-10
341,954,0,-10
215,88,0,-10
309,808,0,-6
542,75,0,-7
563,210,0,-7
656,492,0,-4
977,364,0,-8
883,640,0,-7
493,635,0,-8
318,295,0,-6
936,673,0,-2
440,494,0,-3
157,572,0,-8
434,835,0,-10
156,423,0,-10
892,199,0,-3
918,938,0,-9
54,766,0,-7
294,123,0,-5
611,12,0,-5
163,501,0,-5
820,250,0,-7
105,318,0,-5
307,328,0,-1
27,507,0,-2
290,396,0,-7
210,710,0,-5
44,450,0,-8
952,855,0,-3
818,722,0,-10
936,462,0,-10
56,938,0,-4
978,148,0,-9
594,198,0,-5
186,63,0,-7
358,352,0,-2
756,603,0,-1
294,82,0,-9
74,617,0,-7
749,858,0,-10
308,849,0,-2
901,619,0,-8
34,940,0,-6
577,499,0,-8
496,745,0,-4
176,406,0,-8
147,292,0,-3
924,226,0,-5
334,292,0,-10
158,664,0,-5
93,566,0,-2
38,65,0,-9
263,56,0,-4
564,626,0,-8
421,303,0,-5
605,788,0,-10
979,635,0,-4
355,772,0,-6
863,850,0,-3
383,312,0,-9
534,854,0,-5
533,231,0,-6
377,604,0,-4
353,71,0,-5
299,892,0,-2
117,217,0,-4
631,23,0,-1
454,436,0,-10
897,664,0,-10
879,285,0,-1
545,314,0,-3
238,647,0,-8
147,700,0,-7
601,890,0,-7
814,841,0,-5
257,307,0,-10
608,737,0,-6
502,262,0,-1
440,388,0,-8
26,795,0,-5
428,148,0,-6
662,158,0,-9
134,824,0,-2
52,908,0,-8
782,261,0,-1
513,166,0,-1
548,938,0,-7
295,95,0,-8
860,521,0,-7
540,774,0,-2
211,555,0,-6
773,286,0,-3
745,587,0,-8
75,623,0,-5
943,252,0,-1
515,704,0,-3
671,876,0,-1
436,615,0,-1
632,447,0,-5
100,196,0,-6
532,185,0,-2
514,711,0,-9
279,181,0,-8
417,409,0,-3
645,970,0,-9
475,482,0,-5
68,158,0,-1
522,124,0,-7
776,218,0,-9
397,90,0,-8
235,364,0,-5
517,849,0,-8
549,851,0,-6
722,189,0,-2
154,740,0,-9
845,417,0,-8
208,963,0,-8
557,311,0,-7
409,787,0,-8
376,167,0,-3
204,263,0,-5
318,909,0,-9
619,659,0,-9
855,987,0,-5
501,719,0,-1
447,191,0,-10
304,229,0,-7
971,888,0,-9
337,58,0,-6
241,997,0,-2
550,973,0,-9
235,375,0,-8
378,444,0,-10
756,760,0,-5
182,380,0,-1
523,958,0,-8
822,900,0,-5
812,460,0,-10
696,229,0,-1
329,900,0,-1
711,14,0,-4
872,502,0,-4
461,791,0,-8
156,658,0,-2
55,828,0,-8
778,790,0,-7
338,85,0,-1
971,250,0,-10
760,851,0,-10
552,503,0,-6
741,238,0,-1
989,474,0,-8
921,616,0,-5
667,44,0,-4
564,155,0,-3
376,7,0,-10
749,588,0,-8
103,581,0,-4
642,735,0,-4
554,62,0,-9
203,356,0,-6
53,866,0,-1
649,265,0,-9
919,509,0,-8
644,500,0,-10
350,615,0,-9
359,104,0,-2
891,65,0,-10
229,351,0,-4
509,571,0,-5
757,86,0,-4
705,839,0,-5
332,649,0,-10
916,992,0,-6
143,897,0,-6
223,815,0,-7
223,127,0,-8
207,454,0,-4
363,14,0,-6
880,866,0,-2
280,967,0,-7
529,488,0,-4
895,413,0,-5
820,842,0,-8
8,265,0,-5
505,165,0,-5
517,203,0,-7
955,928,0,-9
329,987,0,-6
557,877,0,-10
638,658,0,-4
461,658,0,-5
611,771,0,-3
529,495,0,-9
572,753,0,-2
900,468,0,-5
558,469,0,-2
820,821,0,-4
239,868,0,-4
89,796,0,-9
934,589,0,-3
787,404,0,-10
133,110,0,-1
315,191,0,-8
579,578,0,-6
169,287,0,-3
303,518,0,-6
940,652,0,-9
693,245,0,-2
404,920,0,-7
516,88,0,-8
