4,504,0,97
59,559,0,32
81,581,0,45
108,608,0,78
217,717,0,26
232,732,0,47
294,794,0,54
302,802,0,86
396,896,0,74
410,910,0,65
279,423,0,-3
423,444,0,-5
423,13,0,-8
362,444,0,-4
170,279,0,-1
231,444,0,-4
442,170,0,-10
455,231,0,-4
231,398,0,-3
183,423,0,-5
464,170,0,-6
442,130,0,-4
231,281,0,-3
444,271,0,-2
362,72,0,-8
247,271,0,-10
398,397,0,-9
330,442,0,-7
464,372,0,-4
247,173,0,-3
258,442,0,-9
130,276,0,-2
244,271,0,-7
181,183,0,-4
398,66,0,-3
100,173,0,-10
410,398,0,-4
247,254,0,-6
429,247,0,-3
139,397,0,-8
276,427,0,-3
271,313,0,-9
231,323,0,-5
410,114,0,-1
27,231,0,-3
207,429,0,-6
164,139,0,-10
114,167,0,-4
216,231,0,-8
315,207,0,-4
128,181,0,-4
46,410,0,-1
190,254,0,-1
181,9,0,-7
285,398,0,-9
154,173,0,-3
330,438,0,-8
454,27,0,-3
173,24,0,-4
216,268,0,-1
207,40,0,-1
397,324,0,-4
174,427,0,-3
164,381,0,-7
293,315,0,-6
330,74,0,-5
334,324,0,-8
423,368,0,-1
444,222,0,-2
469,173,0,-6
5,173,0,-2
410,327,0,-4
262,293,0,-8
170,76,0,-5
293,445,0,-8
279,321,0,-10
414,271,0,-5
469,8,0,-10
438,318,0,-5
74,36,0,-5
84,334,0,-10
356,262,0,-6
293,208,0,-3
136,469,0,-4
499,167,0,-9
300,330,0,-10
118,170,0,-8
429,217,0,-1
170,448,0,-4
440,262,0,-2
363,13,0,-1
429,206,0,-8
183,391,0,-10
193,118,0,-3
266,427,0,-1
100,272,0,-7
313,437,0,-10
27,15,0,-9
181,483,0,-1
90,139,0,-8
478,271,0,-1
334,389,0,-10
128,374,0,-2
481,324,0,-10
96,128,0,-7
278,231,0,-1
84,88,0,-8
238,247,0,-3
409,410,0,-5
190,212,0,-3
410,133,0,-8
395,84,0,-7
334,420,0,-3
215,217,0,-4
76,331,0,-9
47,445,0,-8
455,404,0,-8
217,296,0,-7
215,166,0,-3
268,325,0,-2
32,139,0,-2
358,420,0,-9
128,392,0,-3
285,116,0,-9
96,353,0,-10
217,117,0,-1
454,140,0,-6
345,173,0,-8
448,12,0,-7
32,55,0,-5
372,151,0,-8
299,454,0,-7
396,27,0,-5
74,35,0,-5
437,62,0,-5
411,469,0,-10
455,284,0,-2
363,303,0,-8
171,284,0,-9
233,215,0,-6
224,389,0,-9
10,47,0,-3
490,12,0,-7
414,422,0,-3
254,377,0,-3
321,351,0,-7
318,473,0,-6
287,389,0,-6
212,17,0,-2
247,486,0,-8
157,481,0,-8
203,324,0,-2
100,471,0,-5
399,374,0,-7
206,333,0,-2
183,308,0,-6
212,176,0,-5
473,126,0,-3
462,278,0,-8
165,224,0,-10
233,33,0,-6
144,442,0,-7
3,36,0,-8
77,398,0,-2
192,13,0,-4
241,62,0,-4
340,133,0,-8
334,255,0,-2
293,485,0,-7
225,321,0,-5
325,463,0,-8
394,284,0,-4
353,492,0,-10
486,14,0,-8
457,133,0,-8
112,167,0,-6
411,204,0,-7
478,297,0,-4
146,9,0,-2
268,322,0,-2
116,350,0,-8
66,307,0,-9
391,406,0,-3
96,344,0,-10
244,120,0,-10
27,347,0,-2
9,75,0,-3
352,116,0,-5
273,74,0,-6
269,368,0,-5
285,339,0,-6
227,455,0,-1
231,337,0,-10
387,483,0,-3
272,92,0,-3
30,327,0,-8
443,84,0,-6
412,444,0,-10
431,33,0,-3
279,311,0,-10
247,405,0,-6
205,323,0,-3
112,375,0,-6
471,416,0,-1
277,62,0,-10
384,208,0,-5
403,324,0,-8
169,74,0,-5
330,43,0,-5
190,328,0,-5
76,291,0,-7
169,80,0,-2
380,325,0,-1
84,106,0,-6
247,484,0,-8
39,277,0,-3
245,231,0,-5
282,448,0,-10
449,321,0,-2
104,300,0,-10
426,268,0,-2
146,219,0,-9
398,202,0,-7
410,251,0,-8
247,298,0,-5
368,4,0,-3
76,68,0,-4
86,356,0,-1
310,271,0,-8
210,96,0,-1
214,231,0,-5
298,82,0,-2
58,362,0,-6
125,483,0,-2
386,414,0,-1
491,82,0,-5
313,138,0,-8
367,171,0,-1
234,351,0,-8
259,58,0,-1
282,134,0,-8
45,416,0,-4
305,440,0,-4
299,78,0,-2
250,427,0,-8
261,308,0,-6
195,269,0,-10
210,390,0,-3
360,377,0,-6
40,265,0,-2
104,301,0,-6
177,112,0,-8
323,482,0,-4
241,152,0,-7
278,400,0,-3
159,457,0,-9
58,221,0,-6
456,387,0,-6
42,456,0,-4
433,146,0,-9
433,446,0,-10
7,313,0,-5
306,43,0,-10
111,130,0,-9
22,231,0,-2
492,189,0,-7
405,239,0,-1
489,82,0,-2
442,226,0,-6
311,228,0,-2
11,399,0,-7
233,461,0,-3
408,171,0,-6
212,338,0,-2
357,360,0,-5
350,102,0,-2
304,457,0,-5
281,417,0,-7
418,151,0,-7
318,436,0,-4
425,212,0,-6
401,304,0,-3
83,174,0,-5
143,455,0,-6
420,44,0,-9
220,285,0,-5
436,26,0,-7
307,97,0,-7
157,194,0,-10
21,66,0,-2
68,124,0,-10
475,259,0,-10
381,188,0,-9
150,372,0,-1
356,252,0,-1
271,54,0,-1
275,14,0,-4
25,427,0,-1
354,144,0,-8
70,427,0,-7
425,430,0,-6
268,191,0,-7
480,169,0,-1
34,420,0,-8
172,150,0,-10
288,307,0,-3
106,148,0,-2
338,237,0,-3
42,235,0,-4
459,457,0,-10
112,294,0,-2
200,33,0,-10
186,152,0,-3
311,336,0,-7
366,354,0,-6
364,276,0,-6
463,493,0,-3
1,47,0,-1
175,11,0,-3
272,320,0,-4
424,251,0,-9
384,56,0,-1
188,149,0,-8
85,397,0,-10
104,385,0,-3
481,213,0,-1
417,2,0,-3
62,467,0,-7
153,3,0,-9
69,423,0,-7
280,255,0,-2
98,8,0,-8
239,349,0,-5
253,212,0,-3
121,420,0,-2
166,142,0,-9
4,302,0,-1
44,187,0,-4
306,343,0,-10
53,411,0,-7
264,301,0,-9
49,478,0,-2
500,12,0,-3
461,63,0,-7
378,174,0,-9
31,130,0,-2
51,455,0,-2
249,484,0,-9
44,472,0,-9
107,164,0,-6
139,61,0,-10
500,196,0,-8
93,249,0,-10
340,19,0,-9
178,381,0,-3
168,275,0,-9
376,118,0,-7
33,230,0,-3
20,416,0,-6
178,346,0,-2
203,257,0,-7
288,371,0,-9
319,500,0,-9
488,367,0,-4
469,452,0,-6
42,317,0,-7
466,153,0,-10
471,447,0,-1
246,196,0,-10
240,98,0,-9
278,407,0,-3
181,270,0,-3
312,187,0,-4
108,423,0,-10
323,182,0,-9
204,89,0,-7
262,498,0,-5
148,450,0,-9
41,90,0,-7
123,107,0,-3
209,287,0,-6
315,474,0,-8
286,350,0,-2
78,48,0,-4
329,333,0,-7
309,390,0,-7
115,139,0,-3
379,117,0,-7
198,411,0,-10
27,432,0,-5
192,428,0,-2
52,215,0,-6
475,119,0,-8
159,267,0,-10
312,218,0,-5
211,100,0,-6
376,103,0,-4
80,94,0,-4
181,199,0,-1
373,273,0,-5
441,159,0,-8
16,178,0,-1
165,341,0,-1
139,129,0,-5
131,195,0,-8
79,251,0,-9
14,295,0,-3
368,342,0,-5
93,256,0,-9
220,141,0,-8
423,185,0,-8
362,419,0,-9
223,27,0,-3
173,451,0,-9
161,318,0,-2
265,156,0,-1
308,64,0,-6
135,181,0,-5
441,105,0,-8
393,394,0,-8
22,477,0,-8
72,122,0,-9
484,160,0,-7
283,119,0,-6
99,27,0,-5
456,413,0,-4
468,85,0,-7
99,87,0,-4
174,127,0,-6
401,28,0,-7
95,405,0,-10
367,67,0,-2
446,60,0,-3
65,398,0,-4
497,341,0,-2
479,364,0,-6
454,243,0,-4
382,150,0,-4
361,441,0,-6
416,232,0,-4
469,57,0,-5
307,109,0,-4
340,496,0,-9
308,415,0,-6
242,216,0,-5
211,163,0,-6
85,355,0,-4
458,393,0,-2
314,165,0,-6
455,465,0,-5
301,18,0,-6
326,475,0,-8
71,77,0,-5
173,197,0,-1
141,274,0,-3
300,434,0,-7
23,360,0,-4
335,144,0,-5
421,319,0,-2
262,402,0,-1
330,487,0,-7
135,495,0,-6
292,322,0,-2
212,158,0,-4
321,29,0,-8
25,453,0,-7
112,435,0,-9
113,422,0,-10
260,135,0,-8
332,14,0,-9
13,147,0,-7
248,319,0,-6
55,348,0,-5
137,283,0,-3
460,68,0,-3
87,145,0,-5
484,81,0,-7
452,470,0,-6
38,127,0,-10
316,22,0,-7
180,498,0,-1
28,37,0,-4
132,465,0,-3
73,299,0,-10
383,272,0,-9
6,421,0,-8
184,320,0,-2
179,280,0,-6
119,263,0,-9
370,416,0,-1
476,372,0,-6
170,59,0,-3
201,385,0,-7
290,218,0,-8
229,310,0,-2
91,232,0,-1
474,439,0,-2
124,359,0,-4
484,110,0,-7
87,101,0,-7
453,50,0,-4
419,494,0,-1
51,289,0,-5
388,203,0,-3
162,318,0,-4
225,155,0,-9
393,236,0,-10
369,249,0,-6
365,383,0,-8
308,90,0,-9
417,178,0,-1
156,140,0,-3
357,131,0,-7
81,389,0,-3
89,490,0,-3
488,363,0,-4
264,418,0,-3
365,408,0,-10
39,71,0,-1
243,487,0,-5
420,311,0,-7
102,329,0,-8
229,372,0,-9
497,80,0,-10
456,155,0,-7
424,135,0,-5
315,355,0,-5
384,326,0,-8
28,58,0,-6
7,197,0,-2
177,423,0,-6
375,401,0,-8
180,311,0,-3
161,78,0,-3
192,337,0,-9
396,254,0,-8
298,365,0,-2
484,456,0,-6
150,455,0,-10
399,123,0,-4
295,163,0,-1
195,258,0,-7
429,231,0,-6
464,67,0,-9
163,279,0,-3
305,417,0,-7
456,251,0,-8
336,326,0,-1
156,328,0,-6
98,167,0,-1
136,287,0,-6
106,19,0,-1
387,114,0,-10
365,419,0,-6
500,352,0,-5
113,424,0,-4
125,333,0,-1
40,424,0,-1
433,337,0,-1
460,404,0,-10
154,26,0,-1
325,255,0,-2
113,380,0,-1
325,456,0,-6
79,373,0,-4
132,488,0,-7
111,49,0,-6
465,400,0,-9
405,1,0,-2
276,174,0,-2
426,252,0,-3
126,55,0,-3
190,348,0,-3
60,498,0,-9
244,306,0,-8
368,337,0,-1
372,9,0,-9
185,61,0,-9
163,22,0,-2
471,466,0,-7
482,495,0,-1
172,477,0,-1
66,328,0,-8
429,173,0,-8
437,356,0,-10
257,34,0,-5
298,97,0,-2
99,242,0,-8
206,236,0,-4
395,182,0,-8
98,388,0,-10
146,350,0,-3
377,84,0,-9
278,71,0,-9
334,78,0,-10
194,299,0,-6
437,232,0,-8
2,170,0,-10
26,296,0,-1
409,415,0,-4
290,163,0,-1
6,49,0,-2
123,74,0,-3
212,368,0,-6
454,30,0,-9
118,300,0,-9
124,215,0,-10
91,321,0,-5
123,192,0,-5
256,86,0,-1
99,24,0,-1
39,82,0,-7
455,208,0,-7
120,360,0,-4
129,282,0,-4
232,156,0,-3
52,311,0,-1
435,455,0,-2
91,234,0,-10
314,415,0,-2
421,461,0,-1
56,208,0,-2
421,46,0,-8
260,196,0,-6
197,138,0,-2
478,488,0,-3
446,176,0,-2
47,14,0,-9
91,157,0,-2
137,470,0,-9
95,267,0,-7
435,156,0,-5
151,166,0,-5
394,371,0,-2
107,381,0,-2
473,54,0,-6
388,122,0,-2
417,136,0,-7
83,267,0,-6
115,262,0,-5
132,278,0,-1
441,28,0,-6
9,229,0,-2
492,220,0,-6
380,83,0,-10
352,176,0,-9
320,205,0,-9
320,387,0,-8
186,277,0,-1
313,392,0,-5
161,352,0,-10
481,121,0,-9
399,48,0,-5
103,234,0,-4
179,403,0,-3
103,369,0,-9
339,199,0,-3
198,273,0,-5
145,443,0,-8
298,30,0,-7
301,246,0,-8
153,331,0,-10
346,161,0,-2
231,344,0,-3
336,29,0,-8
21,262,0,-7
390,330,0,-6
380,199,0,-7
2,156,0,-3
104,124,0,-6
143,385,0,-10
358,473,0,-4
187,431,0,-4
279,160,0,-9
63,359,0,-10
216,414,0,-4
26,366,0,-5
301,421,0,-6
94,478,0,-6
298,124,0,-2
404,13,0,-6
28,174,0,-7
262,100,0,-1
461,198,0,-10
420,338,0,-5
451,59,0,-8
454,224,0,-7
497,273,0,-7
375,106,0,-1
25,103,0,-9
234,238,0,-8
303,340,0,-8
176,188,0,-4
411,380,0,-2
382,380,0,-8
60,335,0,-8
311,403,0,-1
115,129,0,-9
346,254,0,-2
415,494,0,-6
268,332,0,-5
91,318,0,-5
182,291,0,-3
249,434,0,-10
145,424,0,-3
185,282,0,-1
391,129,0,-5
88,245,0,-2
97,340,0,-2
124,71,0,-5
243,348,0,-6
470,369,0,-3
439,331,0,-9
80,345,0,-10
117,176,0,-2
255,489,0,-10
358,130,0,-7
154,125,0,-7
68,139,0,-5
136,15,0,-6
385,257,0,-7
253,183,0,-8
239,116,0,-2
207,1,0,-4
499,63,0,-9
253,58,0,-6
344,466,0,-10
143,320,0,-9
406,88,0,-1
437,214,0,-9
367,277,0,-3
67,394,0,-7
468,293,0,-3
47,321,0,-7
285,496,0,-5
411,458,0,-5
147,382,0,-5
291,314,0,-10
392,339,0,-1
342,177,0,-7
287,108,0,-6
8,316,0,-8
399,16,0,-8
422,74,0,-2
151,201,0,-5
316,212,0,-5
160,265,0,-9
169,408,0,-5
243,396,0,-2
210,18,0,-3
57,486,0,-9
348,230,0,-5
425,348,0,-7
295,22,0,-10
446,309,0,-9
268,24,0,-7
499,325,0,-4
358,160,0,-8
288,380,0,-4
461,212,0,-2
254,251,0,-5
449,470,0,-10
132,332,0,-2
47,366,0,-10
258,387,0,-4
366,500,0,-5
69,178,0,-10
268,145,0,-10
136,28,0,-8
107,64,0,-10
306,60,0,-9
297,135,0,-10
278,19,0,-8
377,126,0,-8
54,283,0,-1
104,8,0,-1
7,174,0,-3
245,5,0,-10
33,347,0,-9
500,63,0,-3
485,206,0,-1
239,381,0,-2
157,131,0,-2
233,110,0,-10
37,229,0,-9
458,456,0,-6
455,44,0,-9
376,421,0,-8
225,170,0,-6
164,22,0,-7
198,310,0,-5
437,305,0,-8
234,300,0,-8
158,449,0,-4
59,154,0,-10
5,180,0,-10
252,28,0,-5
68,499,0,-4
429,115,0,-1
48,337,0,-10
306,361,0,-5
76,169,0,-10
480,82,0,-5
101,84,0,-2
493,178,0,-10
406,400,0,-9
167,137,0,-1
388,71,0,-5
318,402,0,-3
32,124,0,-1
6,16,0,-10
321,217,0,-2
302,34,0,-3
229,5,0,-8
485,222,0,-4
198,56,0,-8
16,167,0,-2
325,304,0,-1
115,208,0,-8
405,237,0,-9
464,250,0,-4
134,147,0,-1
474,441,0,-8
284,410,0,-9
421,489,0,-4
132,334,0,-5
285,305,0,-2
322,349,0,-2
53,74,0,-2
283,147,0,-3
408,55,0,-2
346,278,0,-5
220,31,0,-1
296,331,0,-1
118,213,0,-10
172,356,0,-5
365,69,0,-9
275,441,0,-4
348,414,0,-7
209,331,0,-2
373,129,0,-9
44,207,0,-6
351,487,0,-3
84,126,0,-8
162,124,0,-5
280,207,0,-9
173,181,0,-2
46,135,0,-1
385,371,0,-5
316,497,0,-8
250,214,0,-3
43,203,0,-1
181,368,0,-3
40,296,0,-8
326,340,0,-5
88,49,0,-9
204,37,0,-9
146,440,0,-5
56,473,0,-6
221,421,0,-3
495,396,0,-1
137,75,0,-3
162,62,0,-6
275,343,0,-10
390,115,0,-8
309,2,0,-8
155,65,0,-2
163,400,0,-3
199,63,0,-4
235,409,0,-2
218,167,0,-5
344,120,0,-8
294,195,0,-2
344,313,0,-6
3,430,0,-9
486,45,0,-10
91,8,0,-3
400,438,0,-10
421,145,0,-5
445,332,0,-9
331,280,0,-2
452,60,0,-4
428,443,0,-1
132,320,0,-2
61,46,0,-9
66,57,0,-7
335,40,0,-8
32,189,0,-5
130,263,0,-5
270,309,0,-6
406,84,0,-5
139,446,0,-9
249,79,0,-8
224,55,0,-6
347,306,0,-1
2,63,0,-2
335,156,0,-2
85,414,0,-4
162,404,0,-4
422,440,0,-5
146,307,0,-5
495,249,0,-1
420,215,0,-3
326,153,0,-9
122,38,0,-6
129,197,0,-8
13,122,0,-1
94,398,0,-8
314,143,0,-6
385,106,0,-2
458,355,0,-6
273,98,0,-1
136,101,0,-6
305,449,0,-3
260,259,0,-7
5,348,0,-3
159,484,0,-8
235,381,0,-10
174,320,0,-1
243,8,0,-10
480,216,0,-7
405,425,0,-1
133,239,0,-1
351,101,0,-7
273,256,0,-7
140,69,0,-4
410,289,0,-4
163,435,0,-5
118,459,0,-5
197,466,0,-1
302,71,0,-7
466,45,0,-9
271,499,0,-3
436,98,0,-2
304,397,0,-5
485,195,0,-3
121,215,0,-8
107,190,0,-9
289,413,0,-5
223,108,0,-4
267,186,0,-6
265,136,0,-8
424,485,0,-3
360,172,0,-2
69,108,0,-4
150,240,0,-10
252,92,0,-2
343,214,0,-5
144,399,0,-4
152,109,0,-5
2,177,0,-4
282,206,0,-7
65,323,0,-7
260,10,0,-6
57,472,0,-7
358,480,0,-5
114,68,0,-1
86,104,0,-5
301,36,0,-8
165,20,0,-9
356,141,0,-7
195,461,0,-9
312,479,0,-9
463,123,0,-4
229,39,0,-4
139,170,0,-5
271,21,0,-2
126,264,0,-10
324,422,0,-8
330,180,0,-5
120,23,0,-1
77,99,0,-6
447,401,0,-1
319,254,0,-6
160,420,0,-5
94,208,0,-4
263,198,0,-1
313,158,0,-4
181,86,0,-5
31,327,0,-9
147,244,0,-2
69,464,0,-5
10,497,0,-2
262,351,0,-6
248,43,0,-6
282,436,0,-3
69,324,0,-2
25,47,0,-5
67,272,0,-6
50,172,0,-5
98,208,0,-10
367,334,0,-8
207,443,0,-5
171,197,0,-7
37,172,0,-5
218,318,0,-2
38,70,0,-8
231,110,0,-8
278,4,0,-9
340,374,0,-5
291,27,0,-9
381,4,0,-3
352,144,0,-10
5,117,0,-5
30,163,0,-10
442,412,0,-10
101,430,0,-4
211,66,0,-5
309,206,0,-10
31,20,0,-7
122,26,0,-7
347,212,0,-7
284,271,0,-1
245,140,0,-9
125,94,0,-6
448,203,0,-1
36,23,0,-5
269,468,0,-5
343,486,0,-6
158,175,0,-10
287,48,0,-2
276,48,0,-4
399,145,0,-1
175,340,0,-6
6,28,0,-9
274,494,0,-10
111,170,0,-7
416,453,0,-8
207,65,0,-7
239,18,0,-5
202,443,0,-7
482,99,0,-3
215,14,0,-2
192,248,0,-9
469,354,0,-5
72,365,0,-7
160,402,0,-9
68,459,0,-2
237,264,0,-2
394,372,0,-10
206,68,0,-6
88,400,0,-3
176,420,0,-7
280,161,0,-8
464,402,0,-8
379,467,0,-4
389,269,0,-10
456,195,0,-1
90,302,0,-4
301,342,0,-4
95,452,0,-4
444,306,0,-4
13,53,0,-7
343,349,0,-4
368,159,0,-7
431,34,0,-8
473,125,0,-10
396,131,0,-2
446,301,0,-4
200,344,0,-10
253,474,0,-2
54,475,0,-3
59,4,0,-10
471,338,0,-6
367,63,0,-8
484,16,0,-3
14,114,0,-7
365,172,0,-4
138,356,0,-3
204,378,0,-10
418,213,0,-5
390,424,0,-8
111,433,0,-2
398,330,0,-5
176,351,0,-2
382,496,0,-3
232,462,0,-6
417,100,0,-5
254,320,0,-10
239,102,0,-9
225,230,0,-9
372,246,0,-2
302,241,0,-10
337,393,0,-1
342,116,0,-8
102,402,0,-9
272,81,0,-3
468,414,0,-3
193,189,0,-2
125,135,0,-10
282,201,0,-3
220,6,0,-8
316,354,0,-7
304,198,0,-10
163,361,0,-1
442,390,0,-2
272,135,0,-5
336,440,0,-4
380,11,0,-8
396,482,0,-1
300,211,0,-4
212,377,0,-7
73,14,0,-1
52,243,0,-6
136,163,0,-7
467,105,0,-4
200,421,0,-1
475,266,0,-4
73,145,0,-7
361,475,0,-4
170,435,0,-2
419,21,0,-10
320,278,0,-10
113,245,0,-9
153,175,0,-9
19,182,0,-2
149,247,0,-7
74,194,0,-3
295,63,0,-7
494,228,0,-4
473,263,0,-4
254,232,0,-9
202,253,0,-1
362,328,0,-9
277,28,0,-7
174,187,0,-6
248,204,0,-1
191,200,0,-5
243,264,0,-7
158,137,0,-9
385,71,0,-10
224,267,0,-10
170,323,0,-4
138,185,0,-9
92,278,0,-9
132,87,0,-3
238,315,0,-8
23,121,0,-10
145,321,0,-10
234,225,0,-7
375,158,0,-10
499,93,0,-8
85,281,0,-5
86,228,0,-10
474,392,0,-2
389,222,0,-3
301,192,0,-1
500,67,0,-7
9,273,0,-1
20,464,0,-6
309,148,0,-6
180,373,0,-10
465,461,0,-2
376,269,0,-10
204,281,0,-4
468,193,0,-10
269,428,0,-8
469,435,0,-3
395,3,0,-6
139,296,0,-1
192,436,0,-5
337,157,0,-2
24,194,0,-9
402,180,0,-4
120,97,0,-3
132,119,0,-10
350,274,0,-1
434,96,0,-8
70,485,0,-6
169,99,0,-8
422,28,0,-4
94,491,0,-5
318,217,0,-2
165,235,0,-4
416,133,0,-6
468,223,0,-9
225,216,0,-8
201,102,0,-9
188,112,0,-8
270,65,0,-6
14,288,0,-7
118,166,0,-6
203,247,0,-4
208,413,0,-8
106,318,0,-9
12,429,0,-3
29,257,0,-2
68,489,0,-1
311,426,0,-5
100,54,0,-5
183,318,0,-10
47,220,0,-1
347,333,0,-3
205,174,0,-10
196,312,0,-1
243,367,0,-2
220,441,0,-7
454,53,0,-1
313,194,0,-4
492,335,0,-1
441,449,0,-2
145,192,0,-1
273,66,0,-8
151,72,0,-2
26,293,0,-2
297,154,0,-2
50,476,0,-7
476,116,0,-9
407,132,0,-10
38,499,0,-5
273,169,0,-8
335,53,0,-5
374,176,0,-3
138,20,0,-9
286,407,0,-7
198,449,0,-4
83,181,0,-2
161,140,0,-7
275,420,0,-6
451,418,0,-10
60,115,0,-8
46,227,0,-5
105,80,0,-10
91,188,0,-8
42,343,0,-6
92,359,0,-5
230,397,0,-2
169,491,0,-2
266,134,0,-9
358,3,0,-10
333,210,0,-10
266,32,0,-6
23,336,0,-1
99,245,0,-8
208,442,0,-4
289,240,0,-2
356,69,0,-5
248,173,0,-4
6,285,0,-2
273,466,0,-2
266,378,0,-10
327,98,0,-5
273,430,0,-5
458,158,0,-4
205,125,0,-3
441,281,0,-10
30,225,0,-9
154,316,0,-8
361,247,0,-7
332,477,0,-1
496,350,0,-6
488,289,0,-1
383,6,0,-8
198,34,0,-6
1,355,0,-4
171,71,0,-10
280,154,0,-7
69,123,0,-2
405,430,0,-8
167,50,0,-9
336,75,0,-8
419,280,0,-7
413,315,0,-9
285,374,0,-7
431,428,0,-3
480,365,0,-7
94,299,0,-1
76,54,0,-8
70,374,0,-9
7,494,0,-6
483,234,0,-1
240,1,0,-2
362,128,0,-7
141,322,0,-7
174,304,0,-6
407,108,0,-3
398,37,0,-3
189,228,0,-6
477,81,0,-8
487,449,0,-6
482,456,0,-7
302,244,0,-6
106,498,0,-7
179,143,0,-2
6,442,0,-1
316,110,0,-8
443,101,0,-6
153,470,0,-2
197,120,0,-5
350,383,0,-8
160,98,0,-6
239,235,0,-2
476,234,0,-3
167,390,0,-1
114,265,0,-8
279,484,0,-2
225,192,0,-7
421,82,0,-5
201,497,0,-3
8,87,0,-10
210,276,0,-1
217,258,0,-9
370,262,0,-7
125,138,0,-8
10,410,0,-5
179,400,0,-10
354,308,0,-9
493,366,0,-3
240,19,0,-7
457,181,0,-10
121,213,0,-5
484,486,0,-2
138,347,0,-6
133,74,0,-10
188,355,0,-1
320,133,0,-8
328,316,0,-1
426,397,0,-8
263,24,0,-8
154,235,0,-10
454,457,0,-3
248,328,0,-9
492,24,0,-1
227,249,0,-7
419,267,0,-8
341,344,0,-1
416,58,0,-2
483,340,0,-1
169,79,0,-7
112,159,0,-7
483,453,0,-8
293,108,0,-7
44,349,0,-8
459,272,0,-3
87,167,0,-3
237,308,0,-8
176,177,0,-9
418,82,0,-2
318,171,0,-7
13,307,0,-2
92,263,0,-6
86,116,0,-2
82,23,0,-2
418,50,0,-2
17,324,0,-6
140,22,0,-2
167,475,0,-2
270,485,0,-10
488,217,0,-9
83,257,0,-1
47,166,0,-9
142,322,0,-6
474,238,0,-8
434,68,0,-7
267,101,0,-10
239,419,0,-5
290,181,0,-6
93,277,0,-7
327,213,0,-3
170,380,0,-1
139,37,0,-10
5,98,0,-7
401,49,0,-5
298,221,0,-5
434,67,0,-1
280,474,0,-7
9,276,0,-5
300,336,0,-9
447,306,0,-6
486,434,0,-7
23,293,0,-10
137,473,0,-9
484,193,0,-6
375,11,0,-1
459,284,0,-6
436,373,0,-4
159,55,0,-1
194,140,0,-5
384,71,0,-3
437,491,0,-9
78,474,0,-4
500,370,0,-7
439,135,0,-10
391,487,0,-2
75,197,0,-9
63,320,0,-10
447,419,0,-1
218,55,0,-5
481,301,0,-5
395,488,0,-2
496,380,0,-3
215,226,0,-7
334,276,0,-7
7,360,0,-2
112,207,0,-3
253,410,0,-4
185,252,0,-7
451,409,0,-10
195,496,0,-8
192,2,0,-8
117,374,0,-5
409,344,0,-1
341,319,0,-3
104,263,0,-10
263,247,0,-2
85,488,0,-4
434,34,0,-1
22,247,0,-7
19,241,0,-5
254,149,0,-2
291,461,0,-7
160,390,0,-6
262,182,0,-1
374,40,0,-5
144,257,0,-10
48,264,0,-5
243,48,0,-3
357,44,0,-4
373,453,0,-9
203,323,0,-2
71,210,0,-3
458,172,0,-2
166,232,0,-3
343,388,0,-10
23,61,0,-8
18,137,0,-5
166,159,0,-9
231,447,0,-3
19,227,0,-3
283,213,0,-6
500,6,0,-2
117,442,0,-3
280,489,0,-1
225,274,0,-2
237,156,0,-6
442,26,0,-6
186,453,0,-2
88,95,0,-3
243,439,0,-6
384,443,0,-4
307,154,0,-6
65,244,0,-2
356,76,0,-5
324,145,0,-2
440,480,0,-9
454,162,0,-6
120,131,0,-4
131,319,0,-10
58,152,0,-7
148,76,0,-1
35,77,0,-1
412,88,0,-6
14,155,0,-5
286,177,0,-10
403,472,0,-9
113,297,0,-6
6,361,0,-7
386,65,0,-6
146,282,0,-8
117,486,0,-2
76,320,0,-2
434,350,0,-9
51,236,0,-1
50,294,0,-10
335,46,0,-3
192,191,0,-7
347,62,0,-5
325,394,0,-8
52,210,0,-2
71,327,0,-5
275,121,0,-5
239,37,0,-3
92,184,0,-10
245,461,0,-1
146,149,0,-1
147,219,0,-3
207,370,0,-8
80,74,0,-10
290,418,0,-4
37,117,0,-5
111,68,0,-6
256,50,0,-1
471,152,0,-7
467,469,0,-9
254,128,0,-10
167,136,0,-2
390,290,0,-9
460,180,0,-4
378,198,0,-6
465,194,0,-5
457,93,0,-9
158,380,0,-7
268,497,0,-3
463,101,0,-7
29,487,0,-4
5,251,0,-1
231,153,0,-9
169,387,0,-10
292,373,0,-5
59,215,0,-5
103,217,0,-1
35,301,0,-5
128,346,0,-9
446,216,0,-3
408,172,0,-1
301,154,0,-3
490,375,0,-1
190,89,0,-7
323,402,0,-5
129,314,0,-10
30,493,0,-6
399,459,0,-5
128,135,0,-6
465,147,0,-3
155,447,0,-1
376,327,0,-4
214,7,0,-5
238,147,0,-5
133,262,0,-4
472,252,0,-5
139,234,0,-6
83,271,0,-6
316,202,0,-9
207,371,0,-2
382,218,0,-8
405,87,0,-2
159,29,0,-1
294,391,0,-7
217,228,0,-3
219,325,0,-10
219,233,0,-10
12,117,0,-5
139,78,0,-3
336,217,0,-8
495,367,0,-5
38,497,0,-8
219,37,0,-5
395,130,0,-3
170,335,0,-6
451,267,0,-10
104,277,0,-6
427,398,0,-8
47,296,0,-7
284,151,0,-9
428,352,0,-5
446,102,0,-2
78,371,0,-10
403,169,0,-10
307,357,0,-1
276,458,0,-10
487,213,0,-3
206,475,0,-6
48,263,0,-3
107,471,0,-9
313,228,0,-5
364,354,0,-1
476,399,0,-7
40,201,0,-10
64,282,0,-5
201,367,0,-1
354,404,0,-8
209,142,0,-7
494,421,0,-5
121,443,0,-2
122,275,0,-4
195,216,0,-9
216,455,0,-1
185,172,0,-6
328,382,0,-10
73,274,0,-6
398,124,0,-1
29,139,0,-3
380,152,0,-1
285,58,0,-2
409,62,0,-5
443,217,0,-4
319,292,0,-9
47,133,0,-8
115,209,0,-2
344,416,0,-8
462,234,0,-9
242,128,0,-9
274,469,0,-9
478,52,0,-5
35,397,0,-2
227,97,0,-2
449,208,0,-6
339,387,0,-5
277,159,0,-3
198,118,0,-5
258,265,0,-2
410,29,0,-7
376,68,0,-6
341,235,0,-8
66,45,0,-10
234,469,0,-2
346,147,0,-4
374,162,0,-6
40,492,0,-9
67,409,0,-8
9,61,0,-1
297,342,0,-1
282,319,0,-4
481,222,0,-7
117,293,0,-7
134,349,0,-4
374,485,0,-7
435,29,0,-1
181,271,0,-6
355,206,0,-4
299,179,0,-2
54,419,0,-3
118,102,0,-9
438,42,0,-9
192,155,0,-9
380,250,0,-2
389,127,0,-7
420,469,0,-9
24,371,0,-9
357,442,0,-1
232,35,0,-10
337,479,0,-8
440,261,0,-5
458,493,0,-2
90,281,0,-7
390,183,0,-3
94,407,0,-2
7,126,0,-6
83,100,0,-3
161,96,0,-10
55,89,0,-9
44,143,0,-9
432,268,0,-6
65,231,0,-10
150,122,0,-5
481,4,0,-7
6,341,0,-6
83,170,0,-10
272,329,0,-4
29,261,0,-5
172,425,0,-8
129,145,0,-10
498,310,0,-2
391,27,0,-5
374,446,0,-3
371,437,0,-8
7,398,0,-5
392,136,0,-7
383,494,0,-1
423,25,0,-6
344,147,0,-4
3,288,0,-8
192,132,0,-4
285,173,0,-1
441,471,0,-9
72,45,0,-8
341,63,0,-10
400,280,0,-7
18,121,0,-7
18,29,0,-3
277,483,0,-5
354,365,0,-1
149,81,0,-5
286,240,0,-10
71,304,0,-6
426,199,0,-4
258,330,0,-6
117,305,0,-3
112,454,0,-2
19,70,0,-9
110,263,0,-6
144,195,0,-6
428,268,0,-7
420,479,0,-2
494,156,0,-8
279,32,0,-1
491,418,0,-4
35,345,0,-7
258,445,0,-1
266,395,0,-4
305,447,0,-2
230,289,0,-5
347,90,0,-5
11,370,0,-3
471,286,0,-10
411,194,0,-2
377,52,0,-4
470,91,0,-5
72,261,0,-2
84,172,0,-7
55,252,0,-6
253,391,0,-7
298,1,0,-2
182,405,0,-6
84,99,0,-10
26,330,0,-3
212,172,0,-8
468,147,0,-10
430,27,0,-9
473,294,0,-1
500,25,0,-7
334,344,0,-3
402,484,0,-8
498,321,0,-1
257,208,0,-10
388,254,0,-7
82,167,0,-5
223,94,0,-3
117,304,0,-1
331,308,0,-9
10,94,0,-7
237,224,0,-9
76,364,0,-8
91,455,0,-8
154,179,0,-6
291,119,0,-1
171,138,0,-2
356,380,0,-2
114,401,0,-2
234,309,0,-5
372,31,0,-9
31,303,0,-9
82,378,0,-5
491,447,0,-3
423,385,0,-8
120,355,0,-2
124,280,0,-10
213,95,0,-4
311,433,0,-6
139,95,0,-6
12,98,0,-7
84,454,0,-8
184,7,0,-3
387,317,0,-10
284,421,0,-8
118,63,0,-6
116,351,0,-7
291,343,0,-9
402,223,0,-2
385,60,0,-2
6,61,0,-7
233,161,0,-3
250,443,0,-7
435,321,0,-9
158,352,0,-6
234,344,0,-10
97,429,0,-10
191,432,0,-2
489,461,0,-5
468,3,0,-8
262,31,0,-5
196,203,0,-3
132,209,0,-3
229,345,0,-6
177,345,0,-9
316,419,0,-10
43,71,0,-4
150,266,0,-2
451,309,0,-3
434,212,0,-4
202,212,0,-5
135,384,0,-8
236,189,0,-8
259,339,0,-6
35,2,0,-8
154,493,0,-5
150,8,0,-5
349,426,0,-6
190,187,0,-1
295,236,0,-9
444,360,0,-3
295,327,0,-6
463,379,0,-1
392,421,0,-4
78,463,0,-9
52,43,0,-5
319,191,0,-10
168,95,0,-3
176,452,0,-5
147,451,0,-9
495,252,0,-6
425,217,0,-2
219,493,0,-8
328,87,0,-2
299,66,0,-1
414,97,0,-7
327,219,0,-3
318,89,0,-8
129,467,0,-9
82,369,0,-6
184,80,0,-10
296,156,0,-7
121,354,0,-3
329,2,0,-3
63,301,0,-3
171,184,0,-2
122,80,0,-1
63,343,0,-1
450,371,0,-1
397,74,0,-4
412,107,0,-7
374,210,0,-4
136,189,0,-5
30,10,0,-5
364,197,0,-6
101,173,0,-8
64,275,0,-5
100,238,0,-9
196,49,0,-2
131,414,0,-10
428,211,0,-3
66,395,0,-2
359,59,0,-8
54,250,0,-8
461,138,0,-10
35,231,0,-9
436,236,0,-8
166,307,0,-9
296,138,0,-1
183,194,0,-4
39,135,0,-5
74,300,0,-8
300,286,0,-1
466,303,0,-1
469,427,0,-5
132,74,0,-4
342,101,0,-9
336,390,0,-10
172,124,0,-4
342,374,0,-1
220,233,0,-4
72,51,0,-3
96,426,0,-2
47,49,0,-1
489,482,0,-1
84,283,0,-10
104,268,0,-4
424,68,0,-10
138,467,0,-3
184,477,0,-9
272,116,0,-2
420,138,0,-5
396,468,0,-2
247,258,0,-4
158,373,0,-2
141,100,0,-9
90,77,0,-8
220,158,0,-6
418,246,0,-7
294,205,0,-3
186,352,0,-5
431,77,0,-5
272,180,0,-6
441,67,0,-7
497,115,0,-8
481,384,0,-9
53,314,0,-2
148,186,0,-2
461,119,0,-9
138,384,0,-5
464,497,0,-6
441,185,0,-7
402,379,0,-2
488,482,0,-4
344,214,0,-7
42,141,0,-5
456,378,0,-5
200,158,0,-9
112,406,0,-1
1,191,0,-8
240,112,0,-4
35,288,0,-2
468,202,0,-1
382,168,0,-8
284,327,0,-5
350,232,0,-6
148,255,0,-7
3,155,0,-3
2,459,0,-10
301,237,0,-9
235,200,0,-6
269,135,0,-4
240,53,0,-6
384,154,0,-2
290,134,0,-8
320,465,0,-6
251,6,0,-9
499,378,0,-1
304,474,0,-6
480,68,0,-1
353,244,0,-6
96,198,0,-2
208,96,0,-1
460,423,0,-4
260,286,0,-6
311,34,0,-6
478,382,0,-4
95,12,0,-3
351,388,0,-2
326,113,0,-10
463,390,0,-5
271,52,0,-1
146,473,0,-6
306,14,0,-7
303,259,0,-9
21,366,0,-5
224,345,0,-5
359,197,0,-8
292,42,0,-3
479,131,0,-8
424,411,0,-5
180,128,0,-4
187,410,0,-2
411,402,0,-6
222,413,0,-8
134,60,0,-1
421,222,0,-3
7,191,0,-10
289,368,0,-10
339,171,0,-3
241,211,0,-8
364,169,0,-1
432,288,0,-10
95,322,0,-3
317,379,0,-9
24,353,0,-2
291,192,0,-1
204,453,0,-5
122,302,0,-3
236,401,0,-6
282,153,0,-5
166,443,0,-6
299,43,0,-4
270,115,0,-6
224,111,0,-10
474,106,0,-6
409,25,0,-9
119,1,0,-2
197,459,0,-2
335,466,0,-7
480,487,0,-7
181,431,0,-3
149,128,0,-4
101,373,0,-2
132,360,0,-10
131,245,0,-5
100,105,0,-6
174,374,0,-6
59,53,0,-4
143,261,0,-3
174,132,0,-7
233,38,0,-9
115,167,0,-2
2,413,0,-8
367,75,0,-4
482,18,0,-10
352,92,0,-6
154,210,0,-10
353,104,0,-3
483,377,0,-4
197,289,0,-6
347,71,0,-10
434,336,0,-3
90,206,0,-5
459,404,0,-10
61,101,0,-10
117,82,0,-2
36,476,0,-9
51,284,0,-6
39,193,0,-9
230,179,0,-5
322,451,0,-7
343,115,0,-8
123,413,0,-3
493,410,0,-10
328,135,0,-7
328,390,0,-7
104,461,0,-5
371,12,0,-7
120,90,0,-5
189,17,0,-3
183,347,0,-5
25,225,0,-8
317,179,0,-4
155,189,0,-3
190,172,0,-9
103,138,0,-1
362,46,0,-4
440,55,0,-3
399,493,0,-8
313,117,0,-1
198,133,0,-8
423,354,0,-10
214,382,0,-1
418,89,0,-7
225,116,0,-8
387,177,0,-2
134,360,0,-10
314,399,0,-10
27,428,0,-4
488,100,0,-5
83,237,0,-10
183,395,0,-4
96,53,0,-5
427,498,0,-1
467,117,0,-9
107,4,0,-6
460,98,0,-10
196,433,0,-2
459,356,0,-6
279,168,0,-10
408,230,0,-10
388,406,0,-6
365,224,0,-1
244,333,0,-4
420,217,0,-4
451,131,0,-4
346,434,0,-10
108,71,0,-8
332,317,0,-1
443,113,0,-4
496,378,0,-2
301,418,0,-9
304,37,0,-4
148,403,0,-1
463,402,0,-3
128,222,0,-8
161,296,0,-3
142,71,0,-6
350,451,0,-9
248,405,0,-5
270,148,0,-5
11,42,0,-6
483,493,0,-5
100,301,0,-7
477,167,0,-10
147,259,0,-7
81,304,0,-3
434,183,0,-9
36,257,0,-4
244,329,0,-5
430,350,0,-3
296,438,0,-10
279,313,0,-5
463,207,0,-4
140,30,0,-7
298,357,0,-8
90,440,0,-4
101,309,0,-10
432,19,0,-1
434,416,0,-3
463,96,0,-10
26,167,0,-9
92,166,0,-4
70,23,0,-7
143,381,0,-7
322,136,0,-7
223,162,0,-4
38,371,0,-2
36,335,0,-9
290,226,0,-3
253,207,0,-2
343,81,0,-8
14,253,0,-9
274,169,0,-9
395,222,0,-10
79,147,0,-8
292,412,0,-9
307,24,0,-4
196,437,0,-6
466,168,0,-9
214,95,0,-1
435,9,0,-6
424,341,0,-10
237,46,0,-8
164,102,0,-6
308,423,0,-8
178,145,0,-7
129,205,0,-8
2,460,0,-10
87,419,0,-1
297,309,0,-1
35,243,0,-3
436,431,0,-5
55,201,0,-2
347,124,0,-2
95,320,0,-3
266,42,0,-4
208,452,0,-2
88,262,0,-9
11,180,0,-9
4,331,0,-1
53,191,0,-10
180,405,0,-3
199,32,0,-4
161,485,0,-7
45,63,0,-3
358,104,0,-7
313,411,0,-3
362,242,0,-1
248,365,0,-3
8,457,0,-7
278,322,0,-6
144,110,0,-10
47,398,0,-9
296,203,0,-4
427,307,0,-2
36,51,0,-4
450,464,0,-3
369,441,0,-8
393,65,0,-10
415,44,0,-7
366,158,0,-1
13,319,0,-7
144,24,0,-2
273,417,0,-8
498,248,0,-7
195,25,0,-3
7,390,0,-9
61,462,0,-7
430,78,0,-2
59,14,0,-10
61,442,0,-2
258,67,0,-2
331,326,0,-7
19,288,0,-2
309,343,0,-8
133,182,0,-8
6,436,0,-6
471,154,0,-9
192,259,0,-2
296,38,0,-8
278,351,0,-9
289,431,0,-10
461,370,0,-5
40,357,0,-5
364,224,0,-2
104,45,0,-10
267,274,0,-9
322,219,0,-1
166,380,0,-10
383,91,0,-3
418,40,0,-1
365,323,0,-2
133,477,0,-8
68,448,0,-4
483,280,0,-5
101,298,0,-5
42,294,0,-10
1,410,0,-6
109,326,0,-5
14,334,0,-8
254,98,0,-3
191,248,0,-6
107,430,0,-2
55,255,0,-6
233,363,0,-4
245,204,0,-9
248,270,0,-10
416,305,0,-4
64,461,0,-1
109,378,0,-4
179,488,0,-3
286,386,0,-3
271,206,0,-9
422,55,0,-10
369,372,0,-5
433,494,0,-4
458,102,0,-1
322,264,0,-9
279,419,0,-8
24,26,0,-3
262,236,0,-3
351,480,0,-3
228,194,0,-2
87,105,0,-4
326,325,0,-9
356,8,0,-10
310,437,0,-5
23,95,0,-1
232,484,0,-5
298,418,0,-8
184,326,0,-4
274,170,0,-4
37,232,0,-8
13,318,0,-8
103,343,0,-2
198,409,0,-2
137,133,0,-10
51,243,0,-8
356,81,0,-4
181,287,0,-4
79,328,0,-3
145,256,0,-7
256,219,0,-1
219,284,0,-6
288,37,0,-1
107,221,0,-2
434,125,0,-10
340,283,0,-6
167,133,0,-3
351,298,0,-5
78,419,0,-5
173,369,0,-2
276,62,0,-3
456,414,0,-5
338,58,0,-8
427,205,0,-3
130,39,0,-8
52,410,0,-3
273,149,0,-1
446,399,0,-7
112,154,0,-7
17,385,0,-4
110,443,0,-5
215,164,0,-5
176,18,0,-9
15,351,0,-6
65,408,0,-4
3,81,0,-6
281,222,0,-9
454,253,0,-7
391,213,0,-5
447,19,0,-2
255,247,0,-7
64,279,0,-6
344,75,0,-1
412,177,0,-6
174,125,0,-7
271,119,0,-9
142,465,0,-6
276,137,0,-10
204,196,0,-10
455,362,0,-3
131,2,0,-7
115,27,0,-10
457,342,0,-7
373,224,0,-4
338,268,0,-2
408,40,0,-3
52,303,0,-10
197,79,0,-7
146,117,0,-6
210,227,0,-7
323,259,0,-6
102,287,0,-3
321,250,0,-6
133,143,0,-7
451,484,0,-1
440,155,0,-9
93,254,0,-10
339,469,0,-1
306,401,0,-4
149,425,0,-9
194,7,0,-3
472,461,0,-7
77,410,0,-3
15,170,0,-6
430,174,0,-4
122,141,0,-5
341,414,0,-8
217,284,0,-4
202,146,0,-8
389,211,0,-10
485,246,0,-10
149,282,0,-7
298,108,0,-4
49,233,0,-8
102,134,0,-7
283,88,0,-10
381,153,0,-6
198,8,0,-10
453,353,0,-9
474,224,0,-1
92,499,0,-5
223,288,0,-10
310,187,0,-6
445,149,0,-6
430,185,0,-5
85,45,0,-9
98,326,0,-5
18,234,0,-6
184,112,0,-2
421,197,0,-7
136,191,0,-3
434,109,0,-3
311,21,0,-1
465,214,0,-4
42,68,0,-10
185,230,0,-4
325,54,0,-10
403,141,0,-8
118,101,0,-3
182,378,0,-9
210,240,0,-1
282,183,0,-3
271,30,0,-9
374,251,0,-7
411,430,0,-5
332,366,0,-10
87,35,0,-2
263,425,0,-9
158,363,0,-2
443,190,0,-4
458,219,0,-10
370,278,0,-3
126,455,0,-9
146,441,0,-7
26,105,0,-3
347,448,0,-3
98,95,0,-4
142,398,0,-9
328,334,0,-5
361,259,0,-6
215,58,0,-8
196,357,0,-5
204,27,0,-10
26,340,0,-7
402,155,0,-8
159,364,0,-1
391,464,0,-10
392,267,0,-4
353,357,0,-5
352,490,0,-6
498,210,0,-4
176,13,0,-8
83,54,0,-7
250,132,0,-9
373,12,0,-2
170,183,0,-1
15,396,0,-10
96,376,0,-7
320,464,0,-4
352,39,0,-2
139,420,0,-6
219,212,0,-6
271,347,0,-9
402,343,0,-6
432,84,0,-9
86,119,0,-1
339,21,0,-3
235,199,0,-8
108,497,0,-10
13,401,0,-5
91,485,0,-3
202,98,0,-5
337,480,0,-4
417,218,0,-7
141,123,0,-2
135,303,0,-5
489,230,0,-3
259,239,0,-5
292,327,0,-5
96,263,0,-1
481,115,0,-8
456,69,0,-10
285,37,0,-9
266,242,0,-2
270,260,0,-2
441,392,0,-1
63,191,0,-8
193,386,0,-3
307,81,0,-5
402,178,0,-6
60,426,0,-1
346,303,0,-10
31,417,0,-7
333,151,0,-6
499,459,0,-2
186,55,0,-1
215,318,0,-2
84,268,0,-2
164,260,0,-4
172,166,0,-2
167,126,0,-4
30,340,0,-5
412,394,0,-1
313,393,0,-5
284,120,0,-2
17,328,0,-2
418,71,0,-8
128,341,0,-4
9,69,0,-3
371,51,0,-9
274,97,0,-3
213,348,0,-4
18,27,0,-8
288,191,0,-4
76,490,0,-3
194,426,0,-4
45,435,0,-9
383,55,0,-1
386,47,0,-9
295,219,0,-6
90,240,0,-4
464,101,0,-9
65,257,0,-4
246,128,0,-7
295,130,0,-5
267,4,0,-7
310,150,0,-3
467,491,0,-3
229,304,0,-6
423,357,0,-2
110,222,0,-6
2,430,0,-9
389,464,0,-3
325,342,0,-6
334,385,0,-1
329,442,0,-9
202,236,0,-4
301,1,0,-2
16,30,0,-5
305,386,0,-7
359,33,0,-9
226,65,0,-8
27,126,0,-4
75,459,0,-5
225,177,0,-7
339,367,0,-6
487,228,0,-8
414,173,0,-1
244,191,0,-10
426,45,0,-10
47,224,0,-2
457,484,0,-9
242,54,0,-5
495,497,0,-7
89,480,0,-8
141,311,0,-4
284,499,0,-6
302,228,0,-4
298,432,0,-4
121,45,0,-10
94,137,0,-2
425,419,0,-3
264,216,0,-8
47,471,0,-10
398,85,0,-6
35,491,0,-9
136,42,0,-7
285,40,0,-4
242,385,0,-8
261,187,0,-6
492,321,0,-10
239,438,0,-6
414,115,0,-5
87,235,0,-8
42,93,0,-4
154,161,0,-7
198,480,0,-6
126,312,0,-2
492,208,0,-4
193,8,0,-3
163,248,0,-4
317,163,0,-5
239,439,0,-5
117,377,0,-10
236,326,0,-5
418,14,0,-6
10,304,0,-1
135,442,0,-2
163,135,0,-4
287,500,0,-3
333,383,0,-10
298,374,0,-6
81,292,0,-2
425,104,0,-9
214,481,0,-10
73,349,0,-4
499,49,0,-3
248,479,0,-3
83,379,0,-3
477,340,0,-1
314,327,0,-7
362,39,0,-7
142,412,0,-9
461,395,0,-1
459,57,0,-1
14,240,0,-8
85,193,0,-4
131,50,0,-8
360,118,0,-3
368,388,0,-5
44,205,0,-6
301,110,0,-5
184,354,0,-9
132,424,0,-2
288,133,0,-7
388,287,0,-8
464,7,0,-10
276,142,0,-9
14,437,0,-5
208,118,0,-6
328,311,0,-5
109,47,0,-6
414,443,0,-4
59,496,0,-9
154,163,0,-4
37,442,0,-1
86,161,0,-6
422,241,0,-2
93,420,0,-5
268,333,0,-6
116,145,0,-7
7,354,0,-3
158,250,0,-8
103,85,0,-9
194,205,0,-2
267,490,0,-2
