2,502,0,7
3,503,0,3
4,504,0,3
7,507,0,7
9,509,0,5
11,511,0,2
12,512,0,6
15,515,0,4
17,517,0,1
19,519,0,3
20,520,0,8
23,523,0,6
24,524,0,8
26,526,0,2
27,527,0,3
29,529,0,6
30,530,0,3
31,531,0,7
32,532,0,6
33,533,0,4
35,535,0,8
38,538,0,6
39,539,0,6
42,542,0,3
43,543,0,1
48,548,0,2
50,550,0,1
51,551,0,8
57,557,0,8
58,558,0,6
62,562,0,8
64,564,0,7
66,566,0,7
67,567,0,9
69,569,0,8
70,570,0,5
71,571,0,7
75,575,0,7
76,576,0,9
77,577,0,3
78,578,0,7
79,579,0,4
81,581,0,2
83,583,0,6
84,584,0,1
86,586,0,8
89,589,0,5
90,590,0,7
91,591,0,9
93,593,0,1
94,594,0,5
96,596,0,3
98,598,0,4
103,603,0,6
106,606,0,4
110,610,0,9
111,611,0,9
112,612,0,6
113,613,0,1
115,615,0,1
119,619,0,6
121,621,0,9
127,627,0,1
131,631,0,1
132,632,0,8
134,634,0,3
136,636,0,9
137,637,0,7
139,639,0,4
140,640,0,9
143,643,0,8
146,646,0,9
147,647,0,4
148,648,0,4
154,654,0,3
156,656,0,3
157,657,0,7
158,658,0,8
160,660,0,2
162,662,0,4
164,664,0,5
165,665,0,8
167,667,0,1
168,668,0,9
172,672,0,9
173,673,0,9
175,675,0,4
176,676,0,7
178,678,0,4
179,679,0,6
185,685,0,6
188,688,0,2
191,691,0,2
195,695,0,1
196,696,0,9
198,698,0,5
202,702,0,9
205,705,0,2
208,708,0,1
209,709,0,3
210,710,0,7
212,712,0,8
213,713,0,6
216,716,0,7
217,717,0,1
219,719,0,9
221,721,0,2
222,722,0,8
223,723,0,7
227,727,0,6
229,729,0,6
233,733,0,3
234,734,0,9
238,738,0,1
239,739,0,2
242,742,0,2
246,746,0,8
247,747,0,6
249,749,0,1
252,752,0,8
253,753,0,5
255,755,0,1
258,758,0,6
259,759,0,4
262,762,0,7
263,763,0,3
265,765,0,8
267,767,0,5
268,768,0,1
269,769,0,9
270,770,0,6
271,771,0,3
272,772,0,8
274,774,0,7
276,776,0,7
277,777,0,3
278,778,0,3
279,779,0,2
280,780,0,6
281,781,0,1
284,784,0,6
286,786,0,4
289,789,0,4
290,790,0,6
292,792,0,9
293,793,0,3
298,798,0,1
300,800,0,1
302,802,0,2
303,803,0,4
304,804,0,9
306,806,0,7
307,807,0,1
308,808,0,5
310,810,0,6
313,813,0,2
316,816,0,3
318,818,0,4
320,820,0,7
321,821,0,8
325,825,0,2
326,826,0,4
327,827,0,5
330,830,0,6
331,831,0,9
332,832,0,4
334,834,0,2
340,840,0,4
342,842,0,8
344,844,0,5
347,847,0,2
348,848,0,1
349,849,0,7
351,851,0,7
352,852,0,5
354,854,0,7
355,855,0,6
356,856,0,3
358,858,0,4
359,859,0,5
360,860,0,7
361,861,0,3
364,864,0,2
366,866,0,2
367,867,0,3
368,868,0,9
369,869,0,5
374,874,0,3
375,875,0,9
376,876,0,7
379,879,0,1
380,880,0,4
382,882,0,9
385,885,0,2
386,886,0,1
387,887,0,1
388,888,0,4
390,890,0,5
391,891,0,7
393,893,0,4
394,894,0,9
396,896,0,6
397,897,0,6
399,899,0,1
406,906,0,3
410,910,0,9
413,913,0,5
414,914,0,1
415,915,0,3
417,917,0,5
424,924,0,3
425,925,0,7
426,926,0,4
427,927,0,6
429,929,0,4
431,931,0,2
435,935,0,9
437,937,0,3
438,938,0,2
440,940,0,7
446,946,0,9
447,947,0,5
449,949,0,6
451,951,0,8
452,952,0,8
454,954,0,9
455,955,0,5
456,956,0,2
458,958,0,9
460,960,0,5
463,963,0,7
464,964,0,1
465,965,0,2
467,967,0,6
469,969,0,3
470,970,0,1
473,973,0,3
482,982,0,1
484,984,0,7
486,986,0,4
488,988,0,7
490,990,0,9
491,991,0,5
492,992,0,6
494,994,0,6
495,995,0,1
496,996,0,4
497,997,0,4
498,998,0,2
499,999,0,8
8,353,0,-10
353,268,0,-7
8,204,0,-5
204,50,0,-4
208,8,0,-3
479,8,0,-3
355,479,0,-2
348,355,0,-3
353,283,0,-10
50,179,0,-5
189,204,0,-5
43,8,0,-6
135,8,0,-3
348,26,0,-10
283,184,0,-2
283,407,0,-10
161,407,0,-2
479,430,0,-5
50,308,0,-3
204,166,0,-6
348,377,0,-1
437,308,0,-4
400,308,0,-4
166,489,0,-4
250,189,0,-9
122,26,0,-7
483,179,0,-4
179,254,0,-3
246,283,0,-9
239,166,0,-10
179,143,0,-4
268,267,0,-10
119,246,0,-4
298,204,0,-6
228,283,0,-2
38,430,0,-6
353,333,0,-1
498,38,0,-7
113,308,0,-8
267,10,0,-1
283,476,0,-5
133,254,0,-1
28,26,0,-9
377,281,0,-9
334,38,0,-2
290,250,0,-1
290,262,0,-6
41,348,0,-6
294,334,0,-9
298,304,0,-6
400,457,0,-1
101,476,0,-4
374,489,0,-3
161,203,0,-6
348,159,0,-9
38,423,0,-10
472,135,0,-5
304,247,0,-2
277,247,0,-7
400,130,0,-10
334,194,0,-8
179,276,0,-4
328,276,0,-9
115,50,0,-9
277,381,0,-5
132,135,0,-10
490,247,0,-2
263,423,0,-1
476,484,0,-10
299,208,0,-3
395,348,0,-6
43,40,0,-3
470,472,0,-9
166,394,0,-4
254,176,0,-3
143,301,0,-3
256,119,0,-4
101,493,0,-5
50,196,0,-4
433,381,0,-2
283,393,0,-2
374,417,0,-6
31,135,0,-2
117,122,0,-6
246,36,0,-8
173,353,0,-8
267,326,0,-2
135,61,0,-3
444,263,0,-6
17,36,0,-5
66,61,0,-1
490,412,0,-5
211,246,0,-1
400,255,0,-3
246,200,0,-8
166,297,0,-3
299,193,0,-8
3,374,0,-3
262,60,0,-10
291,41,0,-4
289,26,0,-7
200,120,0,-10
120,89,0,-4
353,392,0,-4
326,475,0,-7
255,341,0,-10
423,349,0,-2
400,4,0,-7
3,223,0,-4
341,56,0,-4
16,326,0,-10
208,414,0,-2
51,470,0,-2
301,245,0,-3
115,300,0,-1
353,306,0,-7
161,398,0,-2
247,425,0,-6
78,66,0,-10
186,423,0,-5
458,186,0,-10
239,261,0,-2
299,429,0,-8
132,431,0,-5
32,179,0,-6
390,395,0,-7
400,236,0,-6
353,364,0,-6
429,274,0,-3
211,286,0,-9
475,76,0,-7
455,457,0,-2
462,186,0,-3
16,391,0,-7
32,209,0,-3
395,336,0,-3
187,194,0,-10
487,483,0,-9
353,307,0,-8
31,288,0,-2
83,493,0,-8
92,394,0,-9
173,53,0,-10
159,469,0,-8
420,355,0,-1
308,169,0,-6
164,4,0,-2
186,424,0,-8
55,204,0,-10
257,469,0,-4
86,444,0,-5
485,479,0,-1
497,298,0,-10
101,59,0,-6
194,467,0,-3
34,469,0,-6
59,347,0,-2
137,61,0,-6
470,440,0,-3
220,470,0,-3
90,355,0,-9
114,203,0,-7
184,329,0,-6
108,277,0,-1
110,290,0,-8
210,393,0,-1
55,45,0,-6
239,49,0,-4
364,140,0,-2
463,395,0,-7
155,61,0,-6
347,168,0,-4
54,53,0,-6
61,453,0,-9
113,138,0,-4
343,274,0,-5
262,163,0,-3
476,471,0,-8
487,79,0,-8
340,485,0,-1
327,353,0,-4
377,439,0,-9
220,449,0,-10
24,395,0,-10
265,8,0,-7
330,3,0,-8
246,94,0,-9
394,401,0,-10
130,13,0,-4
227,236,0,-8
86,287,0,-7
146,8,0,-9
118,288,0,-3
341,207,0,-4
239,426,0,-7
288,174,0,-5
33,133,0,-7
319,245,0,-4
419,412,0,-2
471,285,0,-3
449,222,0,-2
86,21,0,-6
135,147,0,-2
110,369,0,-6
465,76,0,-2
178,419,0,-8
283,213,0,-1
88,90,0,-3
61,99,0,-5
277,72,0,-2
153,204,0,-10
484,363,0,-7
373,66,0,-3
455,225,0,-1
125,340,0,-9
265,44,0,-8
360,16,0,-10
227,35,0,-10
427,55,0,-3
327,385,0,-10
37,265,0,-4
463,406,0,-2
203,71,0,-6
97,336,0,-1
256,315,0,-3
79,67,0,-2
153,416,0,-1
250,491,0,-1
137,499,0,-3
84,83,0,-3
31,70,0,-6
412,180,0,-10
216,31,0,-6
488,16,0,-3
278,433,0,-5
33,171,0,-4
200,269,0,-10
388,406,0,-8
223,18,0,-3
214,348,0,-6
335,327,0,-6
45,160,0,-4
44,162,0,-8
415,453,0,-1
319,156,0,-4
483,96,0,-7
150,250,0,-7
154,160,0,-5
302,343,0,-4
317,61,0,-6
320,377,0,-6
12,88,0,-1
153,241,0,-10
390,172,0,-6
399,220,0,-10
128,484,0,-9
492,407,0,-2
226,125,0,-5
454,425,0,-7
412,495,0,-9
401,124,0,-9
248,299,0,-2
405,276,0,-6
124,372,0,-3
128,5,0,-2
304,408,0,-8
138,446,0,-2
234,193,0,-6
207,338,0,-8
382,444,0,-1
282,329,0,-8
163,195,0,-8
87,385,0,-7
438,401,0,-7
381,370,0,-7
277,410,0,-7
140,192,0,-8
453,82,0,-6
246,270,0,-6
129,18,0,-7
431,272,0,-7
395,358,0,-5
240,420,0,-5
411,159,0,-5
67,68,0,-4
11,393,0,-4
54,218,0,-10
180,191,0,-8
287,80,0,-9
301,112,0,-6
407,352,0,-2
429,157,0,-1
406,367,0,-2
123,297,0,-3
56,177,0,-4
109,299,0,-8
191,331,0,-10
178,232,0,-4
164,273,0,-9
457,126,0,-10
433,482,0,-4
285,441,0,-1
95,8,0,-9
346,338,0,-3
339,320,0,-10
219,92,0,-2
8,73,0,-3
300,432,0,-6
90,9,0,-2
360,215,0,-6
123,361,0,-8
81,173,0,-7
259,191,0,-6
318,35,0,-2
210,2,0,-6
245,376,0,-2
60,121,0,-8
393,197,0,-1
429,459,0,-3
323,211,0,-8
359,163,0,-1
3,25,0,-10
442,18,0,-2
149,162,0,-10
500,194,0,-1
131,60,0,-5
278,127,0,-3
337,214,0,-10
409,270,0,-9
464,406,0,-5
283,371,0,-6
26,378,0,-7
339,30,0,-8
171,145,0,-8
322,247,0,-3
409,48,0,-8
100,210,0,-10
360,202,0,-10
151,378,0,-9
220,477,0,-10
443,337,0,-1
418,369,0,-1
97,91,0,-9
220,314,0,-10
23,137,0,-9
71,496,0,-7
383,427,0,-3
490,206,0,-5
2,106,0,-2
413,417,0,-4
417,436,0,-5
429,230,0,-2
403,3,0,-5
393,205,0,-2
231,398,0,-6
376,466,0,-3
351,186,0,-2
19,335,0,-10
190,388,0,-9
253,250,0,-7
292,246,0,-1
421,246,0,-8
430,142,0,-2
432,144,0,-1
107,307,0,-8
207,404,0,-1
43,461,0,-9
394,380,0,-10
450,128,0,-7
229,19,0,-9
362,228,0,-8
249,401,0,-6
201,391,0,-5
443,148,0,-6
81,452,0,-1
468,496,0,-9
128,325,0,-3
460,31,0,-5
62,432,0,-7
397,138,0,-4
216,311,0,-9
27,470,0,-6
296,326,0,-6
64,466,0,-3
175,223,0,-8
296,252,0,-9
232,65,0,-7
17,365,0,-10
144,451,0,-9
152,130,0,-8
271,56,0,-9
94,238,0,-1
375,55,0,-5
480,323,0,-3
98,27,0,-5
264,421,0,-3
430,350,0,-1
24,105,0,-6
487,386,0,-6
405,22,0,-10
486,338,0,-5
310,173,0,-10
494,12,0,-10
102,453,0,-8
257,345,0,-4
461,14,0,-8
6,267,0,-1
74,296,0,-3
200,111,0,-7
473,492,0,-1
169,182,0,-5
235,452,0,-8
75,35,0,-10
110,344,0,-4
266,349,0,-2
279,401,0,-1
181,285,0,-2
366,34,0,-7
165,30,0,-8
444,103,0,-3
137,221,0,-10
26,251,0,-8
402,370,0,-2
428,11,0,-3
237,135,0,-3
209,244,0,-2
167,32,0,-1
357,432,0,-2
351,116,0,-2
474,352,0,-6
90,63,0,-6
500,379,0,-5
453,188,0,-3
275,381,0,-5
212,208,0,-8
400,1,0,-7
295,297,0,-8
156,58,0,-1
448,229,0,-4
239,57,0,-8
42,5,0,-6
368,267,0,-8
224,152,0,-5
242,369,0,-5
183,291,0,-3
31,313,0,-5
115,15,0,-8
268,434,0,-6
320,39,0,-3
261,258,0,-9
174,158,0,-10
351,324,0,-6
381,47,0,-6
284,143,0,-2
139,235,0,-7
476,199,0,-2
414,170,0,-6
113,445,0,-4
312,380,0,-4
152,354,0,-5
7,263,0,-1
130,85,0,-4
396,37,0,-10
39,435,0,-6
424,456,0,-8
200,316,0,-3
46,390,0,-1
356,90,0,-6
140,478,0,-7
384,227,0,-2
29,40,0,-3
249,422,0,-8
134,390,0,-9
28,141,0,-7
297,217,0,-1
69,446,0,-5
233,300,0,-5
20,226,0,-4
281,447,0,-8
309,393,0,-9
342,90,0,-10
313,136,0,-4
59,280,0,-5
293,417,0,-9
27,305,0,-8
77,50,0,-10
185,398,0,-4
198,436,0,-7
481,197,0,-4
303,162,0,-8
260,481,0,-5
194,332,0,-6
104,308,0,-8
222,321,0,-2
263,52,0,-5
389,252,0,-8
93,343,0,-2
387,358,0,-10
287,243,0,-8
88,242,0,-1
293,137,0,-7
151,333,0,-9
167,257,0,-1
164,235,0,-8
340,337,0,-5
161,478,0,-4
53,440,0,-1
441,43,0,-3
85,241,0,-9
29,439,0,-10
139,87,0,-4
293,412,0,-3
60,150,0,-4
237,387,0,-4
91,73,0,-6
253,364,0,-10
45,420,0,-1
384,69,0,-7
480,186,0,-1
116,79,0,-10
380,139,0,-5
157,313,0,-1
139,252,0,-9
167,214,0,-8
135,184,0,-7
386,392,0,-4
101,293,0,-4
390,105,0,-8
119,57,0,-5
482,55,0,-2
389,310,0,-8
416,159,0,-1
279,71,0,-10
51,373,0,-2
376,226,0,-6
365,176,0,-8
278,237,0,-2
150,129,0,-3
438,411,0,-9
54,160,0,-7
79,155,0,-10
190,284,0,-1
223,158,0,-5
486,411,0,-5
184,363,0,-3
125,386,0,-4
302,295,0,-9
305,365,0,-8
497,317,0,-1
354,202,0,-10
307,143,0,-5
132,204,0,-4
144,309,0,-8
116,279,0,-1
322,414,0,-5
319,375,0,-1
242,355,0,-7
88,150,0,-3
280,52,0,-3
96,343,0,-10
196,17,0,-10
84,463,0,-2
449,363,0,-1
174,314,0,-10
446,335,0,-1
411,61,0,-1
407,148,0,-7
267,499,0,-1
395,259,0,-3
397,153,0,-10
131,373,0,-7
55,451,0,-4
418,376,0,-10
2,489,0,-9
224,1,0,-7
354,42,0,-3
132,183,0,-3
84,45,0,-8
347,305,0,-5
218,14,0,-8
341,263,0,-5
449,77,0,-2
482,85,0,-2
419,16,0,-7
23,478,0,-5
266,131,0,-9
250,170,0,-7
58,121,0,-6
374,13,0,-2
230,127,0,-4
465,318,0,-9
206,236,0,-4
277,441,0,-2
14,82,0,-7
437,169,0,-3
172,152,0,-3
208,378,0,-1
67,478,0,-6
143,292,0,-1
401,76,0,-3
29,359,0,-5
46,429,0,-7
68,470,0,-8
393,220,0,-3
416,391,0,-8
134,308,0,-8
111,208,0,-10
398,82,0,-9
272,481,0,-4
87,93,0,-4
163,365,0,-3
481,135,0,-10
93,292,0,-6
456,68,0,-9
176,219,0,-9
16,314,0,-10
396,8,0,-8
365,354,0,-10
493,351,0,-8
494,163,0,-9
306,272,0,-9
77,316,0,-9
383,197,0,-8
235,478,0,-5
161,102,0,-1
90,20,0,-9
322,431,0,-1
243,499,0,-4
128,69,0,-7
440,320,0,-2
284,96,0,-2
272,381,0,-10
114,497,0,-5
443,292,0,-7
261,341,0,-7
167,234,0,-8
492,305,0,-6
282,365,0,-2
283,88,0,-1
197,102,0,-1
167,44,0,-4
90,189,0,-7
24,127,0,-6
222,451,0,-7
79,229,0,-8
499,250,0,-1
466,94,0,-6
403,182,0,-9
328,216,0,-4
53,208,0,-9
8,5,0,-6
462,77,0,-1
48,37,0,-10
375,175,0,-8
461,432,0,-4
283,133,0,-7
449,2,0,-9
385,393,0,-4
264,296,0,-1
360,96,0,-5
14,319,0,-7
369,383,0,-7
107,357,0,-10
217,115,0,-2
228,421,0,-9
22,446,0,-2
204,356,0,-5
135,354,0,-5
391,333,0,-8
243,247,0,-6
423,53,0,-2
91,233,0,-8
216,410,0,-6
436,99,0,-6
133,403,0,-5
334,282,0,-6
454,289,0,-10
180,308,0,-2
271,249,0,-9
472,90,0,-6
55,273,0,-4
269,94,0,-8
124,417,0,-10
260,113,0,-6
299,122,0,-5
304,212,0,-4
424,82,0,-5
326,465,0,-5
345,44,0,-4
497,286,0,-2
105,347,0,-1
469,394,0,-9
252,330,0,-10
499,424,0,-4
268,52,0,-5
164,277,0,-4
109,138,0,-2
342,170,0,-7
69,316,0,-8
2,461,0,-7
220,374,0,-8
282,156,0,-10
346,492,0,-1
375,362,0,-9
128,482,0,-10
179,414,0,-8
353,163,0,-1
273,416,0,-7
470,352,0,-2
128,47,0,-6
50,329,0,-1
185,31,0,-10
142,464,0,-7
436,380,0,-5
12,241,0,-1
121,99,0,-6
403,234,0,-1
110,271,0,-6
394,103,0,-4
124,318,0,-4
283,463,0,-10
168,43,0,-1
40,197,0,-3
403,82,0,-9
3,247,0,-1
498,477,0,-4
33,195,0,-1
219,437,0,-5
22,6,0,-6
365,222,0,-6
386,113,0,-5
217,283,0,-4
334,217,0,-3
36,259,0,-9
425,39,0,-6
181,18,0,-4
359,168,0,-4
325,105,0,-5
21,370,0,-5
337,426,0,-10
214,118,0,-4
25,182,0,-8
394,197,0,-7
330,416,0,-2
42,183,0,-8
475,175,0,-3
197,339,0,-9
280,306,0,-2
2,383,0,-4
58,322,0,-10
230,106,0,-2
172,89,0,-2
176,489,0,-6
393,330,0,-1
413,128,0,-4
51,69,0,-8
326,135,0,-3
264,213,0,-8
415,64,0,-8
130,351,0,-2
265,380,0,-8
455,246,0,-10
156,483,0,-4
63,41,0,-2
494,409,0,-3
271,169,0,-3
91,74,0,-2
260,179,0,-10
422,304,0,-2
44,347,0,-8
466,173,0,-6
482,50,0,-4
354,168,0,-5
231,5,0,-7
458,18,0,-3
447,158,0,-8
289,459,0,-4
46,121,0,-1
34,211,0,-3
334,133,0,-10
434,458,0,-8
239,383,0,-4
435,342,0,-7
74,143,0,-5
47,296,0,-6
488,458,0,-5
196,87,0,-9
72,22,0,-5
298,383,0,-1
223,172,0,-1
126,401,0,-7
420,269,0,-4
300,282,0,-4
106,191,0,-7
424,369,0,-1
33,415,0,-2
267,285,0,-5
489,59,0,-5
397,446,0,-7
186,47,0,-3
86,377,0,-8
364,94,0,-7
211,447,0,-1
179,146,0,-9
394,446,0,-10
10,444,0,-1
192,324,0,-10
412,456,0,-1
321,32,0,-9
15,193,0,-2
120,31,0,-10
385,101,0,-5
399,463,0,-1
230,78,0,-1
130,416,0,-5
326,179,0,-8
42,231,0,-5
155,466,0,-8
177,26,0,-10
143,481,0,-3
149,13,0,-4
231,384,0,-9
356,83,0,-10
179,444,0,-7
16,117,0,-8
400,240,0,-7
288,384,0,-10
496,337,0,-2
200,169,0,-3
393,411,0,-9
156,424,0,-4
475,256,0,-4
461,29,0,-8
336,411,0,-10
383,190,0,-1
304,216,0,-10
436,155,0,-9
361,495,0,-8
408,49,0,-5
189,273,0,-10
443,459,0,-10
147,496,0,-1
150,288,0,-6
481,185,0,-2
379,427,0,-4
105,326,0,-2
106,227,0,-5
18,37,0,-5
334,350,0,-9
4,454,0,-9
331,92,0,-5
249,43,0,-4
402,403,0,-4
85,376,0,-6
368,278,0,-10
22,329,0,-2
138,430,0,-4
187,238,0,-8
352,373,0,-3
154,94,0,-4
238,233,0,-10
189,393,0,-1
148,373,0,-6
113,24,0,-4
458,350,0,-8
181,69,0,-3
309,261,0,-10
81,1,0,-5
447,59,0,-8
448,43,0,-7
160,48,0,-7
248,11,0,-5
413,265,0,-3
24,85,0,-9
225,20,0,-7
335,450,0,-3
314,467,0,-6
294,158,0,-6
438,133,0,-3
440,451,0,-9
394,222,0,-6
66,183,0,-5
394,182,0,-2
11,117,0,-8
25,435,0,-4
121,52,0,-9
414,72,0,-3
214,473,0,-10
248,196,0,-3
490,137,0,-1
134,77,0,-10
285,257,0,-10
410,17,0,-1
258,374,0,-4
400,163,0,-4
500,259,0,-9
138,467,0,-5
409,392,0,-2
312,485,0,-2
44,145,0,-8
40,212,0,-7
131,64,0,-6
442,89,0,-7
141,377,0,-5
166,132,0,-7
193,284,0,-6
101,161,0,-4
344,22,0,-3
38,19,0,-8
303,175,0,-3
174,342,0,-1
116,247,0,-9
163,43,0,-8
277,427,0,-7
131,330,0,-2
57,248,0,-10
80,41,0,-8
426,468,0,-8
474,78,0,-9
452,117,0,-7
461,154,0,-10
145,447,0,-9
410,401,0,-8
277,431,0,-6
264,127,0,-9
167,68,0,-7
31,293,0,-4
314,102,0,-4
440,410,0,-2
416,364,0,-2
198,94,0,-4
60,427,0,-7
256,89,0,-5
100,214,0,-7
218,317,0,-10
247,449,0,-7
176,121,0,-2
39,10,0,-2
380,475,0,-5
391,362,0,-7
474,239,0,-7
272,134,0,-10
95,33,0,-10
239,490,0,-10
92,20,0,-10
437,84,0,-4
297,464,0,-1
424,16,0,-6
396,172,0,-6
151,477,0,-4
312,9,0,-4
322,476,0,-4
212,178,0,-3
158,188,0,-6
5,282,0,-4
451,323,0,-5
68,80,0,-1
32,314,0,-8
175,255,0,-3
275,421,0,-4
295,284,0,-9
61,499,0,-6
445,32,0,-4
370,74,0,-5
360,140,0,-2
111,288,0,-8
254,205,0,-2
180,434,0,-1
437,443,0,-9
384,112,0,-2
155,110,0,-10
434,379,0,-10
84,58,0,-10
396,168,0,-6
42,201,0,-8
29,70,0,-4
73,62,0,-5
146,45,0,-5
297,1,0,-5
3,492,0,-9
232,187,0,-1
412,267,0,-10
352,248,0,-9
407,223,0,-5
197,187,0,-6
294,359,0,-1
35,155,0,-7
170,134,0,-1
265,322,0,-2
240,487,0,-4
463,113,0,-2
341,249,0,-4
118,213,0,-10
214,457,0,-7
81,100,0,-3
186,126,0,-9
139,249,0,-5
322,80,0,-3
292,472,0,-1
360,125,0,-1
93,261,0,-9
311,217,0,-5
94,232,0,-6
391,350,0,-8
77,408,0,-2
193,138,0,-9
314,229,0,-1
500,239,0,-5
252,241,0,-8
221,323,0,-6
34,303,0,-9
31,285,0,-6
465,142,0,-4
315,277,0,-7
378,373,0,-6
68,165,0,-6
428,96,0,-5
392,410,0,-7
85,31,0,-4
246,262,0,-4
183,415,0,-6
17,39,0,-1
91,313,0,-2
302,161,0,-9
191,82,0,-10
283,433,0,-9
260,466,0,-4
318,393,0,-7
212,118,0,-7
230,111,0,-3
23,482,0,-10
250,46,0,-5
186,35,0,-4
222,76,0,-9
468,281,0,-8
308,164,0,-5
379,109,0,-10
124,120,0,-8
141,185,0,-3
145,91,0,-4
219,60,0,-4
86,435,0,-4
466,477,0,-1
106,141,0,-10
271,1,0,-6
58,499,0,-3
51,173,0,-9
389,117,0,-8
437,304,0,-6
404,220,0,-2
345,162,0,-9
121,339,0,-9
9,374,0,-9
348,182,0,-5
440,226,0,-3
146,420,0,-2
190,219,0,-6
41,33,0,-1
195,342,0,-10
414,348,0,-2
359,216,0,-5
108,396,0,-3
84,251,0,-7
376,50,0,-9
24,109,0,-9
107,133,0,-7
469,318,0,-8
416,355,0,-9
69,62,0,-1
217,219,0,-7
375,32,0,-10
51,91,0,-10
339,137,0,-1
424,340,0,-1
407,254,0,-3
304,325,0,-6
109,157,0,-4
267,249,0,-3
472,280,0,-10
159,97,0,-5
55,166,0,-2
364,173,0,-7
461,354,0,-2
181,360,0,-5
190,167,0,-6
402,104,0,-5
189,161,0,-10
463,272,0,-10
452,280,0,-7
52,147,0,-7
284,25,0,-6
184,243,0,-4
193,47,0,-5
142,125,0,-6
125,349,0,-7
113,365,0,-2
371,211,0,-9
462,442,0,-8
163,276,0,-6
266,455,0,-3
326,329,0,-7
469,196,0,-7
420,484,0,-10
353,157,0,-2
372,403,0,-3
385,500,0,-1
344,484,0,-10
7,161,0,-6
274,119,0,-5
422,424,0,-6
454,285,0,-2
331,353,0,-8
234,155,0,-3
173,491,0,-8
437,497,0,-1
458,470,0,-8
348,329,0,-2
71,420,0,-4
362,360,0,-7
269,381,0,-2
72,127,0,-1
368,11,0,-10
343,264,0,-2
59,28,0,-6
388,382,0,-5
3,228,0,-10
90,34,0,-3
467,296,0,-1
222,12,0,-3
470,239,0,-8
382,111,0,-3
96,107,0,-7
496,116,0,-10
228,33,0,-4
346,145,0,-6
359,479,0,-6
333,224,0,-5
222,280,0,-4
315,135,0,-2
323,176,0,-1
122,65,0,-2
279,167,0,-7
94,368,0,-1
309,19,0,-8
287,163,0,-9
260,23,0,-2
129,72,0,-6
301,122,0,-2
24,211,0,-4
350,12,0,-2
119,386,0,-4
108,358,0,-7
430,446,0,-2
142,194,0,-4
366,387,0,-8
208,10,0,-7
256,446,0,-1
163,130,0,-2
69,335,0,-6
334,58,0,-5
417,102,0,-3
359,303,0,-7
244,111,0,-10
446,94,0,-3
471,47,0,-6
459,171,0,-2
428,316,0,-10
116,368,0,-1
472,108,0,-2
203,193,0,-5
301,486,0,-10
201,121,0,-6
51,252,0,-2
488,446,0,-5
370,25,0,-2
154,166,0,-10
315,417,0,-7
70,491,0,-3
410,370,0,-4
284,428,0,-2
376,177,0,-1
191,414,0,-6
87,35,0,-3
402,312,0,-8
110,138,0,-2
203,444,0,-9
133,500,0,-9
73,290,0,-2
360,257,0,-4
366,279,0,-2
344,129,0,-8
190,457,0,-6
393,386,0,-5
180,311,0,-2
89,253,0,-9
144,39,0,-6
322,152,0,-1
74,393,0,-4
253,225,0,-6
283,439,0,-6
130,9,0,-2
26,298,0,-8
291,298,0,-10
302,89,0,-9
204,134,0,-5
247,232,0,-1
57,393,0,-9
379,28,0,-6
334,341,0,-1
224,334,0,-2
225,209,0,-6
125,164,0,-5
196,353,0,-6
50,316,0,-1
84,246,0,-3
347,16,0,-5
427,454,0,-3
142,431,0,-2
337,480,0,-5
378,272,0,-1
431,85,0,-1
399,177,0,-6
435,71,0,-2
187,367,0,-8
486,469,0,-9
368,310,0,-4
63,182,0,-7
178,257,0,-4
39,61,0,-7
220,174,0,-8
482,468,0,-8
82,32,0,-1
377,395,0,-7
339,33,0,-2
28,21,0,-10
153,145,0,-8
112,306,0,-7
38,319,0,-1
281,476,0,-8
231,371,0,-8
339,218,0,-1
258,445,0,-8
153,445,0,-6
13,386,0,-4
383,65,0,-4
284,135,0,-10
120,193,0,-3
180,115,0,-7
111,483,0,-3
279,444,0,-10
27,114,0,-1
403,118,0,-7
282,305,0,-10
326,488,0,-7
111,234,0,-2
281,302,0,-2
343,460,0,-2
200,236,0,-5
108,63,0,-8
232,107,0,-4
440,87,0,-10
164,375,0,-8
444,17,0,-3
75,217,0,-7
199,182,0,-10
6,108,0,-9
103,170,0,-2
257,129,0,-5
178,130,0,-1
480,187,0,-3
247,340,0,-2
456,480,0,-7
337,84,0,-3
3,13,0,-10
186,185,0,-4
103,244,0,-1
47,316,0,-9
272,91,0,-10
341,477,0,-9
230,164,0,-10
251,291,0,-2
474,232,0,-3
115,472,0,-3
174,139,0,-4
102,39,0,-3
198,393,0,-5
111,114,0,-5
379,65,0,-8
329,189,0,-6
355,314,0,-1
269,416,0,-1
393,20,0,-8
223,348,0,-10
407,459,0,-6
183,346,0,-3
239,107,0,-6
448,338,0,-10
223,37,0,-1
127,439,0,-3
113,392,0,-5
33,144,0,-3
151,113,0,-6
183,167,0,-7
97,214,0,-2
395,21,0,-8
72,231,0,-10
312,484,0,-10
173,494,0,-3
250,303,0,-1
265,298,0,-3
420,418,0,-6
260,480,0,-8
498,238,0,-6
294,473,0,-10
453,499,0,-8
71,134,0,-3
137,87,0,-8
242,217,0,-10
43,474,0,-2
43,463,0,-6
455,341,0,-2
75,346,0,-3
319,424,0,-2
8,235,0,-1
142,429,0,-3
19,196,0,-9
443,142,0,-10
408,46,0,-4
193,483,0,-6
178,466,0,-1
248,157,0,-10
338,287,0,-6
324,388,0,-1
37,466,0,-4
451,339,0,-3
338,183,0,-8
214,449,0,-9
210,436,0,-1
193,446,0,-4
221,381,0,-10
477,465,0,-8
235,389,0,-10
105,100,0,-7
159,22,0,-9
305,36,0,-8
448,483,0,-7
307,346,0,-4
21,250,0,-4
412,23,0,-6
455,494,0,-2
423,220,0,-2
67,303,0,-1
85,428,0,-8
408,210,0,-5
105,218,0,-5
10,326,0,-2
199,202,0,-8
268,101,0,-3
33,27,0,-7
49,451,0,-4
200,397,0,-3
105,52,0,-5
152,110,0,-6
400,152,0,-6
69,67,0,-5
141,450,0,-6
210,381,0,-4
297,39,0,-8
299,173,0,-9
16,107,0,-5
276,74,0,-3
414,153,0,-2
188,321,0,-9
357,426,0,-3
93,64,0,-8
208,229,0,-9
96,91,0,-9
181,458,0,-8
370,52,0,-7
81,367,0,-7
439,84,0,-3
119,323,0,-3
45,16,0,-4
373,467,0,-3
38,171,0,-5
158,338,0,-3
383,149,0,-7
109,223,0,-10
122,30,0,-1
16,181,0,-8
5,347,0,-8
250,51,0,-8
421,138,0,-6
104,454,0,-5
119,243,0,-10
121,453,0,-8
122,245,0,-10
326,244,0,-8
493,155,0,-1
218,275,0,-3
191,17,0,-2
471,132,0,-6
371,340,0,-6
456,265,0,-2
428,384,0,-2
200,241,0,-4
60,5,0,-5
442,302,0,-4
191,448,0,-5
45,70,0,-8
379,44,0,-7
498,346,0,-2
258,11,0,-4
347,26,0,-1
55,453,0,-10
380,495,0,-5
468,486,0,-3
449,192,0,-6
29,413,0,-4
377,332,0,-5
457,427,0,-1
458,366,0,-1
373,423,0,-6
405,171,0,-2
365,322,0,-8
215,425,0,-2
182,108,0,-1
445,174,0,-9
487,334,0,-3
14,434,0,-7
165,390,0,-1
441,149,0,-10
227,291,0,-4
56,303,0,-5
87,379,0,-2
446,58,0,-10
20,36,0,-9
345,141,0,-3
210,271,0,-3
361,481,0,-8
461,362,0,-3
260,483,0,-10
351,430,0,-10
219,411,0,-7
401,229,0,-2
139,256,0,-3
81,174,0,-8
482,22,0,-4
192,124,0,-10
121,42,0,-8
43,7,0,-3
190,456,0,-9
223,207,0,-7
248,358,0,-5
286,447,0,-1
144,435,0,-10
48,433,0,-2
147,288,0,-8
116,56,0,-1
479,189,0,-5
351,299,0,-2
121,318,0,-3
221,239,0,-7
373,221,0,-10
457,326,0,-10
396,269,0,-8
248,335,0,-4
306,343,0,-6
206,443,0,-5
73,471,0,-4
338,395,0,-8
120,235,0,-1
292,219,0,-4
53,175,0,-8
478,307,0,-6
379,400,0,-9
39,166,0,-1
417,275,0,-5
477,137,0,-5
167,406,0,-9
262,426,0,-10
14,40,0,-2
2,33,0,-5
135,140,0,-1
290,198,0,-6
200,497,0,-2
454,352,0,-7
46,68,0,-2
11,367,0,-8
174,221,0,-1
139,175,0,-6
242,144,0,-5
59,416,0,-4
383,448,0,-9
147,249,0,-8
23,30,0,-6
223,264,0,-9
499,166,0,-2
96,25,0,-8
490,447,0,-7
111,66,0,-3
337,459,0,-9
64,356,0,-8
318,50,0,-10
147,209,0,-2
400,144,0,-4
359,65,0,-8
360,356,0,-5
419,169,0,-4
287,228,0,-5
245,80,0,-4
236,339,0,-3
150,485,0,-4
466,256,0,-8
120,383,0,-2
45,97,0,-2
87,113,0,-7
256,52,0,-10
282,143,0,-5
475,120,0,-9
57,381,0,-10
139,77,0,-6
100,45,0,-3
274,59,0,-8
10,50,0,-7
80,252,0,-10
314,358,0,-7
126,440,0,-4
311,194,0,-6
211,65,0,-1
191,84,0,-4
106,160,0,-10
107,8,0,-6
36,59,0,-10
434,110,0,-9
344,438,0,-6
398,294,0,-3
432,75,0,-10
75,166,0,-2
222,209,0,-8
278,413,0,-7
412,300,0,-4
165,494,0,-4
483,7,0,-4
427,146,0,-1
480,5,0,-9
472,343,0,-8
236,331,0,-10
142,283,0,-7
404,441,0,-2
299,263,0,-5
467,500,0,-1
284,326,0,-9
365,296,0,-1
485,113,0,-3
283,429,0,-2
450,348,0,-7
432,275,0,-3
10,433,0,-3
61,307,0,-7
159,149,0,-10
63,399,0,-2
393,135,0,-3
331,61,0,-1
150,17,0,-7
290,300,0,-9
28,377,0,-8
112,291,0,-9
140,377,0,-5
442,448,0,-10
170,391,0,-8
318,65,0,-4
482,237,0,-2
287,45,0,-10
95,303,0,-6
491,144,0,-8
203,225,0,-5
344,365,0,-3
368,113,0,-4
465,260,0,-4
88,8,0,-6
190,139,0,-1
226,25,0,-8
73,56,0,-5
111,275,0,-10
425,20,0,-5
297,10,0,-10
491,498,0,-6
73,187,0,-10
342,265,0,-7
246,161,0,-3
54,319,0,-8
373,443,0,-1
94,18,0,-8
229,127,0,-9
157,42,0,-6
312,249,0,-5
433,159,0,-3
277,414,0,-2
285,187,0,-10
286,436,0,-10
114,10,0,-9
324,231,0,-10
290,372,0,-4
353,460,0,-4
300,138,0,-6
348,236,0,-9
128,199,0,-1
467,290,0,-1
446,490,0,-3
221,40,0,-10
320,278,0,-2
96,182,0,-9
366,385,0,-5
84,368,0,-10
356,229,0,-6
412,277,0,-3
458,465,0,-9
231,250,0,-1
324,266,0,-2
222,432,0,-6
57,287,0,-1
438,282,0,-7
8,421,0,-4
492,164,0,-9
293,125,0,-8
134,35,0,-10
179,213,0,-1
302,410,0,-1
316,235,0,-1
176,124,0,-7
103,45,0,-4
266,379,0,-9
204,479,0,-10
287,358,0,-8
276,367,0,-3
443,300,0,-4
134,241,0,-4
201,112,0,-8
360,52,0,-10
74,211,0,-9
34,353,0,-3
100,460,0,-3
86,378,0,-6
382,232,0,-4
454,414,0,-2
220,19,0,-5
89,441,0,-9
175,265,0,-9
270,216,0,-3
105,334,0,-4
388,125,0,-2
390,213,0,-9
398,248,0,-6
28,259,0,-6
421,28,0,-1
166,111,0,-3
121,292,0,-9
327,456,0,-7
184,400,0,-3
336,352,0,-10
213,216,0,-9
425,296,0,-1
288,261,0,-4
128,213,0,-5
163,217,0,-5
423,350,0,-1
384,104,0,-3
194,329,0,-6
72,201,0,-5
118,20,0,-7
50,396,0,-2
183,227,0,-2
493,341,0,-7
426,171,0,-4
313,285,0,-6
350,378,0,-8
428,445,0,-10
250,42,0,-7
496,42,0,-10
465,15,0,-10
36,169,0,-1
258,460,0,-8
282,105,0,-1
132,326,0,-9
482,361,0,-6
205,410,0,-4
81,340,0,-8
385,362,0,-4
186,435,0,-2
199,413,0,-9
12,76,0,-10
158,171,0,-10
5,328,0,-7
257,190,0,-8
205,384,0,-9
18,266,0,-9
302,300,0,-3
467,112,0,-8
77,337,0,-5
313,45,0,-4
268,387,0,-3
214,34,0,-3
100,395,0,-9
412,424,0,-6
217,293,0,-6
171,11,0,-5
159,83,0,-4
451,43,0,-6
103,152,0,-9
314,407,0,-2
473,78,0,-7
231,69,0,-4
391,261,0,-3
28,155,0,-9
433,327,0,-2
269,308,0,-10
285,155,0,-8
298,467,0,-4
415,150,0,-6
222,160,0,-6
113,294,0,-9
447,103,0,-9
143,149,0,-2
196,85,0,-4
307,396,0,-3
326,245,0,-6
321,82,0,-5
232,102,0,-9
249,414,0,-5
355,341,0,-5
71,269,0,-7
115,456,0,-8
412,385,0,-9
200,253,0,-5
23,255,0,-9
197,148,0,-8
415,126,0,-6
449,82,0,-2
500,382,0,-6
280,420,0,-6
260,116,0,-4
211,386,0,-7
220,409,0,-9
407,435,0,-3
195,366,0,-5
483,275,0,-2
499,3,0,-2
378,136,0,-3
6,100,0,-9
377,119,0,-4
365,79,0,-4
165,180,0,-4
26,322,0,-4
119,419,0,-6
412,303,0,-5
328,165,0,-6
239,333,0,-10
289,351,0,-9
178,490,0,-8
445,27,0,-6
221,169,0,-4
424,292,0,-6
264,324,0,-7
163,390,0,-4
216,387,0,-8
350,8,0,-1
142,308,0,-9
113,215,0,-1
249,331,0,-6
141,104,0,-1
494,363,0,-6
99,396,0,-6
150,190,0,-9
316,5,0,-8
489,96,0,-3
391,307,0,-7
352,47,0,-10
31,262,0,-4
374,308,0,-3
250,67,0,-6
403,9,0,-2
196,27,0,-2
496,324,0,-9
321,73,0,-4
361,250,0,-3
273,414,0,-1
279,259,0,-7
343,400,0,-2
414,134,0,-5
317,228,0,-4
167,380,0,-5
198,264,0,-8
150,37,0,-6
182,263,0,-4
75,365,0,-6
295,112,0,-8
366,347,0,-1
163,422,0,-5
340,175,0,-3
209,22,0,-8
81,353,0,-4
338,246,0,-1
311,11,0,-6
486,9,0,-1
228,373,0,-4
449,93,0,-6
119,108,0,-7
288,444,0,-9
487,438,0,-2
102,124,0,-9
117,193,0,-7
232,267,0,-9
121,194,0,-7
322,173,0,-1
129,468,0,-4
124,419,0,-7
287,40,0,-10
460,241,0,-10
267,234,0,-5
42,301,0,-10
166,382,0,-1
64,401,0,-8
80,156,0,-4
142,289,0,-5
158,430,0,-1
150,313,0,-9
207,356,0,-6
35,216,0,-4
457,398,0,-9
383,347,0,-10
452,346,0,-2
54,317,0,-8
187,107,0,-9
421,21,0,-1
73,126,0,-10
280,113,0,-4
63,185,0,-9
468,365,0,-7
239,406,0,-5
268,470,0,-6
26,393,0,-3
21,287,0,-3
102,456,0,-5
494,482,0,-8
192,471,0,-2
126,27,0,-8
477,58,0,-2
348,228,0,-5
304,17,0,-2
495,57,0,-2
260,456,0,-1
44,492,0,-6
450,77,0,-6
488,460,0,-4
374,40,0,-7
335,381,0,-9
329,271,0,-5
152,313,0,-10
43,383,0,-7
144,404,0,-1
168,235,0,-10
172,61,0,-4
435,46,0,-1
409,348,0,-8
183,73,0,-2
489,154,0,-2
408,224,0,-3
11,271,0,-3
11,114,0,-1
121,12,0,-10
443,10,0,-6
42,298,0,-10
270,196,0,-6
313,200,0,-9
477,444,0,-10
5,261,0,-8
87,27,0,-7
399,114,0,-3
329,382,0,-1
351,481,0,-2
206,195,0,-10
97,253,0,-5
68,216,0,-4
164,225,0,-2
198,147,0,-7
257,234,0,-7
474,25,0,-1
454,151,0,-1
452,390,0,-2
474,87,0,-4
338,492,0,-10
130,328,0,-10
194,304,0,-5
202,416,0,-8
406,347,0,-7
365,106,0,-8
281,328,0,-10
423,419,0,-7
396,66,0,-3
188,425,0,-8
499,41,0,-10
249,281,0,-3
118,341,0,-2
269,319,0,-2
186,285,0,-7
496,97,0,-3
161,103,0,-1
7,436,0,-2
278,268,0,-3
107,229,0,-3
278,362,0,-10
384,443,0,-5
167,90,0,-8
219,311,0,-10
441,38,0,-6
42,438,0,-6
454,113,0,-8
102,135,0,-1
463,122,0,-7
17,27,0,-6
450,308,0,-8
192,255,0,-3
237,222,0,-3
20,418,0,-9
333,347,0,-10
329,278,0,-8
250,166,0,-5
438,206,0,-1
153,150,0,-7
350,85,0,-6
127,194,0,-3
452,201,0,-10
426,134,0,-6
239,21,0,-8
480,385,0,-3
228,316,0,-10
175,376,0,-9
332,220,0,-8
206,93,0,-5
185,416,0,-9
243,276,0,-6
143,426,0,-2
309,18,0,-10
367,433,0,-6
143,410,0,-4
13,124,0,-3
51,356,0,-7
160,69,0,-9
307,108,0,-10
462,420,0,-2
305,19,0,-7
8,172,0,-5
145,403,0,-8
323,499,0,-6
338,240,0,-6
18,417,0,-5
447,473,0,-8
410,254,0,-4
367,120,0,-5
285,185,0,-2
140,210,0,-1
376,167,0,-5
65,245,0,-10
83,314,0,-1
213,249,0,-4
480,93,0,-8
479,471,0,-9
106,283,0,-4
475,347,0,-7
375,91,0,-2
354,153,0,-5
233,291,0,-2
125,55,0,-7
207,455,0,-8
60,306,0,-3
380,479,0,-2
442,475,0,-6
58,494,0,-2
404,333,0,-6
495,45,0,-5
427,18,0,-8
25,164,0,-3
84,466,0,-2
262,141,0,-7
95,191,0,-6
158,69,0,-2
477,114,0,-5
473,96,0,-4
405,86,0,-8
138,202,0,-4
392,214,0,-9
214,406,0,-4
350,380,0,-10
269,413,0,-7
374,23,0,-1
361,446,0,-7
158,491,0,-3
118,181,0,-5
468,57,0,-10
483,358,0,-9
77,46,0,-1
295,450,0,-9
342,98,0,-6
17,328,0,-7
292,212,0,-9
197,51,0,-10
59,242,0,-3
7,306,0,-7
2,17,0,-4
470,48,0,-7
3,34,0,-8
267,244,0,-6
78,343,0,-2
244,363,0,-4
207,477,0,-8
232,457,0,-1
57,198,0,-1
331,119,0,-1
80,60,0,-7
164,133,0,-6
191,450,0,-4
437,453,0,-3
485,326,0,-5
361,443,0,-1
291,108,0,-6
229,336,0,-1
211,4,0,-9
147,56,0,-8
151,261,0,-9
232,217,0,-10
48,176,0,-6
168,111,0,-3
254,286,0,-8
102,61,0,-5
284,188,0,-6
35,104,0,-2
110,231,0,-4
303,467,0,-2
298,124,0,-2
74,35,0,-2
178,453,0,-3
199,191,0,-3
318,22,0,-1
104,12,0,-3
36,466,0,-2
362,139,0,-3
315,102,0,-5
182,433,0,-1
498,77,0,-10
307,56,0,-10
1,335,0,-9
238,323,0,-10
274,333,0,-5
236,169,0,-2
373,359,0,-3
328,146,0,-6
315,39,0,-1
217,202,0,-3
32,2,0,-5
181,307,0,-10
149,312,0,-8
284,483,0,-4
77,422,0,-10
263,342,0,-7
402,207,0,-5
102,245,0,-4
221,63,0,-5
217,62,0,-6
208,293,0,-6
284,136,0,-8
253,411,0,-4
62,166,0,-1
499,471,0,-1
9,414,0,-7
384,423,0,-2
54,500,0,-9
311,211,0,-5
483,350,0,-5
160,474,0,-4
115,495,0,-9
107,170,0,-10
306,136,0,-3
60,430,0,-6
373,75,0,-3
365,91,0,-10
296,37,0,-7
335,469,0,-1
203,117,0,-6
483,15,0,-1
42,108,0,-5
318,184,0,-6
245,126,0,-10
215,251,0,-10
398,263,0,-8
440,6,0,-4
235,273,0,-2
413,197,0,-1
131,265,0,-10
71,92,0,-5
204,222,0,-4
14,347,0,-2
263,440,0,-8
462,387,0,-5
431,176,0,-5
101,333,0,-10
149,384,0,-6
277,90,0,-9
55,149,0,-6
257,460,0,-4
20,39,0,-10
312,152,0,-5
297,170,0,-9
35,185,0,-1
362,399,0,-4
497,347,0,-2
458,225,0,-9
411,262,0,-7
151,428,0,-8
304,272,0,-2
123,105,0,-4
44,75,0,-8
92,40,0,-2
169,95,0,-6
24,482,0,-1
77,143,0,-8
130,164,0,-2
301,431,0,-1
282,213,0,-2
386,67,0,-8
96,269,0,-7
78,210,0,-7
464,361,0,-6
407,19,0,-5
179,85,0,-5
317,273,0,-1
137,349,0,-10
196,91,0,-5
313,203,0,-6
11,91,0,-6
173,31,0,-2
132,6,0,-2
14,388,0,-1
322,43,0,-10
26,274,0,-2
373,451,0,-10
3,161,0,-7
371,487,0,-6
28,198,0,-9
486,150,0,-9
181,39,0,-3
129,85,0,-6
438,351,0,-4
99,410,0,-10
89,315,0,-7
125,3,0,-8
166,331,0,-7
57,447,0,-2
387,304,0,-10
311,352,0,-1
305,494,0,-3
56,407,0,-10
342,37,0,-4
376,191,0,-6
24,137,0,-1
138,25,0,-6
76,485,0,-10
365,239,0,-4
82,1,0,-1
142,365,0,-5
430,444,0,-7
73,391,0,-2
40,306,0,-5
50,59,0,-9
457,23,0,-1
13,372,0,-1
222,493,0,-3
9,19,0,-9
320,419,0,-1
431,252,0,-1
43,36,0,-10
53,225,0,-8
134,33,0,-5
465,248,0,-6
63,140,0,-10
66,230,0,-7
36,415,0,-8
469,256,0,-2
120,211,0,-7
490,318,0,-1
76,40,0,-7
211,92,0,-5
140,13,0,-3
260,340,0,-10
346,247,0,-2
244,469,0,-10
487,208,0,-10
99,54,0,-9
251,238,0,-3
27,179,0,-10
32,22,0,-10
412,282,0,-3
118,215,0,-6
348,243,0,-4
270,264,0,-1
30,481,0,-5
430,389,0,-10
197,442,0,-10
437,181,0,-3
134,394,0,-2
257,455,0,-2
10,139,0,-6
3,95,0,-5
82,456,0,-2
413,170,0,-9
226,228,0,-3
396,159,0,-7
485,142,0,-5
429,163,0,-5
259,438,0,-10
97,41,0,-4
376,203,0,-10
204,210,0,-2
262,235,0,-3
323,34,0,-3
369,335,0,-10
100,487,0,-10
17,316,0,-2
119,378,0,-4
241,77,0,-8
51,358,0,-2
322,353,0,-8
300,449,0,-2
454,294,0,-6
303,323,0,-5
227,447,0,-5
245,145,0,-9
500,375,0,-3
173,291,0,-4
1,394,0,-10
496,491,0,-8
351,422,0,-10
16,462,0,-3
141,144,0,-5
483,345,0,-3
466,255,0,-2
482,477,0,-10
335,53,0,-2
6,21,0,-4
186,164,0,-5
34,123,0,-5
273,470,0,-10
420,204,0,-2
492,188,0,-10
169,232,0,-3
221,293,0,-3
372,413,0,-9
316,417,0,-3
315,251,0,-5
170,208,0,-3
77,285,0,-6
222,170,0,-2
127,120,0,-9
381,351,0,-4
177,192,0,-10
407,133,0,-8
410,171,0,-7
137,41,0,-1
269,238,0,-2
287,445,0,-8
352,293,0,-1
236,28,0,-10
164,437,0,-7
379,61,0,-7
302,148,0,-9
347,350,0,-5
296,199,0,-3
144,428,0,-4
211,10,0,-9
253,56,0,-8
66,456,0,-4
303,374,0,-10
232,235,0,-9
371,154,0,-6
250,420,0,-10
497,107,0,-8
254,52,0,-10
351,437,0,-4
68,233,0,-9
231,247,0,-10
437,404,0,-10
61,391,0,-2
265,129,0,-2
281,338,0,-8
126,1,0,-4
249,377,0,-9
130,433,0,-5
161,397,0,-4
118,373,0,-3
481,450,0,-2
123,281,0,-2
72,106,0,-7
22,467,0,-7
304,197,0,-10
299,357,0,-9
365,27,0,-7
377,318,0,-2
92,212,0,-5
292,382,0,-5
474,125,0,-8
169,223,0,-6
305,448,0,-7
58,161,0,-4
138,180,0,-4
440,172,0,-1
260,169,0,-9
201,407,0,-5
5,407,0,-1
312,441,0,-1
475,306,0,-5
253,356,0,-8
178,89,0,-9
497,129,0,-7
334,136,0,-5
321,440,0,-9
335,355,0,-3
334,222,0,-5
477,352,0,-8
249,185,0,-5
281,271,0,-5
188,101,0,-4
493,72,0,-2
487,136,0,-9
332,352,0,-5
285,494,0,-3
141,279,0,-2
34,298,0,-9
296,332,0,-5
437,434,0,-8
393,45,0,-5
287,348,0,-9
311,314,0,-5
364,440,0,-1
288,202,0,-2
220,319,0,-3
379,241,0,-7
101,422,0,-10
189,4,0,-5
333,336,0,-2
129,270,0,-10
142,147,0,-3
64,380,0,-2
127,385,0,-5
488,167,0,-3
266,348,0,-4
495,200,0,-9
240,377,0,-4
306,109,0,-2
258,397,0,-2
7,342,0,-4
462,19,0,-1
268,380,0,-1
368,159,0,-3
7,318,0,-3
256,264,0,-5
250,382,0,-9
144,114,0,-1
208,203,0,-10
450,311,0,-3
6,200,0,-1
311,150,0,-8
101,193,0,-3
130,224,0,-1
330,247,0,-5
182,375,0,-6
247,264,0,-6
117,171,0,-1
116,240,0,-2
494,44,0,-7
80,34,0,-2
111,18,0,-10
193,71,0,-9
167,368,0,-9
413,59,0,-1
181,204,0,-8
400,243,0,-3
300,148,0,-10
198,131,0,-2
448,404,0,-4
275,220,0,-7
297,18,0,-10
446,349,0,-4
273,132,0,-8
277,245,0,-3
87,219,0,-5
482,278,0,-3
490,171,0,-1
433,112,0,-1
63,264,0,-6
160,367,0,-6
368,126,0,-10
323,241,0,-7
408,149,0,-8
299,384,0,-2
445,133,0,-5
40,464,0,-7
98,41,0,-7
400,449,0,-1
384,143,0,-2
475,8,0,-8
390,492,0,-6
192,60,0,-8
135,43,0,-5
271,276,0,-2
20,176,0,-8
461,246,0,-3
479,262,0,-10
21,474,0,-8
318,261,0,-2
39,359,0,-6
43,481,0,-1
94,352,0,-10
119,101,0,-2
474,253,0,-3
41,27,0,-7
140,422,0,-8
193,456,0,-5
16,212,0,-4
199,30,0,-3
73,59,0,-3
293,469,0,-1
449,1,0,-4
267,218,0,-9
500,117,0,-3
417,85,0,-5
55,492,0,-3
181,444,0,-10
57,194,0,-7
1,333,0,-6
65,52,0,-3
71,5,0,-7
260,249,0,-6
147,104,0,-6
326,497,0,-7
399,91,0,-10
357,165,0,-1
121,476,0,-7
398,61,0,-8
451,418,0,-2
482,263,0,-8
123,252,0,-6
40,314,0,-5
256,101,0,-1
27,148,0,-5
48,174,0,-1
322,457,0,-1
72,78,0,-3
140,353,0,-3
237,120,0,-8
335,351,0,-10
172,17,0,-4
184,405,0,-9
408,288,0,-7
159,166,0,-1
88,476,0,-5
384,249,0,-3
181,43,0,-5
231,233,0,-8
164,493,0,-2
106,311,0,-8
100,347,0,-5
424,478,0,-4
253,69,0,-6
339,127,0,-9
435,242,0,-4
122,298,0,-7
125,367,0,-8
19,241,0,-8
98,346,0,-1
340,15,0,-9
432,132,0,-3
73,27,0,-7
464,104,0,-3
273,14,0,-3
290,235,0,-8
156,368,0,-9
300,301,0,-9
412,427,0,-9
235,349,0,-5
72,419,0,-6
340,284,0,-10
184,359,0,-8
257,299,0,-8
78,328,0,-2
10,100,0,-9
2,149,0,-6
253,59,0,-8
430,494,0,-7
130,206,0,-4
108,16,0,-1
