4,504,0,86
5,505,0,57
29,529,0,15
30,530,0,79
32,532,0,70
34,534,0,94
40,540,0,74
43,543,0,85
46,546,0,74
50,550,0,97
51,551,0,34
59,559,0,65
66,566,0,53
82,582,0,24
83,583,0,6
99,599,0,79
106,606,0,74
109,609,0,66
111,611,0,11
124,624,0,72
134,634,0,55
147,647,0,4
150,650,0,59
151,651,0,19
157,657,0,50
163,663,0,26
172,672,0,23
178,678,0,33
179,679,0,43
180,680,0,73
185,685,0,23
210,710,0,33
213,713,0,97
215,715,0,47
224,724,0,54
229,729,0,69
242,742,0,34
246,746,0,55
252,752,0,93
253,753,0,41
257,757,0,63
264,764,0,70
271,771,0,74
280,780,0,8
284,784,0,24
298,798,0,9
311,811,0,92
320,820,0,84
325,825,0,78
328,828,0,75
333,833,0,62
339,839,0,77
341,841,0,18
342,842,0,71
347,847,0,77
353,853,0,97
356,856,0,94
360,860,0,16
361,861,0,34
364,864,0,51
365,865,0,33
371,871,0,63
374,874,0,74
398,898,0,97
402,902,0,56
403,903,0,86
405,905,0,71
409,909,0,63
414,914,0,58
425,925,0,66
426,926,0,97
437,937,0,45
443,943,0,26
447,947,0,29
453,953,0,4
457,957,0,8
461,961,0,65
471,971,0,22
478,978,0,29
483,983,0,32
487,987,0,12
494,994,0,88
499,999,0,19
430,228,0,-8
430,36,0,-9
228,279,0,-7
101,36,0,-6
430,182,0,-3
310,279,0,-4
310,412,0,-5
101,321,0,-6
452,412,0,-2
395,36,0,-5
337,321,0,-6
81,310,0,-5
430,423,0,-1
310,490,0,-7
81,304,0,-3
321,58,0,-3
189,228,0,-4
143,81,0,-10
14,101,0,-8
499,395,0,-10
310,173,0,-4
183,189,0,-4
395,421,0,-3
490,361,0,-6
217,182,0,-4
36,377,0,-1
101,245,0,-2
337,55,0,-10
92,452,0,-4
298,183,0,-7
310,47,0,-2
81,161,0,-4
421,303,0,-10
298,176,0,-6
14,294,0,-3
245,338,0,-6
160,377,0,-3
327,361,0,-8
319,55,0,-10
55,175,0,-3
224,58,0,-9
361,296,0,-10
45,321,0,-8
275,175,0,-8
91,279,0,-10
266,423,0,-2
183,282,0,-3
469,36,0,-4
309,183,0,-6
444,298,0,-2
163,337,0,-7
371,91,0,-2
71,182,0,-8
161,6,0,-8
337,259,0,-1
215,377,0,-6
393,183,0,-2
175,236,0,-10
462,309,0,-9
319,237,0,-1
423,66,0,-6
133,393,0,-6
11,304,0,-10
55,63,0,-7
215,403,0,-6
294,249,0,-2
317,275,0,-6
249,214,0,-8
361,479,0,-7
66,415,0,-9
214,123,0,-10
275,85,0,-7
170,47,0,-5
164,175,0,-4
275,94,0,-2
361,347,0,-1
195,259,0,-4
314,377,0,-1
202,303,0,-3
371,257,0,-5
217,441,0,-8
75,215,0,-8
338,210,0,-2
182,284,0,-6
321,425,0,-9
60,175,0,-5
441,280,0,-9
105,321,0,-9
141,338,0,-5
55,73,0,-7
399,224,0,-2
284,108,0,-1
347,15,0,-1
66,153,0,-1
304,86,0,-2
228,131,0,-9
199,161,0,-10
14,65,0,-7
477,58,0,-10
102,259,0,-10
160,252,0,-6
219,182,0,-1
81,167,0,-6
254,403,0,-7
339,183,0,-9
80,11,0,-5
401,102,0,-10
280,467,0,-3
219,155,0,-9
101,436,0,-9
366,339,0,-5
105,216,0,-7
10,143,0,-2
257,357,0,-9
178,423,0,-6
399,297,0,-9
243,423,0,-1
433,296,0,-4
393,62,0,-1
146,224,0,-1
13,105,0,-10
319,354,0,-1
210,140,0,-8
173,272,0,-10
55,23,0,-10
347,363,0,-10
65,106,0,-10
60,35,0,-8
299,441,0,-5
368,423,0,-10
303,8,0,-1
461,65,0,-10
192,11,0,-3
415,350,0,-7
452,251,0,-9
333,92,0,-6
334,338,0,-1
100,309,0,-6
298,77,0,-5
168,102,0,-8
127,224,0,-9
192,87,0,-8
366,351,0,-7
70,75,0,-5
153,463,0,-2
484,377,0,-3
257,473,0,-8
484,301,0,-4
396,377,0,-7
261,65,0,-9
363,50,0,-6
405,296,0,-3
350,329,0,-5
70,231,0,-10
183,288,0,-6
106,398,0,-8
46,101,0,-5
483,6,0,-10
373,298,0,-2
267,347,0,-10
109,106,0,-10
339,331,0,-5
261,285,0,-2
213,183,0,-7
118,280,0,-2
421,489,0,-5
428,415,0,-8
123,191,0,-7
226,81,0,-5
301,233,0,-1
425,59,0,-4
146,276,0,-4
478,461,0,-2
393,402,0,-8
433,159,0,-1
161,295,0,-1
256,60,0,-6
101,370,0,-6
59,454,0,-2
230,399,0,-2
267,150,0,-2
144,226,0,-9
56,267,0,-5
206,478,0,-4
198,85,0,-4
55,136,0,-6
371,126,0,-8
215,306,0,-7
212,309,0,-9
462,456,0,-8
152,175,0,-10
73,459,0,-1
101,341,0,-3
264,164,0,-5
114,425,0,-8
321,28,0,-10
29,321,0,-6
72,285,0,-3
331,340,0,-3
91,157,0,-7
58,181,0,-9
98,127,0,-9
299,460,0,-4
75,205,0,-7
330,462,0,-1
90,228,0,-4
395,487,0,-7
279,332,0,-10
133,78,0,-1
421,431,0,-6
158,102,0,-1
243,271,0,-4
233,110,0,-10
271,365,0,-9
338,286,0,-4
457,337,0,-3
148,304,0,-4
157,18,0,-5
407,338,0,-6
354,207,0,-7
36,223,0,-5
176,397,0,-8
278,257,0,-8
422,401,0,-10
53,490,0,-3
364,59,0,-4
22,412,0,-5
259,7,0,-1
393,359,0,-8
269,366,0,-2
245,184,0,-3
126,139,0,-10
93,126,0,-5
167,147,0,-1
285,387,0,-7
354,248,0,-4
233,464,0,-9
110,352,0,-7
113,223,0,-2
420,405,0,-4
155,52,0,-6
436,30,0,-10
105,302,0,-1
156,223,0,-8
250,428,0,-9
106,427,0,-2
442,13,0,-8
293,354,0,-6
148,49,0,-8
90,268,0,-8
405,342,0,-4
224,485,0,-4
199,51,0,-3
305,396,0,-9
358,50,0,-6
229,366,0,-2
491,304,0,-10
228,379,0,-7
454,313,0,-10
458,306,0,-6
434,271,0,-9
497,49,0,-2
194,469,0,-6
376,219,0,-2
11,481,0,-5
246,310,0,-6
143,174,0,-9
180,66,0,-10
19,123,0,-3
139,476,0,-4
202,386,0,-2
64,402,0,-3
463,240,0,-1
119,223,0,-2
459,121,0,-5
213,1,0,-10
441,471,0,-2
500,102,0,-1
143,162,0,-6
71,447,0,-8
342,165,0,-10
480,489,0,-1
295,416,0,-3
389,163,0,-8
291,87,0,-5
137,86,0,-6
138,45,0,-7
25,80,0,-10
95,49,0,-9
55,432,0,-5
279,40,0,-10
323,178,0,-8
480,196,0,-1
63,381,0,-5
224,197,0,-8
434,449,0,-9
424,101,0,-2
376,391,0,-6
494,13,0,-7
22,96,0,-2
483,426,0,-1
352,31,0,-3
68,279,0,-1
54,96,0,-4
352,493,0,-9
389,273,0,-2
480,414,0,-4
116,47,0,-8
26,461,0,-8
13,320,0,-9
345,424,0,-8
397,244,0,-4
495,454,0,-4
462,61,0,-7
493,201,0,-1
126,443,0,-7
312,93,0,-5
432,308,0,-5
232,98,0,-9
287,87,0,-1
324,298,0,-1
129,75,0,-3
291,369,0,-6
365,438,0,-3
208,192,0,-5
125,459,0,-6
155,290,0,-3
45,193,0,-1
120,215,0,-9
235,370,0,-9
413,337,0,-8
86,258,0,-8
5,306,0,-10
174,89,0,-6
289,217,0,-1
378,180,0,-4
261,384,0,-3
253,312,0,-8
172,376,0,-4
413,190,0,-6
194,417,0,-10
480,48,0,-7
130,86,0,-5
244,255,0,-8
112,377,0,-5
237,234,0,-3
380,284,0,-7
237,43,0,-8
94,2,0,-1
429,114,0,-7
74,432,0,-5
339,111,0,-10
59,445,0,-2
227,490,0,-5
226,400,0,-7
345,307,0,-8
409,310,0,-5
349,364,0,-2
107,473,0,-10
124,162,0,-7
20,7,0,-7
34,477,0,-2
171,8,0,-6
66,353,0,-10
372,81,0,-4
16,333,0,-3
189,283,0,-1
367,320,0,-8
488,20,0,-1
408,428,0,-6
494,472,0,-1
498,192,0,-3
268,270,0,-3
69,183,0,-2
436,82,0,-3
43,76,0,-6
438,177,0,-4
225,121,0,-10
128,288,0,-4
269,218,0,-8
309,328,0,-8
459,411,0,-2
14,475,0,-8
179,193,0,-10
145,372,0,-10
227,390,0,-10
232,344,0,-8
17,481,0,-10
319,448,0,-2
335,110,0,-4
176,385,0,-2
486,479,0,-9
408,67,0,-10
392,69,0,-5
409,97,0,-2
369,117,0,-7
268,470,0,-8
17,44,0,-3
288,292,0,-2
186,309,0,-1
340,300,0,-3
460,382,0,-8
203,1,0,-10
115,30,0,-7
83,81,0,-3
32,246,0,-3
315,487,0,-6
16,4,0,-10
362,246,0,-9
24,251,0,-2
202,154,0,-9
183,132,0,-6
200,427,0,-8
22,277,0,-1
459,274,0,-2
77,468,0,-7
81,336,0,-5
242,249,0,-9
35,104,0,-9
439,225,0,-2
478,241,0,-3
99,329,0,-3
310,455,0,-8
466,314,0,-4
453,488,0,-1
328,343,0,-9
285,318,0,-6
383,479,0,-9
27,24,0,-1
116,265,0,-7
281,313,0,-10
404,107,0,-8
230,149,0,-4
185,264,0,-7
418,155,0,-3
151,44,0,-10
385,410,0,-7
356,453,0,-6
171,38,0,-6
16,451,0,-3
301,435,0,-6
231,21,0,-3
237,88,0,-6
294,465,0,-5
419,361,0,-4
54,238,0,-6
84,254,0,-3
22,166,0,-7
355,261,0,-7
135,288,0,-9
257,188,0,-7
348,13,0,-2
311,202,0,-4
342,122,0,-4
328,169,0,-6
410,263,0,-5
246,209,0,-2
375,243,0,-10
233,262,0,-4
409,360,0,-7
197,42,0,-9
489,3,0,-5
142,133,0,-9
112,9,0,-4
37,273,0,-8
458,39,0,-5
278,496,0,-6
322,425,0,-7
41,128,0,-6
27,374,0,-9
258,12,0,-5
440,155,0,-10
450,162,0,-8
268,187,0,-4
127,388,0,-5
59,474,0,-9
346,454,0,-4
48,325,0,-6
316,118,0,-3
211,500,0,-3
312,260,0,-8
495,134,0,-5
406,475,0,-2
460,103,0,-7
394,188,0,-10
130,33,0,-4
222,16,0,-2
295,239,0,-8
441,79,0,-6
220,323,0,-6
57,65,0,-2
247,353,0,-9
342,221,0,-6
204,337,0,-7
443,492,0,-2
62,437,0,-10
326,14,0,-1
482,92,0,-2
446,394,0,-2
73,7,0,-4
488,322,0,-4
103,51,0,-10
351,180,0,-9
419,312,0,-5
133,475,0,-4
364,297,0,-10
333,331,0,-7
391,103,0,-8
148,22,0,-3
246,234,0,-7
217,449,0,-7
326,266,0,-4
247,226,0,-6
283,310,0,-6
110,405,0,-8
356,252,0,-4
156,229,0,-4
318,348,0,-2
404,203,0,-4
59,123,0,-8
191,140,0,-5
37,332,0,-7
343,110,0,-6
417,180,0,-5
129,83,0,-10
205,169,0,-2
336,327,0,-1
347,279,0,-3
489,490,0,-9
460,193,0,-5
124,183,0,-6
94,12,0,-6
103,44,0,-10
416,400,0,-9
453,282,0,-7
280,364,0,-10
168,494,0,-6
243,499,0,-4
115,261,0,-1
287,307,0,-6
61,107,0,-1
176,401,0,-7
57,373,0,-1
253,159,0,-5
336,441,0,-9
285,218,0,-6
407,354,0,-10
391,116,0,-8
194,222,0,-4
284,492,0,-10
166,390,0,-1
406,329,0,-5
219,366,0,-7
407,197,0,-6
254,46,0,-6
252,476,0,-5
50,165,0,-9
73,307,0,-4
103,89,0,-1
65,201,0,-5
333,229,0,-7
275,147,0,-1
337,19,0,-4
378,393,0,-2
134,257,0,-8
420,446,0,-9
426,74,0,-9
191,277,0,-6
400,321,0,-4
417,420,0,-10
377,497,0,-3
481,169,0,-6
38,170,0,-9
208,489,0,-10
214,55,0,-8
217,228,0,-9
175,172,0,-10
87,294,0,-8
102,57,0,-10
442,192,0,-10
205,329,0,-3
399,355,0,-9
282,200,0,-3
262,166,0,-5
384,94,0,-7
369,385,0,-1
420,356,0,-2
95,227,0,-9
47,389,0,-8
454,406,0,-3
393,314,0,-6
210,199,0,-6
143,190,0,-6
423,290,0,-8
419,290,0,-8
316,157,0,-3
320,151,0,-4
223,257,0,-3
237,462,0,-9
391,465,0,-5
443,140,0,-8
43,123,0,-7
298,355,0,-4
384,145,0,-9
394,399,0,-8
111,289,0,-8
59,294,0,-3
206,127,0,-10
12,398,0,-4
308,225,0,-6
238,56,0,-3
279,236,0,-6
332,119,0,-2
356,52,0,-8
142,321,0,-7
433,166,0,-6
248,25,0,-4
27,471,0,-8
310,88,0,-4
168,56,0,-2
89,333,0,-9
53,396,0,-4
114,181,0,-5
155,212,0,-4
264,354,0,-7
405,369,0,-5
70,217,0,-10
183,450,0,-7
404,225,0,-10
315,444,0,-1
299,296,0,-3
145,68,0,-8
17,388,0,-9
260,178,0,-6
157,291,0,-4
101,86,0,-6
145,158,0,-4
339,444,0,-3
206,65,0,-2
398,415,0,-9
383,28,0,-3
347,78,0,-4
320,30,0,-9
492,415,0,-7
269,483,0,-2
17,60,0,-9
32,282,0,-8
368,433,0,-5
313,323,0,-7
390,86,0,-7
135,217,0,-7
249,103,0,-2
60,95,0,-1
69,348,0,-8
144,5,0,-7
25,284,0,-5
230,32,0,-1
74,41,0,-6
339,332,0,-4
448,261,0,-7
164,315,0,-3
311,115,0,-4
327,159,0,-1
335,332,0,-2
43,193,0,-3
135,119,0,-2
265,214,0,-7
411,200,0,-5
403,480,0,-7
253,410,0,-5
448,459,0,-9
363,16,0,-5
500,220,0,-6
275,357,0,-3
361,480,0,-5
174,127,0,-3
343,84,0,-9
399,323,0,-10
463,313,0,-9
487,24,0,-5
76,352,0,-6
470,476,0,-5
345,85,0,-7
38,305,0,-2
19,457,0,-1
18,319,0,-1
98,113,0,-10
417,188,0,-4
55,451,0,-5
110,190,0,-10
209,349,0,-8
387,49,0,-9
1,101,0,-5
440,256,0,-5
172,330,0,-3
305,21,0,-1
500,200,0,-10
359,337,0,-9
419,447,0,-2
491,389,0,-10
293,227,0,-1
63,149,0,-1
190,194,0,-3
117,316,0,-9
487,105,0,-5
409,405,0,-4
356,352,0,-10
226,295,0,-3
23,313,0,-7
170,254,0,-6
73,361,0,-1
115,313,0,-5
92,350,0,-1
391,280,0,-2
339,12,0,-4
334,484,0,-4
299,88,0,-3
436,102,0,-9
195,453,0,-1
336,74,0,-9
446,70,0,-3
84,431,0,-5
360,200,0,-7
181,464,0,-5
270,11,0,-6
165,251,0,-3
243,252,0,-9
181,435,0,-7
226,312,0,-3
410,92,0,-8
128,259,0,-5
134,288,0,-10
127,479,0,-5
213,405,0,-8
471,456,0,-2
254,36,0,-9
259,416,0,-4
302,165,0,-2
419,185,0,-9
242,205,0,-3
373,154,0,-6
369,170,0,-8
338,119,0,-7
370,177,0,-7
371,29,0,-1
140,215,0,-4
156,312,0,-5
181,151,0,-5
386,165,0,-2
286,487,0,-7
226,301,0,-9
372,64,0,-9
239,60,0,-2
337,332,0,-7
36,256,0,-1
73,39,0,-10
179,97,0,-7
344,117,0,-6
360,177,0,-9
133,462,0,-5
356,491,0,-3
407,446,0,-2
124,383,0,-10
73,476,0,-2
45,186,0,-3
500,312,0,-5
219,408,0,-8
73,151,0,-3
64,234,0,-6
421,174,0,-3
407,251,0,-6
105,96,0,-2
473,371,0,-8
343,289,0,-9
282,481,0,-8
472,258,0,-1
148,464,0,-3
410,191,0,-9
93,157,0,-9
357,226,0,-5
278,121,0,-2
8,234,0,-1
65,158,0,-10
370,173,0,-4
461,441,0,-3
332,263,0,-6
296,135,0,-9
83,200,0,-1
431,15,0,-6
39,3,0,-7
375,422,0,-10
116,179,0,-5
344,34,0,-1
383,155,0,-6
425,386,0,-7
436,479,0,-8
113,111,0,-10
185,127,0,-6
447,341,0,-1
287,448,0,-9
329,408,0,-1
404,247,0,-6
450,100,0,-9
209,153,0,-4
207,497,0,-1
218,64,0,-8
128,470,0,-7
444,448,0,-5
71,397,0,-5
255,14,0,-8
223,83,0,-7
81,19,0,-9
153,28,0,-10
24,209,0,-10
396,252,0,-4
389,365,0,-9
208,449,0,-1
369,10,0,-5
3,369,0,-9
89,32,0,-4
319,132,0,-10
303,428,0,-7
400,457,0,-8
121,435,0,-5
41,79,0,-2
386,244,0,-4
289,399,0,-1
74,264,0,-8
7,473,0,-1
40,412,0,-3
233,237,0,-3
54,451,0,-10
112,56,0,-10
270,160,0,-3
164,51,0,-10
59,405,0,-3
171,492,0,-1
77,221,0,-5
211,252,0,-5
201,138,0,-3
69,213,0,-9
100,297,0,-5
412,351,0,-2
112,290,0,-4
38,389,0,-2
75,84,0,-7
91,1,0,-6
47,58,0,-5
30,198,0,-5
366,165,0,-10
379,15,0,-9
115,449,0,-5
410,454,0,-9
409,203,0,-8
367,495,0,-8
79,266,0,-9
87,250,0,-6
15,338,0,-10
269,119,0,-3
78,262,0,-5
138,338,0,-5
169,126,0,-3
29,198,0,-6
84,64,0,-10
43,154,0,-10
255,378,0,-1
377,191,0,-6
136,451,0,-7
5,307,0,-5
289,64,0,-5
30,296,0,-6
215,341,0,-9
20,417,0,-1
152,292,0,-8
107,245,0,-5
179,330,0,-1
55,351,0,-6
88,474,0,-9
72,291,0,-4
66,255,0,-10
177,407,0,-1
463,425,0,-8
55,399,0,-4
217,9,0,-3
315,73,0,-7
1,171,0,-8
301,126,0,-10
40,291,0,-4
411,189,0,-6
296,461,0,-1
432,116,0,-8
26,85,0,-1
261,262,0,-4
117,280,0,-8
493,164,0,-7
135,103,0,-7
158,148,0,-2
200,487,0,-4
129,303,0,-1
370,239,0,-7
398,210,0,-2
313,420,0,-9
412,137,0,-7
457,461,0,-5
193,80,0,-9
90,475,0,-1
366,49,0,-6
174,109,0,-9
392,447,0,-1
217,201,0,-6
164,449,0,-9
224,126,0,-1
158,423,0,-1
29,478,0,-9
11,105,0,-4
411,332,0,-6
315,361,0,-4
4,297,0,-10
426,351,0,-10
298,466,0,-1
397,331,0,-7
140,409,0,-8
169,160,0,-5
445,240,0,-8
220,148,0,-4
100,283,0,-2
30,261,0,-1
181,205,0,-10
499,166,0,-3
149,361,0,-2
121,295,0,-6
371,202,0,-7
380,105,0,-7
430,485,0,-8
74,31,0,-2
344,183,0,-4
464,453,0,-5
388,253,0,-6
358,98,0,-1
99,330,0,-8
287,164,0,-10
410,312,0,-8
182,189,0,-8
326,365,0,-6
326,137,0,-9
409,237,0,-10
372,217,0,-9
220,348,0,-7
120,196,0,-8
183,347,0,-1
267,499,0,-5
215,112,0,-9
25,173,0,-2
98,392,0,-8
435,344,0,-3
255,74,0,-3
397,374,0,-4
404,434,0,-4
194,475,0,-4
45,334,0,-7
147,22,0,-4
188,312,0,-3
212,237,0,-6
341,52,0,-1
475,109,0,-10
425,472,0,-1
223,478,0,-7
495,474,0,-3
323,259,0,-9
443,182,0,-8
346,292,0,-9
402,17,0,-10
462,372,0,-3
29,361,0,-10
73,262,0,-9
353,81,0,-8
488,15,0,-2
345,94,0,-1
496,248,0,-5
22,12,0,-8
139,389,0,-5
250,44,0,-6
261,111,0,-9
445,120,0,-1
112,432,0,-4
297,74,0,-9
407,321,0,-8
134,181,0,-4
404,245,0,-9
392,298,0,-5
258,330,0,-8
217,167,0,-7
472,14,0,-5
440,92,0,-2
285,48,0,-6
271,497,0,-7
234,368,0,-7
359,308,0,-6
440,231,0,-4
36,145,0,-9
28,341,0,-4
494,205,0,-7
424,457,0,-1
179,11,0,-7
213,51,0,-4
133,407,0,-1
297,39,0,-8
396,370,0,-9
76,482,0,-5
237,375,0,-1
345,332,0,-7
348,74,0,-2
304,203,0,-2
317,359,0,-4
467,131,0,-9
190,317,0,-4
486,107,0,-2
179,36,0,-9
49,253,0,-2
168,440,0,-10
91,67,0,-2
246,240,0,-9
10,486,0,-6
279,5,0,-7
276,313,0,-10
30,383,0,-8
98,337,0,-3
231,157,0,-5
308,397,0,-2
359,401,0,-5
256,331,0,-4
37,439,0,-9
78,399,0,-5
33,500,0,-10
118,387,0,-2
10,240,0,-2
288,378,0,-5
331,23,0,-10
428,3,0,-7
416,279,0,-7
468,179,0,-2
294,414,0,-4
311,259,0,-10
49,256,0,-9
2,72,0,-7
464,136,0,-3
495,349,0,-8
55,302,0,-3
133,117,0,-2
264,276,0,-1
165,231,0,-10
11,496,0,-5
38,158,0,-7
94,68,0,-5
75,373,0,-9
11,81,0,-10
188,342,0,-7
5,110,0,-10
240,171,0,-6
236,343,0,-3
417,178,0,-6
23,200,0,-6
298,73,0,-1
116,373,0,-8
206,290,0,-6
385,8,0,-10
22,86,0,-5
47,128,0,-4
412,80,0,-5
468,388,0,-9
228,173,0,-7
156,454,0,-6
255,208,0,-5
399,53,0,-2
241,259,0,-8
111,154,0,-6
466,335,0,-7
386,311,0,-8
141,138,0,-2
179,403,0,-5
491,24,0,-2
490,334,0,-8
273,233,0,-8
200,414,0,-10
194,236,0,-9
39,169,0,-10
25,176,0,-9
107,435,0,-5
412,206,0,-5
12,155,0,-8
495,72,0,-9
25,483,0,-8
354,11,0,-10
388,500,0,-9
30,190,0,-6
363,461,0,-4
478,99,0,-2
284,484,0,-9
500,62,0,-9
124,272,0,-5
136,197,0,-10
415,301,0,-3
420,66,0,-10
249,465,0,-7
260,54,0,-6
188,380,0,-2
204,359,0,-5
421,462,0,-4
155,392,0,-9
389,215,0,-9
329,152,0,-5
140,417,0,-10
294,441,0,-10
130,44,0,-3
381,39,0,-2
405,300,0,-9
177,260,0,-5
123,390,0,-9
428,79,0,-9
122,29,0,-9
6,65,0,-10
325,2,0,-4
365,409,0,-1
19,177,0,-1
375,469,0,-9
89,296,0,-5
482,385,0,-5
72,220,0,-10
155,46,0,-7
130,162,0,-1
366,67,0,-5
120,437,0,-9
352,124,0,-3
203,321,0,-1
442,197,0,-10
120,134,0,-5
198,200,0,-10
52,81,0,-6
493,52,0,-3
423,302,0,-3
11,321,0,-10
113,44,0,-4
279,388,0,-2
443,385,0,-5
5,500,0,-1
407,95,0,-2
314,24,0,-7
352,279,0,-3
200,365,0,-5
367,146,0,-5
93,243,0,-10
367,282,0,-4
416,424,0,-2
50,92,0,-1
428,383,0,-2
142,183,0,-3
88,112,0,-2
45,24,0,-8
5,434,0,-2
279,175,0,-6
338,215,0,-8
398,366,0,-2
408,382,0,-8
330,243,0,-8
487,495,0,-3
295,256,0,-7
87,14,0,-8
205,463,0,-1
123,291,0,-2
57,20,0,-9
322,403,0,-9
163,230,0,-6
128,468,0,-2
93,159,0,-1
101,227,0,-8
316,162,0,-10
353,91,0,-2
265,231,0,-2
257,344,0,-1
58,475,0,-1
190,356,0,-6
292,132,0,-1
287,128,0,-7
180,233,0,-5
337,121,0,-2
32,437,0,-5
281,403,0,-1
184,450,0,-8
386,16,0,-8
378,489,0,-8
449,111,0,-1
422,226,0,-8
323,310,0,-7
362,329,0,-8
307,299,0,-6
494,495,0,-5
352,426,0,-10
473,91,0,-5
172,247,0,-1
121,229,0,-4
239,412,0,-10
237,397,0,-8
446,481,0,-7
123,218,0,-9
204,389,0,-9
111,242,0,-10
143,84,0,-1
255,81,0,-9
95,132,0,-2
175,225,0,-9
98,212,0,-2
434,115,0,-6
209,361,0,-5
93,45,0,-4
259,6,0,-8
294,375,0,-2
107,422,0,-6
93,238,0,-10
285,76,0,-2
198,44,0,-5
237,103,0,-1
281,179,0,-4
460,70,0,-4
141,386,0,-5
58,457,0,-8
461,152,0,-4
5,403,0,-9
419,319,0,-9
397,318,0,-2
136,421,0,-8
76,377,0,-6
45,207,0,-3
465,202,0,-3
280,26,0,-9
270,396,0,-4
105,402,0,-3
74,235,0,-8
483,127,0,-4
348,427,0,-8
332,156,0,-5
192,153,0,-10
302,482,0,-1
73,454,0,-9
500,482,0,-5
244,26,0,-8
200,247,0,-4
52,340,0,-6
50,328,0,-8
441,60,0,-9
322,129,0,-2
278,348,0,-5
185,246,0,-6
319,478,0,-2
333,248,0,-4
66,309,0,-3
129,354,0,-5
105,316,0,-9
182,170,0,-10
496,326,0,-9
28,81,0,-1
311,308,0,-1
296,257,0,-2
374,120,0,-2
36,425,0,-9
351,296,0,-5
299,396,0,-9
217,252,0,-10
441,146,0,-5
347,83,0,-3
15,78,0,-9
249,292,0,-9
465,410,0,-7
326,232,0,-10
369,97,0,-9
116,320,0,-3
407,325,0,-2
416,149,0,-1
500,479,0,-9
31,388,0,-9
384,281,0,-8
3,150,0,-8
407,422,0,-4
35,192,0,-7
138,347,0,-10
38,494,0,-10
16,191,0,-8
319,135,0,-6
181,365,0,-5
196,78,0,-2
370,433,0,-4
227,108,0,-4
436,417,0,-8
279,16,0,-4
155,21,0,-8
485,439,0,-6
170,52,0,-10
238,434,0,-9
57,66,0,-7
242,100,0,-6
294,349,0,-7
362,157,0,-7
177,128,0,-5
420,239,0,-6
405,114,0,-4
139,185,0,-2
397,233,0,-3
83,114,0,-1
110,62,0,-6
157,376,0,-2
86,474,0,-4
440,144,0,-6
266,473,0,-7
186,82,0,-1
361,177,0,-6
334,482,0,-5
475,59,0,-6
121,266,0,-10
298,434,0,-4
39,27,0,-9
142,146,0,-6
499,77,0,-7
169,40,0,-3
459,500,0,-1
151,476,0,-6
401,226,0,-3
460,24,0,-5
372,206,0,-7
266,3,0,-5
236,74,0,-2
380,35,0,-9
483,172,0,-7
471,454,0,-10
118,483,0,-6
190,243,0,-5
421,400,0,-9
371,496,0,-4
317,37,0,-7
110,135,0,-10
193,226,0,-9
314,318,0,-3
219,458,0,-4
498,72,0,-7
413,40,0,-7
196,102,0,-9
223,244,0,-3
3,204,0,-8
216,327,0,-3
70,163,0,-3
335,384,0,-10
136,38,0,-7
447,483,0,-9
196,76,0,-10
412,472,0,-8
389,466,0,-2
25,499,0,-2
201,459,0,-4
58,178,0,-4
233,24,0,-2
13,251,0,-4
29,187,0,-5
483,187,0,-10
53,50,0,-8
44,499,0,-9
160,147,0,-9
279,481,0,-1
158,435,0,-8
42,316,0,-8
97,335,0,-6
6,135,0,-2
414,287,0,-9
388,196,0,-2
413,163,0,-4
342,148,0,-8
261,444,0,-3
117,359,0,-9
413,415,0,-3
398,4,0,-10
255,279,0,-9
87,145,0,-4
184,36,0,-1
253,350,0,-5
143,149,0,-3
315,146,0,-3
373,477,0,-9
500,136,0,-2
415,168,0,-7
47,466,0,-3
295,414,0,-2
313,162,0,-7
27,172,0,-2
92,297,0,-8
168,1,0,-4
416,367,0,-4
345,1,0,-7
445,380,0,-8
1,197,0,-6
180,493,0,-4
442,492,0,-2
94,87,0,-5
479,441,0,-3
109,488,0,-10
281,125,0,-10
288,323,0,-8
79,294,0,-7
96,67,0,-2
451,101,0,-2
351,173,0,-4
399,90,0,-7
237,56,0,-1
426,142,0,-2
419,410,0,-2
97,466,0,-9
306,275,0,-6
454,451,0,-9
383,127,0,-2
87,247,0,-6
297,304,0,-3
22,98,0,-8
431,218,0,-7
263,186,0,-8
17,181,0,-9
209,117,0,-7
459,9,0,-8
12,223,0,-3
251,289,0,-5
427,332,0,-5
132,354,0,-5
51,6,0,-9
179,211,0,-6
161,92,0,-2
466,378,0,-7
402,275,0,-1
25,47,0,-10
445,151,0,-3
465,51,0,-1
396,24,0,-2
329,145,0,-8
394,173,0,-4
146,69,0,-10
457,201,0,-9
482,14,0,-1
20,393,0,-6
147,201,0,-8
181,233,0,-2
268,391,0,-4
97,74,0,-7
327,380,0,-5
267,54,0,-5
335,280,0,-9
144,289,0,-6
149,119,0,-5
438,250,0,-10
454,246,0,-8
288,36,0,-8
189,365,0,-9
462,179,0,-6
300,321,0,-8
338,76,0,-1
122,111,0,-5
275,241,0,-1
122,337,0,-5
230,1,0,-4
99,341,0,-8
103,119,0,-7
254,286,0,-3
413,267,0,-1
376,458,0,-6
338,204,0,-1
400,259,0,-3
470,196,0,-2
98,457,0,-10
62,316,0,-5
156,143,0,-2
358,164,0,-2
96,294,0,-8
325,201,0,-1
445,83,0,-8
227,387,0,-1
228,142,0,-5
221,20,0,-3
49,14,0,-9
181,276,0,-3
143,65,0,-6
28,128,0,-3
468,327,0,-4
486,453,0,-3
62,141,0,-9
203,280,0,-6
99,413,0,-1
286,89,0,-9
464,197,0,-4
179,142,0,-8
467,256,0,-3
84,494,0,-7
53,476,0,-1
44,43,0,-1
315,235,0,-9
68,388,0,-2
427,480,0,-5
465,480,0,-6
382,450,0,-1
307,187,0,-4
81,118,0,-8
219,454,0,-10
326,333,0,-10
308,176,0,-10
215,219,0,-4
21,96,0,-7
2,462,0,-1
95,288,0,-9
488,463,0,-6
279,221,0,-3
437,338,0,-1
162,149,0,-4
303,194,0,-2
400,255,0,-3
487,86,0,-4
301,321,0,-7
254,264,0,-4
457,139,0,-2
40,419,0,-4
51,171,0,-9
8,184,0,-4
100,26,0,-5
61,253,0,-8
136,282,0,-5
19,92,0,-6
281,402,0,-4
384,130,0,-4
138,113,0,-8
401,44,0,-1
421,137,0,-9
76,448,0,-10
72,148,0,-2
313,357,0,-3
59,355,0,-10
61,112,0,-4
93,143,0,-6
233,114,0,-10
64,423,0,-10
304,243,0,-1
33,187,0,-7
461,229,0,-1
239,483,0,-8
197,249,0,-5
302,16,0,-7
111,276,0,-6
91,409,0,-9
111,29,0,-8
239,205,0,-10
255,210,0,-1
315,178,0,-10
72,330,0,-1
325,204,0,-4
493,307,0,-1
267,459,0,-10
443,499,0,-6
370,367,0,-9
411,117,0,-7
3,427,0,-10
226,355,0,-2
79,112,0,-1
282,376,0,-5
496,314,0,-10
129,423,0,-5
265,317,0,-8
177,388,0,-4
317,229,0,-10
87,172,0,-9
220,467,0,-8
98,44,0,-3
420,460,0,-7
386,494,0,-5
45,173,0,-4
332,87,0,-5
107,482,0,-5
281,148,0,-6
350,336,0,-2
393,195,0,-2
279,153,0,-7
195,491,0,-7
327,265,0,-4
50,340,0,-1
151,371,0,-7
41,182,0,-9
426,317,0,-10
319,184,0,-10
184,365,0,-8
91,30,0,-2
328,131,0,-2
134,252,0,-5
269,256,0,-6
131,74,0,-2
256,378,0,-5
37,16,0,-5
232,187,0,-8
430,261,0,-6
61,386,0,-2
75,294,0,-1
308,484,0,-7
26,274,0,-2
304,496,0,-2
49,273,0,-8
230,478,0,-10
380,130,0,-4
396,361,0,-8
225,48,0,-2
112,277,0,-2
399,61,0,-5
308,212,0,-3
13,15,0,-8
455,498,0,-8
111,175,0,-7
357,272,0,-3
487,54,0,-7
460,250,0,-7
227,232,0,-10
119,37,0,-7
352,167,0,-9
154,195,0,-2
69,94,0,-4
256,165,0,-2
173,281,0,-8
37,259,0,-10
113,176,0,-6
298,206,0,-2
456,498,0,-10
217,461,0,-1
19,305,0,-2
208,60,0,-7
462,204,0,-2
440,192,0,-8
234,314,0,-2
423,496,0,-1
287,156,0,-8
8,228,0,-10
391,463,0,-10
22,196,0,-6
157,417,0,-4
81,232,0,-7
491,278,0,-1
113,310,0,-9
124,213,0,-1
78,408,0,-1
129,499,0,-5
106,126,0,-7
44,53,0,-3
425,308,0,-9
112,140,0,-5
115,331,0,-1
490,268,0,-6
308,443,0,-6
282,60,0,-5
69,160,0,-3
338,472,0,-7
34,300,0,-4
112,242,0,-7
465,35,0,-2
89,364,0,-5
266,112,0,-3
203,60,0,-8
12,179,0,-7
269,275,0,-5
222,118,0,-5
317,134,0,-2
378,299,0,-8
191,413,0,-1
356,207,0,-5
35,482,0,-9
178,22,0,-9
426,372,0,-1
405,29,0,-10
328,175,0,-6
51,220,0,-6
202,406,0,-1
110,267,0,-2
78,265,0,-10
317,404,0,-3
409,175,0,-6
221,11,0,-8
349,150,0,-2
135,169,0,-4
380,75,0,-5
17,313,0,-8
299,167,0,-9
226,204,0,-1
471,187,0,-7
83,148,0,-3
151,126,0,-3
176,209,0,-10
147,486,0,-9
310,54,0,-5
8,460,0,-10
479,293,0,-3
187,417,0,-7
386,385,0,-1
101,67,0,-2
58,173,0,-10
351,259,0,-2
489,269,0,-6
306,218,0,-4
349,428,0,-6
246,287,0,-9
302,327,0,-5
116,479,0,-9
125,383,0,-1
450,489,0,-5
38,450,0,-3
254,29,0,-2
232,78,0,-9
83,196,0,-2
210,251,0,-2
45,353,0,-8
129,52,0,-9
203,89,0,-3
272,327,0,-9
26,466,0,-7
4,1,0,-2
224,271,0,-3
172,2,0,-5
41,84,0,-4
418,231,0,-6
192,327,0,-6
42,394,0,-4
212,362,0,-3
178,404,0,-2
463,452,0,-2
61,24,0,-8
218,158,0,-1
386,351,0,-1
220,68,0,-1
119,202,0,-9
443,44,0,-9
461,61,0,-7
291,58,0,-1
476,420,0,-9
116,409,0,-8
73,339,0,-2
14,416,0,-8
1,346,0,-3
497,40,0,-4
374,408,0,-10
354,224,0,-10
380,149,0,-7
338,439,0,-2
52,134,0,-5
13,328,0,-8
130,316,0,-9
177,494,0,-2
477,310,0,-4
133,214,0,-6
37,224,0,-3
57,370,0,-2
244,433,0,-8
485,64,0,-5
16,158,0,-9
389,2,0,-5
394,465,0,-2
53,486,0,-4
285,106,0,-6
77,49,0,-6
140,15,0,-2
262,344,0,-5
140,291,0,-6
82,446,0,-9
368,209,0,-8
235,134,0,-8
427,398,0,-1
107,27,0,-7
77,106,0,-7
408,4,0,-6
180,217,0,-5
489,495,0,-2
338,355,0,-3
262,321,0,-3
95,371,0,-9
473,192,0,-6
149,368,0,-10
351,83,0,-10
58,359,0,-10
446,418,0,-4
198,179,0,-7
457,176,0,-8
332,394,0,-9
129,280,0,-1
140,367,0,-4
127,288,0,-5
117,311,0,-8
498,105,0,-7
268,107,0,-2
455,286,0,-6
339,412,0,-9
12,157,0,-4
438,114,0,-8
242,83,0,-9
340,402,0,-2
437,262,0,-7
327,284,0,-10
112,342,0,-10
306,42,0,-5
231,274,0,-3
101,412,0,-6
330,419,0,-3
100,488,0,-3
402,41,0,-6
202,165,0,-7
314,272,0,-6
261,401,0,-8
467,199,0,-8
411,384,0,-5
308,124,0,-9
304,319,0,-1
431,485,0,-1
117,15,0,-9
79,355,0,-8
495,222,0,-5
336,451,0,-10
460,437,0,-8
423,231,0,-1
133,351,0,-1
465,257,0,-8
28,51,0,-9
376,288,0,-7
393,181,0,-10
11,284,0,-1
5,423,0,-1
347,292,0,-6
218,344,0,-9
67,89,0,-8
62,284,0,-10
82,399,0,-5
259,21,0,-8
172,44,0,-6
292,417,0,-1
116,290,0,-4
380,492,0,-4
173,311,0,-6
241,182,0,-7
433,68,0,-10
93,403,0,-6
1,68,0,-3
355,373,0,-7
251,68,0,-8
167,197,0,-10
410,412,0,-4
266,245,0,-3
177,450,0,-4
346,439,0,-10
298,35,0,-10
344,462,0,-1
26,42,0,-9
69,289,0,-10
23,483,0,-8
135,267,0,-5
346,47,0,-5
62,38,0,-3
270,224,0,-9
11,357,0,-4
202,442,0,-7
256,337,0,-3
199,8,0,-4
251,225,0,-4
293,467,0,-9
367,474,0,-7
445,256,0,-7
420,233,0,-3
452,484,0,-6
28,305,0,-1
334,178,0,-1
321,313,0,-1
353,248,0,-5
34,160,0,-10
145,391,0,-6
78,422,0,-1
44,328,0,-8
479,481,0,-1
213,449,0,-9
272,320,0,-9
199,474,0,-5
284,162,0,-2
44,419,0,-8
10,164,0,-5
274,240,0,-1
124,464,0,-7
199,79,0,-4
155,251,0,-9
493,412,0,-2
214,110,0,-8
8,229,0,-2
117,489,0,-4
140,384,0,-9
68,268,0,-7
261,409,0,-10
146,228,0,-5
351,234,0,-7
398,142,0,-3
471,439,0,-5
40,364,0,-10
344,107,0,-3
480,193,0,-3
58,406,0,-4
334,173,0,-2
455,295,0,-9
21,15,0,-3
8,369,0,-2
38,7,0,-2
292,248,0,-1
271,469,0,-7
363,399,0,-10
424,287,0,-4
459,70,0,-5
263,227,0,-10
139,179,0,-4
183,161,0,-4
16,471,0,-1
165,260,0,-2
113,476,0,-5
364,108,0,-5
298,486,0,-5
127,283,0,-4
221,455,0,-10
414,219,0,-8
195,35,0,-4
378,238,0,-4
231,193,0,-10
109,60,0,-3
237,205,0,-1
264,258,0,-9
76,410,0,-2
377,189,0,-5
253,29,0,-10
269,108,0,-3
65,84,0,-5
358,494,0,-2
429,15,0,-3
91,300,0,-5
180,71,0,-7
410,102,0,-8
289,122,0,-1
144,371,0,-2
432,289,0,-8
141,247,0,-4
405,486,0,-3
419,124,0,-2
460,20,0,-4
48,15,0,-3
328,303,0,-3
209,400,0,-10
52,42,0,-6
381,276,0,-10
144,81,0,-8
251,96,0,-6
377,79,0,-7
482,163,0,-3
256,141,0,-3
281,287,0,-5
225,380,0,-5
281,263,0,-4
155,271,0,-4
196,338,0,-5
23,401,0,-3
158,98,0,-10
381,375,0,-10
259,477,0,-4
500,278,0,-5
110,145,0,-7
244,472,0,-6
72,11,0,-5
384,212,0,-7
127,478,0,-10
493,500,0,-2
168,276,0,-9
46,423,0,-10
382,346,0,-6
338,455,0,-6
232,277,0,-7
475,146,0,-9
37,73,0,-3
329,300,0,-10
256,398,0,-5
53,262,0,-9
32,433,0,-6
12,15,0,-3
488,289,0,-4
162,153,0,-9
208,491,0,-9
360,281,0,-7
96,372,0,-3
130,101,0,-6
205,408,0,-1
242,122,0,-6
105,27,0,-8
168,289,0,-2
135,175,0,-3
10,334,0,-8
402,364,0,-5
335,49,0,-1
55,374,0,-8
279,52,0,-2
264,282,0,-5
483,349,0,-4
450,266,0,-9
445,364,0,-5
60,306,0,-8
290,48,0,-9
376,40,0,-1
106,165,0,-4
237,208,0,-6
222,388,0,-2
141,115,0,-1
492,202,0,-1
81,222,0,-3
367,194,0,-10
64,420,0,-10
149,461,0,-1
319,218,0,-1
3,128,0,-6
98,465,0,-8
66,371,0,-10
425,269,0,-5
378,346,0,-5
295,51,0,-2
445,117,0,-9
441,459,0,-6
346,497,0,-3
352,174,0,-9
170,342,0,-8
353,204,0,-4
419,255,0,-8
140,162,0,-2
228,450,0,-2
49,171,0,-9
310,2,0,-7
233,442,0,-8
161,261,0,-2
346,163,0,-3
41,419,0,-8
169,446,0,-9
417,97,0,-9
321,388,0,-1
14,392,0,-6
162,335,0,-5
474,395,0,-4
119,392,0,-6
75,431,0,-7
351,95,0,-1
483,484,0,-7
154,170,0,-2
165,22,0,-3
293,292,0,-9
303,271,0,-8
321,285,0,-2
146,13,0,-4
262,31,0,-8
364,472,0,-7
483,196,0,-8
74,197,0,-10
188,218,0,-5
210,187,0,-6
2,251,0,-8
88,210,0,-8
358,147,0,-6
174,304,0,-2
32,9,0,-8
33,67,0,-4
412,75,0,-7
454,66,0,-5
189,275,0,-7
127,45,0,-5
200,243,0,-2
251,300,0,-4
157,406,0,-10
398,360,0,-2
176,267,0,-4
220,379,0,-3
392,386,0,-1
285,377,0,-4
452,262,0,-3
335,331,0,-2
455,164,0,-6
352,288,0,-3
136,495,0,-2
150,467,0,-8
417,86,0,-3
230,291,0,-9
204,392,0,-4
32,220,0,-5
479,50,0,-9
166,494,0,-2
62,371,0,-5
211,290,0,-4
32,178,0,-3
263,239,0,-7
226,228,0,-7
371,217,0,-8
318,74,0,-8
232,396,0,-1
217,417,0,-6
351,477,0,-6
333,422,0,-4
204,265,0,-6
274,198,0,-3
144,355,0,-2
16,101,0,-4
237,307,0,-6
53,485,0,-2
345,120,0,-2
458,380,0,-5
5,435,0,-3
485,494,0,-9
377,489,0,-4
96,451,0,-10
208,186,0,-9
365,340,0,-10
237,200,0,-3
236,427,0,-5
396,379,0,-3
277,263,0,-1
266,224,0,-8
423,255,0,-1
225,373,0,-1
379,29,0,-7
462,63,0,-1
450,361,0,-5
88,274,0,-7
378,197,0,-7
419,186,0,-3
267,443,0,-10
209,67,0,-10
415,91,0,-4
12,499,0,-10
223,429,0,-10
193,141,0,-2
205,103,0,-7
301,103,0,-1
400,390,0,-2
315,489,0,-4
248,122,0,-1
336,418,0,-1
137,30,0,-1
156,146,0,-2
214,82,0,-9
411,53,0,-1
336,471,0,-9
174,146,0,-10
76,302,0,-7
114,372,0,-8
144,349,0,-8
282,274,0,-4
491,485,0,-6
411,361,0,-9
400,60,0,-4
489,425,0,-1
119,44,0,-6
470,262,0,-1
50,252,0,-10
190,186,0,-6
424,11,0,-3
175,137,0,-6
244,351,0,-9
335,390,0,-5
276,157,0,-9
254,426,0,-6
435,385,0,-6
420,337,0,-7
63,446,0,-4
48,226,0,-7
85,288,0,-2
382,37,0,-2
490,113,0,-5
106,34,0,-2
222,119,0,-7
332,67,0,-3
458,392,0,-10
366,30,0,-8
220,240,0,-2
287,49,0,-7
201,176,0,-5
124,291,0,-5
167,416,0,-5
40,166,0,-2
315,24,0,-8
1,144,0,-1
307,116,0,-5
450,347,0,-4
358,86,0,-2
449,56,0,-2
306,197,0,-1
416,418,0,-7
13,178,0,-7
33,82,0,-7
100,89,0,-4
241,349,0,-1
228,26,0,-4
246,166,0,-4
393,13,0,-6
274,490,0,-4
203,94,0,-6
414,76,0,-6
396,404,0,-4
46,453,0,-7
156,191,0,-2
115,201,0,-9
497,130,0,-4
403,196,0,-8
31,91,0,-4
87,336,0,-1
453,445,0,-6
29,227,0,-5
140,202,0,-4
183,73,0,-10
56,383,0,-5
392,152,0,-3
378,81,0,-3
90,15,0,-10
281,261,0,-10
484,140,0,-9
7,103,0,-7
473,150,0,-2
324,350,0,-6
316,428,0,-3
22,247,0,-9
121,277,0,-4
192,397,0,-8
451,270,0,-6
74,76,0,-2
327,162,0,-1
117,402,0,-3
495,64,0,-5
90,350,0,-5
314,312,0,-3
421,32,0,-6
134,66,0,-3
25,241,0,-6
419,65,0,-2
36,350,0,-9
324,84,0,-3
319,248,0,-2
431,228,0,-6
70,468,0,-10
144,51,0,-2
392,431,0,-2
484,221,0,-5
364,484,0,-2
60,428,0,-8
45,301,0,-1
337,431,0,-7
38,177,0,-6
351,118,0,-5
107,498,0,-5
213,153,0,-3
180,86,0,-9
78,283,0,-1
306,284,0,-6
498,229,0,-8
454,254,0,-5
167,385,0,-6
474,273,0,-10
426,461,0,-1
307,145,0,-10
484,285,0,-3
307,270,0,-10
49,371,0,-2
196,85,0,-7
490,408,0,-5
430,314,0,-7
321,225,0,-3
295,428,0,-10
46,251,0,-7
297,216,0,-2
494,19,0,-2
314,490,0,-10
103,106,0,-6
249,20,0,-7
342,231,0,-1
198,332,0,-6
143,137,0,-5
300,143,0,-8
117,253,0,-6
477,137,0,-3
350,451,0,-3
328,297,0,-4
476,71,0,-5
373,396,0,-5
430,418,0,-8
170,346,0,-1
21,107,0,-6
189,442,0,-6
369,401,0,-2
186,469,0,-8
75,391,0,-4
273,339,0,-1
154,89,0,-4
8,127,0,-7
15,480,0,-10
21,208,0,-2
158,193,0,-6
198,338,0,-8
458,195,0,-1
100,304,0,-9
110,37,0,-5
8,36,0,-2
131,263,0,-9
51,396,0,-4
382,314,0,-8
42,320,0,-8
353,100,0,-10
324,447,0,-3
464,360,0,-9
237,91,0,-5
153,403,0,-3
8,175,0,-4
47,447,0,-4
169,91,0,-2
189,137,0,-3
470,499,0,-10
345,356,0,-5
7,52,0,-10
279,269,0,-9
191,130,0,-9
411,494,0,-5
169,331,0,-9
186,334,0,-2
374,12,0,-8
450,381,0,-6
32,461,0,-4
236,193,0,-1
121,407,0,-6
359,418,0,-2
353,288,0,-8
247,151,0,-4
101,90,0,-6
249,43,0,-6
369,346,0,-5
26,321,0,-4
119,442,0,-8
337,50,0,-9
76,149,0,-9
233,50,0,-10
145,152,0,-6
308,271,0,-2
299,289,0,-7
325,22,0,-8
19,419,0,-4
424,267,0,-2
382,499,0,-6
369,6,0,-3
166,466,0,-6
218,236,0,-6
215,356,0,-2
21,33,0,-10
60,107,0,-7
106,6,0,-8
407,488,0,-8
267,63,0,-5
54,44,0,-1
197,281,0,-9
395,298,0,-1
362,223,0,-4
148,354,0,-8
412,439,0,-6
123,286,0,-9
289,191,0,-2
382,367,0,-6
14,44,0,-8
52,384,0,-3
258,419,0,-7
127,232,0,-7
296,10,0,-8
454,374,0,-4
82,451,0,-7
361,69,0,-7
406,488,0,-5
62,409,0,-2
310,247,0,-8
474,300,0,-10
98,12,0,-4
40,322,0,-7
168,58,0,-6
284,208,0,-8
248,345,0,-3
61,113,0,-6
125,39,0,-7
164,139,0,-9
87,322,0,-1
451,402,0,-7
105,110,0,-3
177,137,0,-10
362,400,0,-8
452,213,0,-9
236,449,0,-2
97,414,0,-8
34,250,0,-2
478,98,0,-4
235,240,0,-4
372,168,0,-5
459,202,0,-4
485,471,0,-4
72,34,0,-4
295,122,0,-5
186,464,0,-2
155,96,0,-7
165,467,0,-9
454,220,0,-5
365,384,0,-9
301,387,0,-1
336,313,0,-2
100,378,0,-6
380,370,0,-3
467,111,0,-9
341,238,0,-5
18,345,0,-8
433,494,0,-9
306,151,0,-7
240,440,0,-4
101,264,0,-3
480,331,0,-3
76,264,0,-8
206,170,0,-6
472,498,0,-10
68,2,0,-1
427,432,0,-1
408,462,0,-10
101,352,0,-1
259,456,0,-3
439,167,0,-8
337,21,0,-9
400,410,0,-2
247,414,0,-2
147,255,0,-5
223,245,0,-4
145,9,0,-4
483,394,0,-4
107,249,0,-10
305,217,0,-2
95,472,0,-4
198,76,0,-1
446,341,0,-3
464,240,0,-6
44,276,0,-4
452,221,0,-5
18,427,0,-7
403,264,0,-7
355,63,0,-4
68,468,0,-10
155,126,0,-4
34,416,0,-10
185,340,0,-2
389,106,0,-4
344,7,0,-9
16,162,0,-9
440,84,0,-8
410,251,0,-5
174,434,0,-2
124,388,0,-1
453,357,0,-9
453,6,0,-9
368,391,0,-8
448,119,0,-1
95,396,0,-2
23,388,0,-1
342,96,0,-6
181,498,0,-9
494,488,0,-6
63,264,0,-8
119,70,0,-6
8,90,0,-5
213,67,0,-6
292,84,0,-2
195,34,0,-8
477,139,0,-7
63,373,0,-5
294,28,0,-5
212,447,0,-1
130,418,0,-1
460,495,0,-2
282,358,0,-8
45,211,0,-10
435,387,0,-7
278,237,0,-3
445,478,0,-5
29,389,0,-10
328,285,0,-6
420,466,0,-2
366,407,0,-1
80,4,0,-8
473,455,0,-10
211,228,0,-7
17,427,0,-5
382,265,0,-7
235,302,0,-10
389,71,0,-8
374,471,0,-7
152,229,0,-4
499,172,0,-10
475,467,0,-6
343,371,0,-2
88,480,0,-9
319,460,0,-9
277,199,0,-5
