13,513,0,3
128,628,0,3
164,664,0,5
243,743,0,7
499,999,0,9
485,292,0,-10
269,292,0,-2
485,334,0,-1
294,334,0,-9
485,465,0,-6
485,173,0,-5
269,276,0,-3
334,194,0,-8
179,276,0,-4
328,276,0,-9
177,465,0,-2
335,177,0,-4
179,223,0,-5
338,173,0,-8
304,179,0,-3
72,179,0,-10
443,485,0,-2
3,223,0,-4
470,72,0,-7
423,223,0,-4
338,357,0,-7
32,179,0,-6
177,105,0,-1
32,209,0,-3
194,458,0,-8
177,144,0,-5
21,173,0,-2
32,186,0,-9
485,479,0,-1
485,422,0,-7
292,99,0,-1
59,269,0,-4
347,72,0,-3
470,440,0,-3
422,346,0,-8
470,148,0,-8
329,269,0,-3
480,357,0,-6
271,329,0,-9
270,347,0,-4
443,122,0,-10
485,20,0,-8
432,105,0,-7
3,380,0,-8
179,120,0,-5
87,485,0,-6
222,59,0,-8
21,278,0,-7
278,73,0,-7
39,59,0,-3
297,465,0,-2
61,99,0,-5
277,72,0,-2
363,334,0,-7
19,363,0,-5
479,390,0,-1
473,422,0,-5
419,59,0,-10
33,334,0,-5
173,250,0,-10
499,120,0,-8
269,412,0,-4
113,278,0,-9
169,222,0,-8
33,171,0,-4
200,269,0,-10
372,223,0,-1
335,327,0,-6
162,357,0,-9
150,250,0,-7
204,276,0,-1
61,254,0,-7
390,172,0,-6
444,304,0,-8
473,368,0,-8
125,223,0,-3
412,495,0,-9
373,223,0,-6
124,372,0,-3
402,304,0,-9
254,405,0,-2
207,338,0,-8
382,444,0,-1
282,329,0,-8
462,171,0,-4
87,385,0,-7
177,370,0,-3
381,370,0,-7
277,410,0,-7
370,348,0,-10
270,258,0,-10
207,411,0,-4
372,26,0,-4
45,120,0,-6
315,33,0,-4
56,204,0,-9
123,297,0,-3
173,109,0,-6
178,269,0,-1
420,178,0,-5
198,297,0,-4
51,209,0,-4
444,467,0,-5
334,457,0,-3
496,169,0,-3
416,346,0,-7
73,104,0,-6
278,267,0,-2
33,166,0,-2
137,45,0,-10
267,375,0,-5
123,361,0,-8
81,173,0,-7
276,424,0,-10
107,148,0,-4
200,245,0,-8
30,346,0,-5
146,124,0,-10
390,359,0,-4
221,3,0,-1
149,162,0,-10
500,194,0,-1
330,32,0,-9
278,127,0,-3
495,134,0,-7
363,453,0,-9
270,434,0,-10
406,245,0,-3
26,378,0,-7
155,277,0,-10
30,398,0,-4
60,59,0,-7
210,470,0,-8
151,378,0,-9
254,97,0,-2
414,370,0,-8
3,341,0,-5
23,137,0,-9
71,496,0,-7
348,157,0,-10
292,184,0,-9
289,282,0,-1
198,68,0,-7
409,122,0,-8
147,222,0,-3
119,223,0,-8
370,287,0,-6
245,288,0,-9
51,126,0,-9
40,334,0,-1
392,200,0,-6
186,413,0,-9
166,417,0,-9
32,429,0,-5
91,443,0,-2
403,3,0,-5
318,56,0,-8
205,81,0,-8
335,474,0,-4
138,335,0,-5
227,398,0,-7
351,186,0,-2
373,95,0,-5
444,253,0,-5
417,89,0,-9
144,6,0,-3
207,404,0,-1
380,494,0,-2
229,19,0,-9
375,249,0,-9
258,201,0,-8
238,443,0,-3
429,182,0,-8
414,454,0,-2
452,32,0,-5
39,468,0,-10
147,41,0,-3
138,131,0,-3
127,128,0,-7
119,460,0,-1
432,340,0,-6
413,64,0,-10
249,175,0,-5
232,119,0,-4
432,272,0,-1
232,65,0,-7
146,299,0,-10
177,17,0,-8
473,283,0,-1
144,451,0,-9
383,271,0,-2
238,10,0,-8
499,360,0,-3
322,134,0,-3
135,61,0,-7
437,17,0,-6
189,135,0,-10
323,147,0,-2
27,221,0,-1
229,264,0,-9
122,482,0,-6
454,319,0,-4
32,491,0,-6
231,19,0,-10
386,271,0,-9
22,485,0,-3
338,234,0,-4
205,310,0,-4
493,81,0,-3
453,374,0,-7
398,364,0,-7
67,304,0,-8
202,6,0,-6
31,126,0,-9
248,351,0,-6
459,97,0,-2
136,485,0,-9
96,411,0,-4
416,154,0,-10
267,174,0,-4
235,452,0,-8
43,405,0,-9
454,497,0,-9
216,33,0,-2
338,114,0,-3
276,110,0,-1
328,317,0,-6
401,39,0,-4
99,430,0,-9
34,317,0,-1
275,95,0,-6
500,488,0,-10
30,397,0,-1
103,114,0,-8
172,70,0,-3
50,328,0,-1
283,196,0,-1
471,287,0,-3
370,77,0,-3
338,12,0,-1
114,477,0,-5
357,118,0,-10
209,244,0,-2
167,32,0,-1
328,439,0,-6
393,229,0,-8
98,270,0,-9
351,116,0,-2
374,190,0,-4
172,152,0,-3
240,155,0,-10
288,273,0,-7
78,19,0,-1
193,440,0,-2
63,253,0,-7
84,457,0,-6
500,379,0,-5
423,54,0,-1
308,97,0,-6
453,188,0,-3
83,103,0,-4
386,306,0,-9
56,333,0,-5
252,328,0,-9
10,263,0,-3
439,395,0,-5
208,357,0,-8
112,70,0,-8
297,376,0,-1
231,369,0,-10
16,364,0,-2
208,408,0,-7
73,464,0,-4
276,37,0,-6
126,79,0,-7
247,272,0,-10
34,2,0,-4
448,229,0,-4
239,416,0,-3
293,240,0,-8
377,277,0,-9
433,373,0,-10
376,142,0,-2
70,436,0,-3
32,295,0,-7
98,159,0,-4
191,127,0,-10
142,311,0,-9
31,313,0,-5
431,231,0,-6
13,468,0,-3
304,268,0,-9
261,258,0,-9
174,158,0,-10
418,491,0,-3
177,320,0,-1
351,324,0,-6
237,84,0,-5
451,371,0,-5
438,247,0,-5
436,53,0,-8
148,156,0,-10
302,381,0,-1
329,35,0,-9
30,133,0,-6
31,331,0,-5
35,94,0,-5
34,111,0,-4
86,385,0,-8
99,455,0,-9
206,406,0,-2
8,26,0,-8
466,79,0,-8
55,439,0,-4
362,155,0,-6
143,83,0,-9
155,139,0,-5
394,338,0,-7
164,19,0,-8
300,112,0,-9
90,278,0,-2
145,128,0,-1
113,445,0,-4
426,315,0,-10
273,115,0,-6
312,380,0,-4
152,354,0,-5
121,306,0,-2
136,85,0,-3
85,197,0,-10
369,396,0,-1
231,449,0,-9
456,393,0,-4
316,105,0,-10
51,102,0,-8
179,11,0,-8
341,242,0,-5
255,94,0,-1
390,49,0,-8
358,126,0,-3
399,71,0,-5
358,92,0,-4
143,355,0,-7
359,38,0,-8
325,454,0,-3
423,469,0,-3
478,312,0,-8
262,462,0,-2
345,462,0,-8
211,149,0,-5
86,266,0,-5
21,153,0,-8
169,117,0,-5
414,246,0,-3
415,156,0,-2
168,249,0,-9
390,441,0,-8
35,101,0,-2
105,307,0,-8
461,194,0,-10
120,57,0,-8
140,125,0,-5
420,7,0,-3
297,217,0,-1
422,483,0,-4
486,457,0,-4
115,265,0,-9
386,69,0,-9
225,277,0,-5
472,205,0,-10
170,79,0,-6
484,133,0,-7
259,30,0,-6
240,62,0,-3
388,31,0,-10
365,2,0,-3
228,23,0,-10
183,395,0,-10
20,226,0,-4
120,29,0,-3
290,496,0,-7
259,384,0,-2
230,420,0,-2
356,90,0,-4
309,393,0,-9
108,499,0,-5
292,1,0,-2
339,277,0,-10
106,283,0,-5
160,158,0,-9
486,9,0,-7
428,142,0,-10
15,69,0,-5
498,22,0,-5
142,241,0,-9
412,14,0,-7
100,160,0,-8
342,90,0,-10
447,190,0,-4
426,284,0,-9
20,487,0,-5
88,460,0,-1
5,217,0,-5
59,280,0,-5
343,174,0,-1
196,353,0,-7
304,199,0,-10
396,257,0,-9
425,136,0,-3
92,25,0,-9
130,485,0,-1
442,445,0,-2
176,123,0,-8
62,66,0,-2
383,44,0,-8
27,305,0,-8
318,203,0,-9
475,324,0,-10
400,496,0,-10
75,315,0,-1
341,185,0,-3
258,141,0,-8
89,435,0,-2
165,443,0,-2
314,174,0,-5
463,11,0,-8
279,194,0,-2
481,197,0,-4
220,467,0,-3
219,205,0,-8
490,472,0,-8
162,367,0,-8
275,391,0,-6
112,4,0,-9
427,356,0,-2
36,220,0,-4
437,215,0,-5
246,129,0,-9
57,212,0,-3
9,58,0,-7
412,251,0,-1
337,481,0,-2
375,260,0,-10
177,285,0,-1
340,281,0,-10
106,350,0,-10
166,46,0,-4
332,273,0,-9
224,487,0,-2
426,214,0,-3
181,248,0,-3
236,397,0,-8
28,324,0,-1
476,305,0,-4
20,192,0,-7
4,180,0,-6
498,352,0,-7
116,489,0,-2
421,97,0,-2
116,450,0,-3
329,344,0,-10
112,213,0,-5
220,298,0,-6
76,331,0,-6
282,286,0,-7
296,89,0,-6
222,321,0,-2
24,182,0,-8
238,326,0,-10
160,163,0,-8
187,68,0,-1
195,33,0,-9
492,456,0,-10
495,407,0,-7
145,74,0,-10
42,224,0,-9
255,80,0,-2
234,233,0,-10
11,336,0,-2
269,301,0,-1
161,249,0,-3
256,424,0,-3
231,366,0,-8
132,44,0,-3
52,244,0,-8
48,4,0,-1
193,18,0,-9
82,141,0,-8
389,252,0,-8
446,313,0,-7
218,270,0,-7
409,47,0,-8
349,41,0,-8
334,274,0,-1
303,189,0,-10
93,343,0,-2
387,358,0,-10
279,291,0,-5
243,396,0,-2
242,16,0,-6
137,322,0,-4
333,421,0,-4
257,29,0,-4
235,397,0,-7
337,205,0,-4
478,171,0,-2
440,11,0,-9
43,104,0,-2
241,411,0,-1
439,464,0,-3
87,175,0,-6
412,123,0,-2
150,153,0,-5
387,183,0,-2
253,364,0,-10
45,420,0,-1
384,69,0,-7
480,186,0,-1
116,79,0,-10
380,139,0,-5
157,313,0,-1
139,252,0,-9
167,214,0,-8
135,184,0,-7
386,392,0,-4
101,293,0,-4
390,105,0,-8
119,57,0,-5
482,55,0,-2
389,310,0,-8
416,159,0,-1
279,71,0,-10
51,373,0,-2
376,226,0,-6
365,176,0,-8
278,237,0,-2
150,129,0,-3
438,411,0,-9
54,160,0,-7
79,155,0,-10
190,284,0,-1
223,158,0,-5
486,411,0,-5
184,363,0,-3
125,386,0,-4
302,295,0,-9
305,365,0,-8
497,317,0,-1
354,202,0,-10
307,143,0,-5
132,204,0,-4
144,309,0,-8
116,279,0,-1
322,414,0,-5
319,375,0,-1
242,355,0,-7
88,150,0,-3
280,52,0,-3
96,343,0,-10
196,17,0,-10
84,463,0,-2
449,363,0,-1
451,446,0,-7
39,411,0,-2
38,407,0,-3
323,267,0,-10
48,349,0,-9
395,259,0,-3
397,153,0,-10
131,373,0,-7
55,451,0,-4
418,376,0,-10
2,489,0,-9
224,1,0,-7
354,42,0,-3
132,183,0,-3
84,45,0,-8
347,305,0,-5
218,14,0,-8
341,263,0,-5
449,77,0,-2
482,85,0,-2
419,16,0,-7
23,478,0,-5
266,131,0,-9
250,170,0,-7
58,121,0,-6
374,13,0,-2
230,127,0,-4
465,318,0,-9
206,236,0,-4
277,441,0,-2
14,82,0,-7
437,169,0,-3
132,208,0,-8
20,67,0,-10
269,143,0,-6
20,401,0,-2
131,29,0,-8
205,46,0,-9
342,68,0,-10
361,393,0,-5
147,416,0,-8
400,134,0,-7
388,111,0,-5
495,398,0,-2
431,272,0,-10
192,87,0,-2
168,163,0,-8
114,481,0,-3
476,93,0,-6
252,456,0,-2
425,176,0,-5
418,16,0,-7
479,396,0,-1
379,365,0,-8
470,493,0,-8
372,494,0,-4
435,306,0,-6
431,77,0,-7
431,383,0,-4
374,235,0,-10
223,161,0,-3
20,90,0,-1
441,322,0,-9
