309,1309,0,74
553,1553,0,97
591,1591,0,32
659,1659,0,26
935,1935,0,45
210,889,0,-5
393,210,0,-6
886,393,0,-7
432,393,0,-9
441,210,0,-2
432,347,0,-10
432,213,0,-6
432,682,0,-6
156,432,0,-1
393,81,0,-2
432,868,0,-8
146,682,0,-4
403,213,0,-9
343,347,0,-2
886,810,0,-2
403,854,0,-2
403,530,0,-6
810,168,0,-3
823,868,0,-10
886,383,0,-4
168,367,0,-2
810,736,0,-9
441,257,0,-6
810,115,0,-4
967,823,0,-6
156,151,0,-9
823,642,0,-4
383,652,0,-8
213,746,0,-2
652,832,0,-1
507,432,0,-4
525,151,0,-2
210,274,0,-7
854,479,0,-7
507,985,0,-3
207,682,0,-4
474,168,0,-6
530,402,0,-2
118,207,0,-4
68,168,0,-6
810,651,0,-6
985,435,0,-4
823,719,0,-3
810,893,0,-10
474,6,0,-2
115,42,0,-8
235,402,0,-1
417,68,0,-2
402,532,0,-5
432,939,0,-1
967,828,0,-9
19,393,0,-5
352,525,0,-9
642,723,0,-2
118,486,0,-9
235,163,0,-10
687,163,0,-5
152,403,0,-3
552,441,0,-10
548,682,0,-4
311,552,0,-5
999,868,0,-5
349,746,0,-3
398,441,0,-5
118,954,0,-2
600,810,0,-3
608,736,0,-1
124,651,0,-10
667,525,0,-1
854,174,0,-7
444,507,0,-1
42,112,0,-7
444,62,0,-5
216,383,0,-5
400,479,0,-5
384,115,0,-7
667,739,0,-2
707,118,0,-8
525,471,0,-3
569,608,0,-1
719,14,0,-8
608,950,0,-7
115,455,0,-9
985,261,0,-4
278,985,0,-1
152,611,0,-3
579,14,0,-6
403,812,0,-1
579,794,0,-5
746,203,0,-10
450,868,0,-8
486,777,0,-5
530,338,0,-7
681,486,0,-4
435,974,0,-1
552,626,0,-6
974,64,0,-6
115,884,0,-9
714,343,0,-8
270,950,0,-6
652,498,0,-4
72,707,0,-2
939,815,0,-2
74,626,0,-3
854,855,0,-9
152,882,0,-7
886,497,0,-3
9,393,0,-6
235,710,0,-6
76,889,0,-5
591,384,0,-10
76,857,0,-3
736,157,0,-10
974,709,0,-9
432,753,0,-7
40,9,0,-8
710,691,0,-2
878,257,0,-4
352,526,0,-10
855,63,0,-5
42,28,0,-8
709,45,0,-8
726,526,0,-4
311,675,0,-8
904,213,0,-5
401,710,0,-4
367,505,0,-5
796,278,0,-5
42,782,0,-3
686,651,0,-4
837,81,0,-1
262,444,0,-10
725,878,0,-7
706,432,0,-1
177,393,0,-5
823,487,0,-8
142,235,0,-5
837,135,0,-7
254,115,0,-7
909,157,0,-4
975,40,0,-8
251,152,0,-7
242,739,0,-1
28,671,0,-2
675,640,0,-3
432,604,0,-2
168,580,0,-9
834,753,0,-3
667,496,0,-10
546,124,0,-6
626,483,0,-5
483,331,0,-9
892,151,0,-6
909,540,0,-6
151,648,0,-2
248,552,0,-9
103,135,0,-2
687,234,0,-8
683,497,0,-1
640,711,0,-1
233,540,0,-9
309,441,0,-6
180,939,0,-2
828,388,0,-2
184,711,0,-2
238,435,0,-10
40,306,0,-10
50,400,0,-3
652,908,0,-1
930,815,0,-10
745,400,0,-3
381,552,0,-4
999,605,0,-9
892,835,0,-2
744,967,0,-10
432,926,0,-5
648,121,0,-6
782,881,0,-8
49,403,0,-3
468,103,0,-7
455,43,0,-10
384,755,0,-4
363,497,0,-1
352,55,0,-10
68,382,0,-7
151,327,0,-9
908,730,0,-1
916,707,0,-7
269,974,0,-6
228,257,0,-4
165,651,0,-9
569,848,0,-8
362,525,0,-8
124,819,0,-1
853,889,0,-9
975,538,0,-10
131,671,0,-6
288,486,0,-1
148,398,0,-10
729,103,0,-3
104,207,0,-3
291,954,0,-10
208,714,0,-6
548,941,0,-1
457,736,0,-1
620,538,0,-3
891,103,0,-4
746,521,0,-2
815,717,0,-1
674,710,0,-10
84,207,0,-1
872,686,0,-10
185,744,0,-4
883,505,0,-10
84,523,0,-7
601,417,0,-1
155,309,0,-6
918,717,0,-10
64,734,0,-9
76,39,0,-5
784,331,0,-6
954,965,0,-3
42,70,0,-2
914,457,0,-1
370,782,0,-1
393,52,0,-1
466,823,0,-4
452,706,0,-1
350,908,0,-1
739,153,0,-6
186,401,0,-10
468,60,0,-2
83,914,0,-2
711,820,0,-9
548,447,0,-9
457,859,0,-2
904,130,0,-2
455,187,0,-5
30,975,0,-1
331,408,0,-1
487,56,0,-5
468,139,0,-5
49,303,0,-3
608,694,0,-8
627,497,0,-9
751,881,0,-9
182,796,0,-8
134,168,0,-4
306,53,0,-7
208,46,0,-2
450,644,0,-5
748,723,0,-3
83,427,0,-8
61,46,0,-6
611,225,0,-7
429,974,0,-1
330,248,0,-9
823,695,0,-3
261,897,0,-7
1,163,0,-10
199,965,0,-4
803,755,0,-1
174,65,0,-2
696,538,0,-1
56,945,0,-7
828,190,0,-7
801,330,0,-3
43,273,0,-5
65,47,0,-8
634,347,0,-4
149,965,0,-5
312,14,0,-1
538,386,0,-4
187,284,0,-8
238,799,0,-3
487,563,0,-3
678,891,0,-1
861,563,0,-10
276,819,0,-8
305,709,0,-1
712,9,0,-4
485,580,0,-10
442,370,0,-5
678,592,0,-9
666,303,0,-1
503,363,0,-3
288,722,0,-10
521,555,0,-6
64,322,0,-5
274,879,0,-2
47,843,0,-1
924,130,0,-5
406,496,0,-5
868,292,0,-9
897,397,0,-8
989,474,0,-8
710,439,0,-5
60,272,0,-3
143,142,0,-5
978,343,0,-6
397,917,0,-1
466,570,0,-3
886,23,0,-8
955,479,0,-1
516,363,0,-4
274,258,0,-9
364,828,0,-1
542,60,0,-8
878,564,0,-5
9,565,0,-3
974,77,0,-8
627,898,0,-10
853,942,0,-3
867,823,0,-8
319,600,0,-10
262,79,0,-9
500,367,0,-1
171,523,0,-8
188,153,0,-6
531,46,0,-4
854,57,0,-2
757,620,0,-6
130,902,0,-1
180,959,0,-6
811,686,0,-8
250,687,0,-3
333,471,0,-7
76,463,0,-4
521,332,0,-6
38,985,0,-4
57,515,0,-4
110,261,0,-7
775,532,0,-10
684,207,0,-6
551,131,0,-3
180,111,0,-2
581,746,0,-7
59,439,0,-6
61,931,0,-4
276,996,0,-3
659,52,0,-7
233,851,0,-7
437,755,0,-1
249,76,0,-9
620,732,0,-1
732,470,0,-7
55,425,0,-6
830,30,0,-6
969,498,0,-9
756,924,0,-7
198,363,0,-6
322,836,0,-6
77,661,0,-4
742,153,0,-3
54,530,0,-10
254,983,0,-7
72,624,0,-2
21,784,0,-9
43,69,0,-6
598,648,0,-1
503,106,0,-4
403,353,0,-8
360,54,0,-8
705,507,0,-1
950,378,0,-8
834,92,0,-2
694,568,0,-10
463,697,0,-1
656,974,0,-3
142,195,0,-7
181,598,0,-3
458,505,0,-2
104,119,0,-9
730,977,0,-7
663,81,0,-1
720,384,0,-9
21,817,0,-6
117,471,0,-1
115,246,0,-1
421,812,0,-6
887,146,0,-9
969,454,0,-5
833,208,0,-3
280,950,0,-7
659,850,0,-6
183,155,0,-1
316,187,0,-3
696,870,0,-3
246,731,0,-6
729,814,0,-2
687,992,0,-1
906,525,0,-1
150,246,0,-4
689,819,0,-4
427,374,0,-2
931,638,0,-9
84,639,0,-2
742,80,0,-6
184,949,0,-9
543,600,0,-7
641,570,0,-1
126,878,0,-6
129,941,0,-2
442,998,0,-6
951,106,0,-10
180,845,0,-2
838,969,0,-7
237,333,0,-9
73,967,0,-7
525,166,0,-6
237,449,0,-1
697,805,0,-9
231,115,0,-1
732,677,0,-7
57,355,0,-2
32,135,0,-7
870,373,0,-8
797,63,0,-4
701,641,0,-8
134,876,0,-8
508,19,0,-7
824,954,0,-3
731,389,0,-1
509,389,0,-1
384,443,0,-5
366,551,0,-7
842,188,0,-1
303,559,0,-8
967,282,0,-4
78,139,0,-1
636,76,0,-4
974,664,0,-7
853,345,0,-9
949,154,0,-4
111,609,0,-7
213,912,0,-1
134,462,0,-9
557,592,0,-8
989,281,0,-2
560,54,0,-10
536,43,0,-9
513,272,0,-8
419,280,0,-4
887,921,0,-1
233,728,0,-7
668,682,0,-2
787,627,0,-3
591,147,0,-5
331,459,0,-10
598,718,0,-8
270,527,0,-9
239,111,0,-5
486,595,0,-5
276,264,0,-8
949,961,0,-2
830,475,0,-1
957,427,0,-3
489,508,0,-8
326,408,0,-2
319,395,0,-5
835,351,0,-9
514,466,0,-8
186,621,0,-3
968,154,0,-5
21,721,0,-1
887,192,0,-8
536,414,0,-7
915,817,0,-3
802,893,0,-4
884,220,0,-3
901,500,0,-4
653,84,0,-8
434,957,0,-10
559,4,0,-10
683,724,0,-2
903,435,0,-3
723,125,0,-9
880,389,0,-10
881,743,0,-9
362,649,0,-3
44,536,0,-2
336,992,0,-9
894,46,0,-6
941,245,0,-3
995,782,0,-10
695,510,0,-1
540,970,0,-2
874,605,0,-8
114,941,0,-5
693,382,0,-7
367,287,0,-2
699,231,0,-5
357,799,0,-5
326,191,0,-7
193,663,0,-2
988,332,0,-4
996,137,0,-7
571,343,0,-9
994,999,0,-8
579,779,0,-4
258,472,0,-7
499,686,0,-9
140,855,0,-7
53,529,0,-6
795,998,0,-8
571,800,0,-7
789,677,0,-9
241,777,0,-1
732,688,0,-2
780,104,0,-4
163,88,0,-6
423,805,0,-1
506,326,0,-10
902,737,0,-10
410,47,0,-8
914,98,0,-8
856,489,0,-9
284,240,0,-5
599,485,0,-5
865,9,0,-4
343,277,0,-3
534,915,0,-10
852,531,0,-3
900,678,0,-9
497,806,0,-6
170,719,0,-7
53,448,0,-3
465,945,0,-2
117,754,0,-2
199,645,0,-10
446,608,0,-6
774,908,0,-1
35,918,0,-1
120,139,0,-6
887,952,0,-8
375,35,0,-4
159,152,0,-4
499,629,0,-7
100,536,0,-5
680,998,0,-3
686,3,0,-6
91,126,0,-1
158,191,0,-7
163,302,0,-7
418,887,0,-6
928,78,0,-6
679,939,0,-8
847,457,0,-10
535,121,0,-1
852,610,0,-4
272,550,0,-3
961,105,0,-2
699,212,0,-8
764,620,0,-6
405,687,0,-3
481,642,0,-1
493,485,0,-7
1,522,0,-2
631,418,0,-9
342,302,0,-2
67,183,0,-8
498,773,0,-7
472,97,0,-5
227,570,0,-8
969,87,0,-2
303,586,0,-5
753,646,0,-8
443,138,0,-7
258,971,0,-9
521,141,0,-1
925,710,0,-2
866,81,0,-4
120,90,0,-2
623,384,0,-10
335,389,0,-5
29,548,0,-4
575,382,0,-4
206,35,0,-7
51,441,0,-1
92,558,0,-3
620,807,0,-8
381,482,0,-7
323,814,0,-2
768,787,0,-1
983,167,0,-5
394,995,0,-9
537,163,0,-1
561,444,0,-1
519,889,0,-3
117,464,0,-7
210,937,0,-2
256,67,0,-6
28,984,0,-3
993,353,0,-5
544,276,0,-7
426,985,0,-9
654,515,0,-1
490,347,0,-2
875,388,0,-6
574,897,0,-3
453,454,0,-6
12,876,0,-8
337,924,0,-5
668,307,0,-8
183,911,0,-10
13,621,0,-2
165,41,0,-7
601,615,0,-1
263,921,0,-4
485,392,0,-1
16,878,0,-6
424,364,0,-4
320,868,0,-9
839,331,0,-2
501,208,0,-4
351,285,0,-2
352,295,0,-3
991,338,0,-6
954,504,0,-3
794,658,0,-10
731,243,0,-1
220,759,0,-9
217,14,0,-2
18,270,0,-2
402,113,0,-2
39,520,0,-9
317,13,0,-9
998,478,0,-6
958,574,0,-4
268,393,0,-2
210,328,0,-10
800,935,0,-10
598,578,0,-7
337,966,0,-1
615,816,0,-10
456,312,0,-8
946,853,0,-5
361,902,0,-5
553,273,0,-9
837,82,0,-9
392,670,0,-4
833,445,0,-4
886,25,0,-7
524,519,0,-1
950,8,0,-8
502,874,0,-9
278,905,0,-8
220,294,0,-9
88,692,0,-3
194,578,0,-6
702,113,0,-8
313,653,0,-5
158,399,0,-9
391,759,0,-7
884,944,0,-2
683,379,0,-6
540,628,0,-2
573,19,0,-9
890,906,0,-4
290,667,0,-10
103,885,0,-10
375,133,0,-7
927,789,0,-3
21,772,0,-1
763,248,0,-3
160,121,0,-3
142,704,0,-6
541,558,0,-7
301,483,0,-4
232,148,0,-10
252,397,0,-9
917,467,0,-4
112,871,0,-4
503,293,0,-9
568,827,0,-7
919,350,0,-7
342,953,0,-5
204,734,0,-2
387,898,0,-9
330,85,0,-10
883,767,0,-6
746,572,0,-7
133,436,0,-1
325,350,0,-4
103,829,0,-4
934,661,0,-3
798,816,0,-9
460,349,0,-2
401,612,0,-1
495,561,0,-6
511,70,0,-9
222,889,0,-1
166,89,0,-2
731,226,0,-7
591,298,0,-3
145,623,0,-8
409,837,0,-4
94,628,0,-5
765,269,0,-6
890,660,0,-9
555,635,0,-10
354,213,0,-10
613,624,0,-6
290,655,0,-2
517,84,0,-3
566,517,0,-3
582,435,0,-5
40,438,0,-6
241,75,0,-7
659,556,0,-6
431,682,0,-9
132,934,0,-1
528,765,0,-3
390,995,0,-9
575,371,0,-3
663,66,0,-3
161,168,0,-9
980,916,0,-2
239,229,0,-3
315,242,0,-9
275,462,0,-3
587,867,0,-7
864,354,0,-1
122,149,0,-8
46,673,0,-9
943,812,0,-9
707,484,0,-8
928,547,0,-8
637,721,0,-2
899,642,0,-7
750,784,0,-7
674,533,0,-4
113,396,0,-1
20,159,0,-10
593,370,0,-2
127,460,0,-3
726,826,0,-2
44,244,0,-1
583,739,0,-6
603,495,0,-10
727,21,0,-5
5,711,0,-2
413,852,0,-4
169,540,0,-3
928,576,0,-7
73,344,0,-1
279,582,0,-6
545,553,0,-9
463,844,0,-2
668,324,0,-7
401,962,0,-6
22,77,0,-6
650,527,0,-3
250,214,0,-5
858,814,0,-3
293,990,0,-5
86,521,0,-6
202,51,0,-1
56,979,0,-2
296,556,0,-2
422,438,0,-6
348,361,0,-9
778,402,0,-1
190,987,0,-2
887,907,0,-2
772,741,0,-10
577,898,0,-4
100,963,0,-1
715,284,0,-1
164,190,0,-7
857,221,0,-1
17,397,0,-2
738,452,0,-8
350,27,0,-6
523,178,0,-4
659,869,0,-9
752,362,0,-9
256,223,0,-6
446,289,0,-1
13,473,0,-8
100,420,0,-5
622,546,0,-7
788,27,0,-7
612,369,0,-6
647,915,0,-5
506,359,0,-5
771,94,0,-7
666,476,0,-3
830,358,0,-3
96,279,0,-2
516,617,0,-2
623,299,0,-10
672,655,0,-2
457,340,0,-4
35,972,0,-3
518,396,0,-10
37,139,0,-4
682,433,0,-6
865,804,0,-5
791,32,0,-8
601,123,0,-3
651,477,0,-1
555,662,0,-7
579,785,0,-2
672,492,0,-6
1000,138,0,-5
267,500,0,-9
65,614,0,-10
856,101,0,-10
119,266,0,-8
172,778,0,-10
770,315,0,-5
882,407,0,-6
147,776,0,-2
978,685,0,-6
110,947,0,-9
800,758,0,-6
95,132,0,-7
493,11,0,-9
415,485,0,-3
810,813,0,-3
101,786,0,-8
580,411,0,-8
121,265,0,-6
874,259,0,-9
271,447,0,-3
85,314,0,-5
71,970,0,-2
616,726,0,-5
377,138,0,-9
480,377,0,-8
944,300,0,-8
19,356,0,-5
968,539,0,-3
868,932,0,-3
394,602,0,-2
329,37,0,-10
304,924,0,-4
2,638,0,-3
809,644,0,-1
910,914,0,-5
21,594,0,-2
749,880,0,-10
179,530,0,-7
747,683,0,-5
828,940,0,-5
762,902,0,-3
189,815,0,-9
296,618,0,-9
45,588,0,-10
499,173,0,-10
234,938,0,-9
740,569,0,-7
843,321,0,-6
274,440,0,-9
997,438,0,-2
93,640,0,-9
584,272,0,-9
25,99,0,-7
259,247,0,-9
735,998,0,-6
404,495,0,-4
15,347,0,-1
496,597,0,-9
457,260,0,-7
7,436,0,-9
626,860,0,-2
371,956,0,-5
491,999,0,-3
929,435,0,-3
960,967,0,-3
846,613,0,-6
641,211,0,-2
554,302,0,-7
116,535,0,-3
324,297,0,-9
792,394,0,-2
996,923,0,-10
793,560,0,-1
906,451,0,-3
703,121,0,-3
283,51,0,-8
549,533,0,-10
922,775,0,-4
374,783,0,-1
946,512,0,-6
320,201,0,-7
318,459,0,-4
219,587,0,-2
24,663,0,-1
428,539,0,-4
253,508,0,-2
365,664,0,-6
286,81,0,-5
980,385,0,-2
973,620,0,-2
175,228,0,-4
982,561,0,-7
200,953,0,-7
282,34,0,-2
956,376,0,-7
393,176,0,-8
913,373,0,-2
304,310,0,-7
594,255,0,-7
31,414,0,-3
333,761,0,-10
877,18,0,-2
107,111,0,-8
766,677,0,-9
491,224,0,-6
261,144,0,-3
813,469,0,-6
412,961,0,-4
809,840,0,-6
218,456,0,-4
872,895,0,-5
733,555,0,-5
948,658,0,-5
700,386,0,-4
922,781,0,-10
818,759,0,-5
143,109,0,-2
606,605,0,-1
508,308,0,-2
579,236,0,-4
230,603,0,-6
222,108,0,-6
676,451,0,-5
334,41,0,-6
136,584,0,-7
762,36,0,-4
654,981,0,-6
625,946,0,-6
962,863,0,-6
430,781,0,-3
628,822,0,-10
831,138,0,-3
380,285,0,-3
669,705,0,-4
339,155,0,-3
309,633,0,-4
99,862,0,-1
933,96,0,-3
346,574,0,-8
607,638,0,-2
504,589,0,-7
769,230,0,-10
892,698,0,-4
727,215,0,-9
886,205,0,-3
118,808,0,-9
488,782,0,-3
655,33,0,-2
411,562,0,-5
164,643,0,-5
596,390,0,-6
476,341,0,-8
103,567,0,-5
822,416,0,-3
630,1,0,-1
656,790,0,-6
760,613,0,-1
106,888,0,-8
632,671,0,-7
841,340,0,-9
920,274,0,-2
590,995,0,-3
585,994,0,-7
70,26,0,-10
285,716,0,-3
849,848,0,-4
494,486,0,-1
372,35,0,-6
337,825,0,-4
37,197,0,-2
403,102,0,-5
986,906,0,-7
690,72,0,-4
19,196,0,-9
619,25,0,-4
369,976,0,-8
209,682,0,-2
68,821,0,-6
936,307,0,-3
833,964,0,-3
946,713,0,-8
413,461,0,-10
205,657,0,-4
394,896,0,-10
368,161,0,-5
39,48,0,-5
366,873,0,-7
10,408,0,-4
866,665,0,-3
58,253,0,-5
162,912,0,-4
708,255,0,-6
93,128,0,-6
572,342,0,-1
909,285,0,-8
98,501,0,-4
575,347,0,-5
471,840,0,-1
323,700,0,-7
569,359,0,-4
490,674,0,-3
66,266,0,-7
586,250,0,-7
489,358,0,-3
420,838,0,-9
174,970,0,-6
942,570,0,-3
898,443,0,-2
737,818,0,-5
875,951,0,-2
172,41,0,-6
619,766,0,-3
292,504,0,-7
269,294,0,-2
482,829,0,-3
569,557,0,-5
555,146,0,-7
78,117,0,-3
219,737,0,-6
929,151,0,-2
515,505,0,-4
837,704,0,-6
425,79,0,-3
942,175,0,-2
217,599,0,-6
121,198,0,-5
553,144,0,-2
306,407,0,-10
968,726,0,-7
631,632,0,-6
910,920,0,-1
23,481,0,-8
132,252,0,-10
450,37,0,-8
454,249,0,-7
858,530,0,-1
722,872,0,-8
390,758,0,-3
495,719,0,-1
958,779,0,-1
454,69,0,-10
843,470,0,-9
110,237,0,-9
477,654,0,-8
985,838,0,-2
979,66,0,-7
406,709,0,-2
73,530,0,-4
926,811,0,-2
349,890,0,-5
142,527,0,-8
871,194,0,-7
54,511,0,-7
220,641,0,-8
157,133,0,-2
742,247,0,-4
832,50,0,-2
862,47,0,-9
910,787,0,-2
346,499,0,-10
20,273,0,-10
239,709,0,-4
109,579,0,-2
165,291,0,-1
140,538,0,-9
359,987,0,-5
403,432,0,-1
572,975,0,-1
225,555,0,-9
425,276,0,-4
444,706,0,-1
985,66,0,-4
388,709,0,-8
688,592,0,-4
524,399,0,-6
969,775,0,-9
743,446,0,-1
290,427,0,-7
528,273,0,-2
670,653,0,-6
89,319,0,-4
87,323,0,-8
829,906,0,-1
123,690,0,-8
576,403,0,-2
638,311,0,-4
425,934,0,-10
192,626,0,-3
499,619,0,-4
320,407,0,-6
85,735,0,-4
814,709,0,-3
516,603,0,-7
378,633,0,-2
508,639,0,-8
581,24,0,-2
96,532,0,-7
550,501,0,-4
482,999,0,-6
377,780,0,-4
515,887,0,-7
798,439,0,-10
391,906,0,-10
238,55,0,-6
256,968,0,-9
648,945,0,-8
752,696,0,-7
794,92,0,-6
534,497,0,-1
984,814,0,-2
9,628,0,-5
250,446,0,-3
392,363,0,-1
907,850,0,-7
824,989,0,-9
801,248,0,-9
465,3,0,-8
927,265,0,-8
445,508,0,-1
631,495,0,-6
192,810,0,-6
507,248,0,-8
208,255,0,-1
124,212,0,-9
607,815,0,-8
276,892,0,-2
467,385,0,-6
810,194,0,-5
675,736,0,-2
635,155,0,-5
519,149,0,-8
887,63,0,-6
657,797,0,-10
342,326,0,-4
776,992,0,-2
173,769,0,-7
674,740,0,-9
801,605,0,-10
377,305,0,-3
301,353,0,-8
296,761,0,-8
645,17,0,-9
599,99,0,-10
101,554,0,-9
699,58,0,-7
699,621,0,-3
384,740,0,-7
951,267,0,-2
175,994,0,-10
164,592,0,-5
540,516,0,-10
712,321,0,-1
258,36,0,-7
861,543,0,-7
946,649,0,-8
284,789,0,-8
493,479,0,-9
414,821,0,-4
494,134,0,-2
373,22,0,-8
325,73,0,-2
383,255,0,-2
436,977,0,-4
381,743,0,-1
312,89,0,-3
573,159,0,-9
935,896,0,-7
65,369,0,-10
992,673,0,-8
170,601,0,-3
512,33,0,-4
625,835,0,-2
407,813,0,-8
106,858,0,-4
71,577,0,-2
811,733,0,-2
245,593,0,-3
437,635,0,-2
354,346,0,-3
597,703,0,-4
662,910,0,-1
687,355,0,-6
64,229,0,-7
631,579,0,-9
356,464,0,-4
593,332,0,-8
196,101,0,-5
328,545,0,-9
888,934,0,-5
668,914,0,-3
992,338,0,-3
866,964,0,-4
570,882,0,-1
190,16,0,-9
692,676,0,-3
994,982,0,-3
430,677,0,-7
976,437,0,-2
159,15,0,-2
208,599,0,-9
552,619,0,-9
273,993,0,-6
534,179,0,-1
192,628,0,-4
66,332,0,-2
27,907,0,-3
90,952,0,-8
429,534,0,-8
497,441,0,-7
246,722,0,-8
161,345,0,-7
134,220,0,-6
381,568,0,-7
70,108,0,-2
741,419,0,-1
521,775,0,-6
847,957,0,-3
296,384,0,-4
490,751,0,-2
414,160,0,-2
242,707,0,-8
393,60,0,-7
407,219,0,-7
858,918,0,-3
247,975,0,-7
422,779,0,-8
326,20,0,-7
442,5,0,-1
908,811,0,-4
884,35,0,-2
298,324,0,-10
999,387,0,-1
660,64,0,-9
311,261,0,-2
406,556,0,-3
202,673,0,-5
989,267,0,-7
673,73,0,-8
906,818,0,-6
867,927,0,-9
489,299,0,-1
565,741,0,-6
21,310,0,-3
688,52,0,-8
