1,1001,0,74
2,1002,0,23
7,1007,0,4
9,1009,0,7
10,1010,0,41
20,1020,0,59
23,1023,0,14
24,1024,0,26
27,1027,0,63
33,1033,0,31
34,1034,0,84
36,1036,0,97
37,1037,0,83
42,1042,0,6
50,1050,0,24
59,1059,0,94
60,1060,0,20
63,1063,0,93
66,1066,0,62
68,1068,0,81
70,1070,0,24
76,1076,0,6
80,1080,0,16
84,1084,0,63
87,1087,0,78
88,1088,0,90
93,1093,0,41
103,1103,0,34
105,1105,0,53
107,1107,0,4
108,1108,0,26
109,1109,0,6
110,1110,0,75
111,1111,0,93
112,1112,0,62
118,1118,0,69
120,1120,0,59
124,1124,0,41
127,1127,0,91
134,1134,0,17
136,1136,0,9
139,1139,0,58
140,1140,0,12
144,1144,0,88
150,1150,0,51
151,1151,0,97
152,1152,0,25
164,1164,0,88
168,1168,0,6
169,1169,0,33
171,1171,0,14
172,1172,0,40
177,1177,0,28
183,1183,0,85
193,1193,0,54
201,1201,0,37
213,1213,0,74
216,1216,0,31
217,1217,0,68
219,1219,0,99
236,1236,0,30
238,1238,0,22
245,1245,0,55
249,1249,0,75
252,1252,0,11
257,1257,0,10
259,1259,0,9
260,1260,0,76
263,1263,0,71
264,1264,0,34
268,1268,0,37
269,1269,0,17
274,1274,0,44
275,1275,0,2
282,1282,0,86
283,1283,0,5
291,1291,0,35
303,1303,0,8
310,1310,0,5
312,1312,0,70
313,1313,0,98
315,1315,0,3
316,1316,0,80
320,1320,0,62
332,1332,0,41
338,1338,0,4
340,1340,0,42
347,1347,0,85
348,1348,0,30
352,1352,0,97
364,1364,0,80
366,1366,0,19
370,1370,0,97
378,1378,0,65
379,1379,0,49
383,1383,0,24
387,1387,0,73
390,1390,0,28
396,1396,0,78
399,1399,0,43
403,1403,0,63
407,1407,0,79
413,1413,0,66
415,1415,0,96
424,1424,0,74
431,1431,0,56
436,1436,0,29
437,1437,0,40
440,1440,0,3
443,1443,0,71
455,1455,0,74
459,1459,0,90
460,1460,0,45
468,1468,0,79
474,1474,0,66
476,1476,0,97
480,1480,0,38
483,1483,0,7
486,1486,0,62
488,1488,0,5
492,1492,0,19
497,1497,0,47
502,1502,0,88
503,1503,0,37
505,1505,0,39
508,1508,0,99
513,1513,0,41
515,1515,0,10
519,1519,0,15
526,1526,0,94
536,1536,0,82
538,1538,0,77
544,1544,0,70
547,1547,0,47
548,1548,0,66
550,1550,0,94
553,1553,0,4
557,1557,0,55
558,1558,0,58
561,1561,0,93
579,1579,0,73
591,1591,0,32
592,1592,0,61
594,1594,0,13
596,1596,0,93
600,1600,0,45
612,1612,0,91
615,1615,0,66
620,1620,0,77
621,1621,0,76
622,1622,0,20
630,1630,0,45
641,1641,0,65
657,1657,0,69
660,1660,0,89
661,1661,0,77
666,1666,0,63
667,1667,0,16
668,1668,0,77
669,1669,0,34
676,1676,0,50
687,1687,0,15
688,1688,0,22
691,1691,0,67
692,1692,0,65
694,1694,0,84
698,1698,0,58
702,1702,0,67
703,1703,0,32
705,1705,0,27
707,1707,0,50
708,1708,0,13
709,1709,0,77
711,1711,0,3
719,1719,0,23
730,1730,0,88
736,1736,0,38
737,1737,0,38
738,1738,0,56
742,1742,0,8
743,1743,0,33
746,1746,0,66
755,1755,0,26
757,1757,0,42
762,1762,0,1
767,1767,0,12
768,1768,0,82
773,1773,0,6
775,1775,0,17
785,1785,0,70
786,1786,0,55
792,1792,0,19
794,1794,0,94
798,1798,0,98
804,1804,0,18
810,1810,0,33
812,1812,0,55
816,1816,0,92
819,1819,0,56
820,1820,0,57
833,1833,0,43
834,1834,0,90
835,1835,0,59
839,1839,0,55
855,1855,0,65
856,1856,0,43
862,1862,0,55
863,1863,0,33
865,1865,0,22
867,1867,0,50
870,1870,0,1
875,1875,0,69
878,1878,0,74
881,1881,0,92
884,1884,0,69
888,1888,0,86
889,1889,0,26
901,1901,0,16
902,1902,0,30
906,1906,0,85
909,1909,0,61
914,1914,0,93
919,1919,0,90
920,1920,0,54
925,1925,0,72
927,1927,0,68
931,1931,0,84
940,1940,0,1
941,1941,0,65
947,1947,0,61
948,1948,0,34
951,1951,0,43
956,1956,0,39
957,1957,0,32
959,1959,0,67
969,1969,0,47
973,1973,0,62
974,1974,0,94
975,1975,0,98
976,1976,0,2
982,1982,0,80
983,1983,0,23
984,1984,0,33
985,1985,0,29
988,1988,0,11
991,1991,0,13
992,1992,0,3
995,1995,0,13
998,1998,0,44
1000,2000,0,53
775,626,0,-10
378,775,0,-1
784,378,0,-9
775,778,0,-4
569,778,0,-3
775,441,0,-1
196,626,0,-1
378,225,0,-4
778,173,0,-6
161,626,0,-7
465,626,0,-7
465,694,0,-8
243,775,0,-3
378,429,0,-1
52,225,0,-9
407,225,0,-6
493,778,0,-7
532,775,0,-5
752,52,0,-5
752,806,0,-5
569,74,0,-1
74,60,0,-9
173,96,0,-4
758,441,0,-8
418,196,0,-6
264,418,0,-9
378,651,0,-4
264,121,0,-6
418,253,0,-4
271,778,0,-1
708,52,0,-9
60,670,0,-6
558,670,0,-5
407,77,0,-4
758,471,0,-8
626,28,0,-5
405,465,0,-7
264,733,0,-9
471,136,0,-8
830,670,0,-5
407,546,0,-2
441,654,0,-7
733,258,0,-4
381,806,0,-2
437,418,0,-1
570,407,0,-2
619,558,0,-4
74,516,0,-1
488,243,0,-1
509,488,0,-1
654,755,0,-7
830,424,0,-9
694,27,0,-5
755,138,0,-5
420,619,0,-9
300,253,0,-4
656,28,0,-5
141,420,0,-7
708,591,0,-9
173,717,0,-9
439,196,0,-2
199,420,0,-3
518,708,0,-8
708,809,0,-6
332,258,0,-2
509,383,0,-10
209,332,0,-2
546,502,0,-4
621,96,0,-5
664,778,0,-6
429,559,0,-2
518,142,0,-10
276,775,0,-9
334,138,0,-8
74,960,0,-3
52,47,0,-5
105,161,0,-7
225,56,0,-2
210,121,0,-4
683,138,0,-7
518,450,0,-5
64,755,0,-4
190,381,0,-3
528,96,0,-3
346,210,0,-2
900,60,0,-7
562,378,0,-5
127,758,0,-5
253,293,0,-3
249,437,0,-3
909,47,0,-5
717,295,0,-9
416,28,0,-3
253,836,0,-5
730,775,0,-5
106,717,0,-8
192,619,0,-4
326,138,0,-6
569,223,0,-8
502,100,0,-1
4,441,0,-9
518,941,0,-10
525,332,0,-3
74,320,0,-6
47,821,0,-3
666,64,0,-9
603,100,0,-5
717,712,0,-7
807,493,0,-9
775,679,0,-2
96,754,0,-10
300,41,0,-1
407,12,0,-1
488,172,0,-3
928,381,0,-9
648,141,0,-9
493,617,0,-7
619,93,0,-2
683,871,0,-3
839,105,0,-10
136,833,0,-4
407,749,0,-10
806,133,0,-8
806,866,0,-5
158,295,0,-7
866,596,0,-4
509,921,0,-3
283,758,0,-1
681,199,0,-3
559,649,0,-9
621,876,0,-5
27,588,0,-3
441,826,0,-9
219,276,0,-8
5,320,0,-8
85,654,0,-8
961,190,0,-6
210,92,0,-8
255,249,0,-6
172,244,0,-6
227,60,0,-1
648,347,0,-9
225,713,0,-6
529,173,0,-5
92,972,0,-8
161,557,0,-6
558,945,0,-10
559,764,0,-10
547,136,0,-10
437,171,0,-9
775,168,0,-3
225,368,0,-9
887,596,0,-2
182,105,0,-1
551,833,0,-8
142,363,0,-8
839,462,0,-1
674,518,0,-1
712,37,0,-7
869,429,0,-8
303,784,0,-2
259,649,0,-10
717,828,0,-9
826,349,0,-5
909,248,0,-10
399,293,0,-10
617,832,0,-9
418,638,0,-5
126,77,0,-3
536,603,0,-6
708,672,0,-9
737,190,0,-4
972,380,0,-3
525,771,0,-8
37,514,0,-9
400,283,0,-6
928,633,0,-6
596,498,0,-5
957,648,0,-8
82,192,0,-3
632,347,0,-2
830,891,0,-5
426,249,0,-7
439,73,0,-6
188,141,0,-8
693,77,0,-6
627,754,0,-1
513,498,0,-7
771,676,0,-5
568,551,0,-4
228,569,0,-1
56,886,0,-1
548,332,0,-2
380,838,0,-3
526,209,0,-10
272,713,0,-1
900,882,0,-6
281,676,0,-5
649,798,0,-5
886,567,0,-3
91,694,0,-1
92,131,0,-4
52,939,0,-4
608,172,0,-2
28,129,0,-7
895,127,0,-8
632,342,0,-2
518,949,0,-4
504,559,0,-2
470,437,0,-4
244,686,0,-4
855,450,0,-5
771,95,0,-7
570,507,0,-9
650,52,0,-3
22,405,0,-9
158,522,0,-4
701,559,0,-10
234,407,0,-5
437,310,0,-9
626,104,0,-10
106,616,0,-2
513,714,0,-9
475,664,0,-3
821,635,0,-3
383,848,0,-5
11,334,0,-7
346,865,0,-6
255,785,0,-2
347,436,0,-9
932,809,0,-2
96,206,0,-1
209,982,0,-9
899,638,0,-8
60,951,0,-2
855,579,0,-5
147,651,0,-7
864,248,0,-1
441,419,0,-3
808,73,0,-2
528,933,0,-2
436,930,0,-3
263,771,0,-8
846,972,0,-2
921,130,0,-10
688,100,0,-8
852,60,0,-5
384,22,0,-3
830,699,0,-7
668,676,0,-1
839,435,0,-3
621,200,0,-7
195,11,0,-7
596,154,0,-5
441,819,0,-4
811,416,0,-10
968,293,0,-9
253,447,0,-9
701,611,0,-2
797,419,0,-4
756,961,0,-7
369,968,0,-8
298,514,0,-10
650,709,0,-3
970,493,0,-1
332,810,0,-6
576,557,0,-8
650,212,0,-8
259,337,0,-5
91,201,0,-5
965,12,0,-10
141,872,0,-3
534,693,0,-10
966,617,0,-3
212,901,0,-7
521,569,0,-2
671,337,0,-8
613,778,0,-6
676,236,0,-6
977,488,0,-1
761,855,0,-9
793,930,0,-8
246,381,0,-7
192,452,0,-5
668,202,0,-7
105,13,0,-6
808,849,0,-2
332,132,0,-9
631,681,0,-3
551,357,0,-10
922,131,0,-10
521,786,0,-9
783,865,0,-4
98,838,0,-2
668,350,0,-3
797,103,0,-6
67,129,0,-8
984,334,0,-8
288,452,0,-9
817,876,0,-2
165,418,0,-9
951,919,0,-3
332,395,0,-2
127,430,0,-7
618,838,0,-10
361,737,0,-4
350,902,0,-2
327,447,0,-3
190,996,0,-2
589,126,0,-1
314,848,0,-7
570,277,0,-7
429,70,0,-7
253,829,0,-6
919,329,0,-6
416,149,0,-5
670,660,0,-10
700,557,0,-7
340,826,0,-9
466,219,0,-10
845,681,0,-6
676,572,0,-4
607,384,0,-2
855,313,0,-1
439,813,0,-7
931,708,0,-5
603,531,0,-9
556,514,0,-8
9,106,0,-10
521,517,0,-1
150,807,0,-1
490,368,0,-3
334,294,0,-1
569,774,0,-7
189,400,0,-8
126,25,0,-5
42,688,0,-10
462,431,0,-7
276,309,0,-2
509,153,0,-5
941,987,0,-10
209,604,0,-1
973,378,0,-10
623,755,0,-4
855,802,0,-1
883,25,0,-8
558,145,0,-7
809,684,0,-4
447,969,0,-4
937,106,0,-6
793,394,0,-10
931,256,0,-7
101,234,0,-7
792,871,0,-10
419,83,0,-3
715,100,0,-6
129,981,0,-7
758,667,0,-10
236,867,0,-6
69,756,0,-4
406,56,0,-8
285,347,0,-9
359,131,0,-10
37,245,0,-3
351,514,0,-10
394,880,0,-3
504,511,0,-4
366,708,0,-8
165,403,0,-8
123,127,0,-9
865,926,0,-5
536,675,0,-5
426,1,0,-10
882,942,0,-2
920,966,0,-10
285,324,0,-6
141,893,0,-8
683,330,0,-10
42,111,0,-5
137,407,0,-2
785,582,0,-2
465,273,0,-2
505,346,0,-7
276,89,0,-7
704,189,0,-1
378,360,0,-1
854,67,0,-2
558,79,0,-10
748,960,0,-4
28,125,0,-8
394,735,0,-10
897,869,0,-9
202,186,0,-10
988,25,0,-7
93,316,0,-8
209,967,0,-1
43,192,0,-2
143,704,0,-1
558,76,0,-3
13,220,0,-10
985,882,0,-8
413,125,0,-10
828,345,0,-3
94,784,0,-1
921,721,0,-1
800,700,0,-6
794,488,0,-4
369,923,0,-2
533,792,0,-9
968,46,0,-10
252,886,0,-7
676,601,0,-7
186,449,0,-3
616,484,0,-5
196,875,0,-6
173,68,0,-7
257,150,0,-3
582,738,0,-6
383,432,0,-1
632,250,0,-10
580,243,0,-1
240,430,0,-9
197,826,0,-7
411,172,0,-6
764,639,0,-7
2,839,0,-1
612,923,0,-7
352,525,0,-2
347,177,0,-6
62,381,0,-7
336,619,0,-6
521,768,0,-3
506,623,0,-8
310,825,0,-4
833,978,0,-2
918,778,0,-7
959,96,0,-7
754,425,0,-3
171,453,0,-5
509,731,0,-3
754,473,0,-5
467,277,0,-8
227,20,0,-4
533,962,0,-3
487,320,0,-1
353,755,0,-6
684,658,0,-5
86,784,0,-10
857,228,0,-7
511,396,0,-2
834,933,0,-8
116,453,0,-10
466,410,0,-7
613,728,0,-7
461,2,0,-5
930,478,0,-3
15,817,0,-7
727,137,0,-3
817,214,0,-10
914,248,0,-4
627,689,0,-3
40,13,0,-7
68,953,0,-2
574,132,0,-8
999,756,0,-9
744,161,0,-4
292,378,0,-6
945,799,0,-5
734,639,0,-8
975,40,0,-1
557,451,0,-9
855,553,0,-7
183,52,0,-2
987,944,0,-1
357,114,0,-10
383,205,0,-6
641,733,0,-2
365,136,0,-2
164,206,0,-1
152,580,0,-9
353,397,0,-5
241,944,0,-8
162,256,0,-6
314,537,0,-5
750,292,0,-5
903,419,0,-5
868,846,0,-10
718,918,0,-9
901,289,0,-8
987,454,0,-8
976,721,0,-8
463,688,0,-8
479,506,0,-1
961,925,0,-10
917,839,0,-2
638,896,0,-2
470,725,0,-7
491,639,0,-4
770,200,0,-10
762,93,0,-1
972,958,0,-9
815,133,0,-10
500,922,0,-1
214,860,0,-6
897,19,0,-10
677,617,0,-9
737,233,0,-7
742,607,0,-2
252,575,0,-6
141,372,0,-7
6,575,0,-1
679,599,0,-3
919,763,0,-8
320,229,0,-1
674,144,0,-3
166,162,0,-3
467,881,0,-7
502,594,0,-1
383,423,0,-5
913,64,0,-5
974,599,0,-5
967,409,0,-8
575,134,0,-7
438,576,0,-3
49,969,0,-1
8,945,0,-2
492,876,0,-4
955,467,0,-4
934,960,0,-1
135,201,0,-6
47,501,0,-2
26,792,0,-7
862,399,0,-9
777,633,0,-5
451,669,0,-4
540,450,0,-3
560,188,0,-2
149,44,0,-6
547,191,0,-2
493,483,0,-5
824,734,0,-5
857,573,0,-10
705,771,0,-1
380,1000,0,-6
877,449,0,-2
466,814,0,-4
333,918,0,-7
666,779,0,-3
213,363,0,-5
794,434,0,-2
550,492,0,-10
38,654,0,-10
975,61,0,-7
484,341,0,-1
943,570,0,-7
958,885,0,-1
48,100,0,-5
561,626,0,-10
479,898,0,-4
278,479,0,-6
718,459,0,-3
379,802,0,-4
25,586,0,-2
357,602,0,-5
927,887,0,-8
230,793,0,-2
541,834,0,-4
527,623,0,-8
184,500,0,-10
370,779,0,-8
896,377,0,-6
595,95,0,-6
765,808,0,-7
694,3,0,-9
309,235,0,-3
853,693,0,-4
256,831,0,-6
363,301,0,-1
339,48,0,-8
358,612,0,-7
820,654,0,-7
904,758,0,-4
712,905,0,-6
342,75,0,-6
31,901,0,-3
601,870,0,-6
261,233,0,-8
39,437,0,-7
756,890,0,-8
572,321,0,-5
946,154,0,-1
42,254,0,-5
176,572,0,-1
282,449,0,-6
296,656,0,-3
929,413,0,-4
525,707,0,-4
535,250,0,-1
929,291,0,-10
994,509,0,-10
107,475,0,-6
370,30,0,-4
343,765,0,-6
943,910,0,-2
580,297,0,-1
332,690,0,-6
545,574,0,-7
508,886,0,-9
9,389,0,-2
710,522,0,-7
318,358,0,-8
90,31,0,-10
270,575,0,-9
513,375,0,-7
563,714,0,-7
480,278,0,-10
445,405,0,-5
681,307,0,-9
759,607,0,-9
390,467,0,-1
826,80,0,-7
244,304,0,-1
338,506,0,-10
666,247,0,-7
716,970,0,-9
341,673,0,-8
782,966,0,-9
491,417,0,-2
736,937,0,-6
33,749,0,-5
947,214,0,-10
706,357,0,-1
499,962,0,-3
1000,362,0,-5
452,624,0,-9
720,675,0,-4
84,882,0,-5
414,965,0,-2
756,10,0,-10
135,571,0,-4
883,371,0,-6
894,832,0,-3
246,476,0,-2
318,331,0,-6
177,593,0,-5
817,840,0,-10
555,365,0,-3
18,338,0,-6
266,25,0,-10
128,473,0,-9
41,564,0,-9
191,711,0,-7
395,610,0,-3
780,501,0,-1
848,889,0,-5
583,778,0,-4
546,788,0,-9
969,274,0,-10
616,319,0,-5
971,607,0,-4
916,77,0,-5
231,800,0,-2
863,624,0,-1
851,46,0,-10
222,256,0,-2
745,857,0,-6
992,531,0,-5
850,689,0,-5
194,506,0,-5
594,474,0,-9
115,369,0,-10
95,625,0,-4
251,603,0,-4
78,223,0,-7
458,553,0,-1
770,682,0,-4
164,393,0,-6
890,661,0,-10
864,741,0,-5
656,590,0,-4
40,592,0,-4
502,743,0,-1
822,721,0,-10
581,270,0,-5
23,436,0,-1
284,62,0,-9
375,980,0,-1
226,970,0,-10
50,210,0,-4
16,461,0,-10
996,178,0,-8
195,503,0,-3
324,760,0,-5
935,480,0,-1
924,56,0,-10
544,541,0,-1
749,260,0,-10
299,233,0,-1
29,225,0,-5
150,678,0,-4
106,455,0,-8
198,94,0,-7
583,647,0,-8
897,952,0,-2
919,14,0,-10
352,702,0,-2
979,186,0,-1
147,634,0,-8
536,374,0,-4
935,629,0,-5
612,543,0,-6
182,35,0,-3
433,451,0,-10
328,592,0,-6
841,39,0,-4
209,662,0,-3
908,775,0,-8
692,908,0,-4
7,865,0,-7
246,24,0,-3
422,1000,0,-3
371,373,0,-6
376,671,0,-2
613,204,0,-5
495,330,0,-8
49,906,0,-2
842,319,0,-4
88,850,0,-10
485,682,0,-10
225,644,0,-5
847,165,0,-8
67,216,0,-3
643,511,0,-9
13,322,0,-7
78,723,0,-9
88,827,0,-7
18,367,0,-4
861,596,0,-3
506,335,0,-10
38,481,0,-5
175,820,0,-2
34,471,0,-3
524,522,0,-7
993,978,0,-7
991,291,0,-9
997,621,0,-5
315,168,0,-3
642,674,0,-7
474,81,0,-7
653,491,0,-2
844,186,0,-3
772,258,0,-6
622,30,0,-1
402,68,0,-2
635,630,0,-6
54,535,0,-9
63,809,0,-8
773,958,0,-1
135,843,0,-10
416,818,0,-5
71,608,0,-6
86,312,0,-2
34,444,0,-1
364,42,0,-6
554,619,0,-4
911,581,0,-4
530,69,0,-3
411,791,0,-10
235,549,0,-8
288,950,0,-5
719,707,0,-9
677,65,0,-2
404,137,0,-3
488,122,0,-5
323,142,0,-4
779,305,0,-9
730,464,0,-6
477,744,0,-4
812,79,0,-6
382,857,0,-4
257,385,0,-10
918,835,0,-2
176,148,0,-7
415,975,0,-5
250,55,0,-7
101,805,0,-8
858,200,0,-6
878,214,0,-4
578,601,0,-9
760,185,0,-6
510,878,0,-8
991,139,0,-4
238,165,0,-3
94,472,0,-1
561,159,0,-8
645,508,0,-3
941,355,0,-8
947,427,0,-8
6,856,0,-1
311,544,0,-8
655,162,0,-4
26,113,0,-8
537,637,0,-9
826,448,0,-9
66,431,0,-1
519,919,0,-3
566,684,0,-5
673,609,0,-9
460,236,0,-7
157,858,0,-4
268,291,0,-4
579,408,0,-6
983,186,0,-5
87,681,0,-8
738,663,0,-2
606,403,0,-5
330,443,0,-8
170,819,0,-7
299,108,0,-7
942,193,0,-6
225,421,0,-6
936,400,0,-4
139,685,0,-2
398,950,0,-8
801,806,0,-3
722,111,0,-1
171,32,0,-8
547,179,0,-6
882,221,0,-7
36,488,0,-8
925,207,0,-1
781,204,0,-8
61,117,0,-9
936,124,0,-6
497,19,0,-7
181,234,0,-7
97,836,0,-8
218,56,0,-9
151,431,0,-9
873,733,0,-6
392,639,0,-1
471,239,0,-9
602,776,0,-7
40,620,0,-8
45,854,0,-5
855,912,0,-7
948,94,0,-8
207,163,0,-7
927,552,0,-1
937,597,0,-1
433,180,0,-7
391,394,0,-9
697,166,0,-1
698,553,0,-9
732,142,0,-1
439,539,0,-8
686,956,0,-6
169,829,0,-6
585,864,0,-10
981,110,0,-2
757,18,0,-3
740,476,0,-8
99,44,0,-7
648,58,0,-7
89,652,0,-7
766,68,0,-10
528,884,0,-8
348,20,0,-9
72,774,0,-4
302,647,0,-1
954,320,0,-1
306,206,0,-2
837,624,0,-5
265,950,0,-4
980,665,0,-7
262,491,0,-5
457,399,0,-7
696,182,0,-9
118,245,0,-8
382,279,0,-5
980,804,0,-10
386,465,0,-3
485,998,0,-4
317,425,0,-7
882,874,0,-6
435,600,0,-9
781,232,0,-8
388,443,0,-4
963,331,0,-8
658,486,0,-5
92,520,0,-6
614,322,0,-3
129,401,0,-5
267,513,0,-8
992,753,0,-10
977,964,0,-5
433,456,0,-9
350,344,0,-10
657,247,0,-8
222,523,0,-4
485,767,0,-2
755,907,0,-9
628,567,0,-5
397,598,0,-3
210,640,0,-4
885,280,0,-8
687,595,0,-8
290,842,0,-8
412,254,0,-10
24,795,0,-4
549,496,0,-1
140,433,0,-10
630,888,0,-1
387,677,0,-9
129,109,0,-8
155,309,0,-7
59,842,0,-10
538,966,0,-2
34,119,0,-9
626,646,0,-7
9,695,0,-1
21,669,0,-7
726,32,0,-5
685,167,0,-9
940,951,0,-5
344,659,0,-3
986,586,0,-5
146,722,0,-1
308,598,0,-2
286,872,0,-3
905,51,0,-7
446,425,0,-9
740,354,0,-7
892,134,0,-3
372,224,0,-10
438,816,0,-8
242,127,0,-5
739,686,0,-6
944,515,0,-1
208,819,0,-4
16,468,0,-1
990,740,0,-4
882,203,0,-7
591,269,0,-9
703,446,0,-2
325,777,0,-8
264,989,0,-7
577,797,0,-1
153,442,0,-5
174,500,0,-6
237,269,0,-2
587,430,0,-7
57,109,0,-8
17,273,0,-7
747,602,0,-3
257,605,0,-1
865,823,0,-3
440,295,0,-4
200,565,0,-2
615,860,0,-10
769,573,0,-4
729,507,0,-7
391,790,0,-4
623,287,0,-5
217,957,0,-9
363,746,0,-7
803,34,0,-10
156,689,0,-2
777,494,0,-5
808,489,0,-9
879,184,0,-2
521,542,0,-10
78,724,0,-8
605,187,0,-2
684,691,0,-1
834,356,0,-6
186,482,0,-6
915,650,0,-1
590,512,0,-7
461,120,0,-6
787,772,0,-1
793,636,0,-2
680,554,0,-1
497,584,0,-9
275,693,0,-10
454,215,0,-4
751,148,0,-2
348,995,0,-2
215,796,0,-1
636,53,0,-4
859,612,0,-6
469,854,0,-7
102,23,0,-8
211,533,0,-2
797,428,0,-6
112,233,0,-10
789,382,0,-3
160,630,0,-1
343,938,0,-10
934,564,0,-7
742,167,0,-2
959,836,0,-7
920,820,0,-6
397,438,0,-9
747,706,0,-9
965,117,0,-9
430,447,0,-7
805,10,0,-1
85,987,0,-2
221,503,0,-10
809,85,0,-2
293,313,0,-4
506,728,0,-10
639,419,0,-1
956,299,0,-2
67,729,0,-1
359,560,0,-5
567,419,0,-7
894,719,0,-1
79,974,0,-8
711,484,0,-4
828,355,0,-1
803,621,0,-6
212,913,0,-9
7,665,0,-3
326,817,0,-6
998,344,0,-7
301,941,0,-3
741,197,0,-8
458,527,0,-8
218,684,0,-2
694,426,0,-7
851,165,0,-6
213,585,0,-3
258,270,0,-7
863,721,0,-5
721,284,0,-2
708,494,0,-10
477,934,0,-9
501,731,0,-9
845,501,0,-7
696,215,0,-4
922,893,0,-1
864,919,0,-10
703,737,0,-6
463,897,0,-9
817,856,0,-5
858,866,0,-3
917,474,0,-2
355,553,0,-1
504,553,0,-10
752,661,0,-6
304,780,0,-6
232,185,0,-7
276,619,0,-9
663,944,0,-8
281,830,0,-10
403,469,0,-10
78,936,0,-3
484,660,0,-6
823,751,0,-1
444,169,0,-3
62,452,0,-4
938,544,0,-8
833,26,0,-3
880,207,0,-2
327,104,0,-10
613,986,0,-6
436,580,0,-1
516,647,0,-9
659,781,0,-4
410,881,0,-7
92,590,0,-2
502,523,0,-9
298,414,0,-2
618,914,0,-10
232,804,0,-2
560,927,0,-9
70,396,0,-1
261,775,0,-8
663,578,0,-1
763,595,0,-9
868,872,0,-4
285,176,0,-2
657,755,0,-5
295,334,0,-2
434,238,0,-7
162,231,0,-8
291,910,0,-1
569,278,0,-2
555,862,0,-2
598,557,0,-6
351,364,0,-6
503,654,0,-10
723,901,0,-5
900,813,0,-8
314,743,0,-9
585,431,0,-1
591,756,0,-10
320,942,0,-4
434,981,0,-8
275,922,0,-10
282,517,0,-3
218,32,0,-2
710,531,0,-9
407,854,0,-7
52,535,0,-3
345,780,0,-7
945,657,0,-9
330,124,0,-10
712,427,0,-4
922,608,0,-7
881,72,0,-6
779,794,0,-2
366,362,0,-5
913,379,0,-5
460,549,0,-10
859,81,0,-3
904,884,0,-9
897,722,0,-2
977,566,0,-4
318,29,0,-4
683,956,0,-8
879,526,0,-10
841,402,0,-5
614,165,0,-4
999,5,0,-9
346,298,0,-4
750,623,0,-7
518,225,0,-2
324,626,0,-5
513,640,0,-10
592,517,0,-10
386,482,0,-6
632,301,0,-2
387,838,0,-7
848,125,0,-5
322,545,0,-4
945,23,0,-6
663,989,0,-3
521,187,0,-4
551,766,0,-5
28,304,0,-6
90,507,0,-8
895,16,0,-3
116,430,0,-3
85,928,0,-6
637,467,0,-10
148,253,0,-9
11,483,0,-3
327,205,0,-7
97,929,0,-6
846,309,0,-4
721,10,0,-7
363,802,0,-4
771,9,0,-6
788,264,0,-10
658,469,0,-2
15,840,0,-9
160,521,0,-5
842,4,0,-6
850,795,0,-8
918,368,0,-8
408,913,0,-8
238,665,0,-4
386,968,0,-8
381,996,0,-3
253,271,0,-7
144,104,0,-1
393,75,0,-3
531,170,0,-7
913,200,0,-9
702,507,0,-4
717,2,0,-7
635,713,0,-2
347,432,0,-2
723,557,0,-9
78,906,0,-8
419,801,0,-4
317,569,0,-6
867,344,0,-4
269,767,0,-3
678,116,0,-5
515,958,0,-2
677,673,0,-4
208,598,0,-1
824,434,0,-3
332,613,0,-10
5,326,0,-7
581,109,0,-5
441,264,0,-1
709,322,0,-9
916,497,0,-8
556,288,0,-2
283,321,0,-7
749,639,0,-10
475,922,0,-9
202,124,0,-5
311,635,0,-8
387,946,0,-10
397,572,0,-3
968,507,0,-3
876,65,0,-3
570,798,0,-3
223,274,0,-5
516,524,0,-10
354,46,0,-7
93,561,0,-7
675,678,0,-9
829,556,0,-4
751,790,0,-10
765,177,0,-5
651,886,0,-10
409,673,0,-1
907,201,0,-5
168,626,0,-4
666,405,0,-2
236,48,0,-2
889,696,0,-6
152,60,0,-6
656,142,0,-3
687,49,0,-1
523,488,0,-6
961,305,0,-3
249,742,0,-3
615,192,0,-8
309,82,0,-10
669,830,0,-10
703,130,0,-8
44,357,0,-9
376,275,0,-5
224,519,0,-3
697,437,0,-7
471,133,0,-2
862,518,0,-9
166,756,0,-7
455,276,0,-2
449,684,0,-3
917,664,0,-8
803,269,0,-3
908,459,0,-5
36,144,0,-9
211,674,0,-5
871,401,0,-3
795,497,0,-2
931,754,0,-5
912,519,0,-2
346,643,0,-8
36,666,0,-9
849,490,0,-5
812,221,0,-8
787,462,0,-10
997,915,0,-2
79,769,0,-8
950,533,0,-4
375,853,0,-2
350,671,0,-1
613,448,0,-4
418,217,0,-9
564,561,0,-5
352,585,0,-4
944,268,0,-6
85,242,0,-1
951,164,0,-9
8,886,0,-2
153,313,0,-2
67,613,0,-10
735,822,0,-5
745,285,0,-3
586,74,0,-5
489,57,0,-10
54,695,0,-5
935,853,0,-5
914,82,0,-8
512,738,0,-10
730,56,0,-3
439,83,0,-1
162,621,0,-7
835,790,0,-6
895,879,0,-1
95,250,0,-2
137,121,0,-3
703,66,0,-3
706,927,0,-8
818,237,0,-9
240,819,0,-4
551,583,0,-8
556,734,0,-5
194,301,0,-8
725,255,0,-4
187,111,0,-2
985,709,0,-4
811,897,0,-7
933,123,0,-6
215,766,0,-7
671,128,0,-6
201,849,0,-6
744,527,0,-9
220,917,0,-3
768,38,0,-8
457,180,0,-6
469,546,0,-9
35,882,0,-3
302,869,0,-8
82,980,0,-10
662,330,0,-5
866,438,0,-1
793,571,0,-6
346,335,0,-6
6,146,0,-10
693,980,0,-6
748,710,0,-2
743,819,0,-9
574,613,0,-8
515,984,0,-8
758,489,0,-1
592,86,0,-6
749,820,0,-9
813,226,0,-6
675,269,0,-6
407,27,0,-1
95,586,0,-10
52,968,0,-5
544,535,0,-5
559,621,0,-7
854,284,0,-8
856,9,0,-4
822,366,0,-9
542,501,0,-7
989,628,0,-10
241,315,0,-8
686,589,0,-7
726,326,0,-2
148,697,0,-10
498,909,0,-8
447,436,0,-3
907,937,0,-2
282,22,0,-4
973,222,0,-2
32,736,0,-2
892,993,0,-3
334,623,0,-7
333,270,0,-7
741,439,0,-4
442,155,0,-8
251,706,0,-9
628,331,0,-6
154,369,0,-9
321,99,0,-7
144,920,0,-5
234,586,0,-3
652,90,0,-8
412,447,0,-8
605,406,0,-2
93,936,0,-7
834,89,0,-10
507,657,0,-2
827,595,0,-1
775,482,0,-3
871,250,0,-5
635,763,0,-10
76,295,0,-3
849,491,0,-2
829,975,0,-8
904,230,0,-2
368,798,0,-2
819,839,0,-1
141,947,0,-3
562,123,0,-6
795,776,0,-9
97,481,0,-4
117,263,0,-7
253,873,0,-3
5,869,0,-1
713,420,0,-2
677,800,0,-1
629,421,0,-8
3,23,0,-2
997,622,0,-1
959,564,0,-2
89,100,0,-2
921,706,0,-4
502,343,0,-5
115,477,0,-3
515,687,0,-4
36,587,0,-8
890,391,0,-6
371,441,0,-7
539,409,0,-6
344,711,0,-6
121,850,0,-2
266,360,0,-10
814,833,0,-6
959,688,0,-5
761,56,0,-5
962,512,0,-2
716,456,0,-7
883,185,0,-1
776,31,0,-4
879,726,0,-4
114,73,0,-1
846,719,0,-10
214,645,0,-8
613,188,0,-2
798,667,0,-8
546,294,0,-10
520,522,0,-3
673,531,0,-9
590,446,0,-8
421,75,0,-2
882,719,0,-1
106,764,0,-1
319,903,0,-6
679,566,0,-10
498,652,0,-5
105,260,0,-1
957,252,0,-7
614,536,0,-3
461,343,0,-6
542,745,0,-1
252,713,0,-8
5,391,0,-9
444,135,0,-1
657,352,0,-3
992,715,0,-2
562,314,0,-9
455,303,0,-5
288,167,0,-7
116,802,0,-1
925,96,0,-3
658,103,0,-2
844,328,0,-6
454,697,0,-3
415,576,0,-2
97,64,0,-7
500,782,0,-5
912,360,0,-2
141,940,0,-8
36,372,0,-8
24,840,0,-8
473,818,0,-2
669,709,0,-10
596,186,0,-8
375,511,0,-5
504,765,0,-2
940,199,0,-6
315,17,0,-10
391,846,0,-10
517,830,0,-3
1000,463,0,-6
125,185,0,-10
534,797,0,-10
739,670,0,-1
300,460,0,-4
905,556,0,-10
784,852,0,-9
90,806,0,-6
618,445,0,-10
715,876,0,-9
755,421,0,-8
963,55,0,-8
436,422,0,-6
561,82,0,-4
769,755,0,-7
274,938,0,-4
145,66,0,-9
177,308,0,-7
259,791,0,-2
309,635,0,-8
855,196,0,-8
117,345,0,-7
220,285,0,-8
349,359,0,-3
175,331,0,-2
196,201,0,-1
767,803,0,-9
410,824,0,-1
605,74,0,-7
628,128,0,-5
971,975,0,-4
681,819,0,-4
458,314,0,-6
393,279,0,-6
420,299,0,-7
399,280,0,-7
234,197,0,-3
742,191,0,-2
351,814,0,-1
606,904,0,-6
519,331,0,-3
224,907,0,-8
197,103,0,-7
160,849,0,-8
559,94,0,-2
93,37,0,-10
69,137,0,-7
713,775,0,-3
354,636,0,-2
96,875,0,-1
679,953,0,-6
567,92,0,-3
172,227,0,-4
788,259,0,-7
703,541,0,-3
966,370,0,-5
710,994,0,-7
113,803,0,-2
308,733,0,-3
784,81,0,-10
600,490,0,-5
941,898,0,-4
878,440,0,-7
797,34,0,-6
542,576,0,-4
597,334,0,-5
731,986,0,-1
702,782,0,-6
118,19,0,-5
735,25,0,-8
248,335,0,-10
602,765,0,-9
342,360,0,-10
871,150,0,-6
388,22,0,-3
198,109,0,-7
436,742,0,-6
640,676,0,-7
532,935,0,-9
965,584,0,-9
385,606,0,-7
718,814,0,-10
209,774,0,-4
136,582,0,-10
853,749,0,-6
168,292,0,-4
92,16,0,-8
547,945,0,-1
274,919,0,-2
533,532,0,-6
69,120,0,-8
908,555,0,-2
909,892,0,-4
975,992,0,-3
922,183,0,-2
692,708,0,-4
781,88,0,-7
393,157,0,-6
626,496,0,-3
770,105,0,-7
185,920,0,-10
84,275,0,-7
435,702,0,-4
634,857,0,-1
568,62,0,-6
89,111,0,-8
210,430,0,-3
381,898,0,-1
631,31,0,-8
721,170,0,-4
45,128,0,-6
623,989,0,-8
203,336,0,-7
636,353,0,-8
629,988,0,-8
666,772,0,-7
616,878,0,-6
447,389,0,-3
308,660,0,-2
300,508,0,-3
787,489,0,-3
843,152,0,-8
87,162,0,-6
478,250,0,-7
911,883,0,-1
230,680,0,-1
264,6,0,-3
382,564,0,-1
531,726,0,-1
246,102,0,-4
823,880,0,-2
566,820,0,-5
878,135,0,-2
576,388,0,-2
611,975,0,-5
958,932,0,-5
785,22,0,-8
31,715,0,-1
674,563,0,-1
911,612,0,-10
373,184,0,-7
8,123,0,-5
499,112,0,-9
681,369,0,-6
334,826,0,-2
538,854,0,-6
441,75,0,-4
780,922,0,-9
228,739,0,-2
936,478,0,-3
957,382,0,-7
640,415,0,-8
129,275,0,-1
511,395,0,-10
761,419,0,-8
682,104,0,-10
641,572,0,-9
368,898,0,-9
361,268,0,-3
918,165,0,-2
226,472,0,-2
461,722,0,-7
116,666,0,-2
905,414,0,-9
385,852,0,-3
920,76,0,-9
853,569,0,-4
412,300,0,-7
759,376,0,-1
52,698,0,-5
339,441,0,-7
130,506,0,-7
533,235,0,-7
658,247,0,-9
553,478,0,-1
2,943,0,-8
799,405,0,-7
73,24,0,-4
685,818,0,-2
781,1,0,-8
447,191,0,-9
19,716,0,-3
545,627,0,-4
9,812,0,-1
424,300,0,-1
120,508,0,-9
376,738,0,-10
79,934,0,-2
336,168,0,-10
901,418,0,-9
726,932,0,-6
732,784,0,-10
396,43,0,-4
944,665,0,-5
320,413,0,-1
436,574,0,-7
8,165,0,-5
358,258,0,-7
275,663,0,-7
57,382,0,-8
714,454,0,-3
396,149,0,-6
387,94,0,-4
676,335,0,-2
382,701,0,-4
194,62,0,-1
800,342,0,-1
501,54,0,-1
219,528,0,-9
788,551,0,-7
624,516,0,-4
475,662,0,-8
62,218,0,-5
419,740,0,-9
739,596,0,-3
450,302,0,-6
404,814,0,-8
32,688,0,-1
805,880,0,-7
65,465,0,-5
462,61,0,-9
923,366,0,-8
149,878,0,-1
419,147,0,-4
393,376,0,-4
729,50,0,-4
614,443,0,-1
375,320,0,-5
384,188,0,-6
217,615,0,-5
548,768,0,-1
41,149,0,-6
951,700,0,-3
103,146,0,-1
746,921,0,-5
510,357,0,-5
401,344,0,-5
39,619,0,-6
555,939,0,-4
15,914,0,-7
398,361,0,-9
937,679,0,-7
435,651,0,-2
783,627,0,-6
938,754,0,-1
284,85,0,-6
304,997,0,-8
388,974,0,-7
391,362,0,-3
629,793,0,-2
146,802,0,-8
484,677,0,-5
673,246,0,-3
913,346,0,-3
976,992,0,-6
303,957,0,-1
849,748,0,-9
16,85,0,-3
610,936,0,-4
152,212,0,-8
662,270,0,-4
399,76,0,-3
221,788,0,-6
772,104,0,-9
621,443,0,-5
778,637,0,-7
913,821,0,-10
312,885,0,-1
552,392,0,-9
703,496,0,-6
886,328,0,-4
13,487,0,-3
37,201,0,-1
76,998,0,-6
1000,631,0,-4
482,657,0,-4
310,628,0,-3
955,147,0,-10
158,434,0,-1
552,713,0,-9
87,160,0,-7
457,902,0,-6
740,546,0,-10
710,602,0,-6
79,381,0,-3
690,714,0,-5
91,937,0,-9
582,383,0,-2
755,684,0,-6
147,408,0,-9
630,249,0,-3
978,666,0,-5
103,741,0,-8
885,860,0,-3
449,719,0,-9
921,292,0,-7
873,11,0,-2
495,232,0,-4
215,915,0,-2
526,565,0,-6
94,593,0,-2
37,680,0,-7
917,712,0,-2
467,103,0,-8
916,689,0,-10
653,499,0,-1
600,469,0,-10
188,971,0,-2
121,108,0,-2
79,916,0,-10
993,178,0,-2
544,229,0,-9
249,613,0,-5
999,872,0,-9
890,42,0,-6
798,623,0,-9
268,421,0,-6
310,650,0,-2
234,371,0,-1
119,491,0,-2
890,766,0,-9
82,524,0,-10
57,410,0,-5
990,133,0,-8
200,461,0,-10
351,455,0,-8
344,549,0,-2
205,545,0,-2
955,393,0,-4
329,819,0,-4
889,135,0,-8
110,854,0,-1
655,992,0,-6
595,121,0,-10
890,947,0,-3
44,271,0,-2
856,939,0,-3
122,773,0,-2
832,296,0,-4
250,800,0,-9
688,54,0,-5
797,598,0,-3
19,676,0,-6
162,779,0,-4
143,444,0,-10
97,594,0,-10
138,645,0,-9
927,994,0,-7
502,111,0,-8
373,329,0,-10
697,576,0,-3
613,970,0,-5
377,4,0,-5
14,94,0,-5
411,314,0,-4
361,748,0,-9
620,4,0,-9
858,424,0,-7
26,819,0,-9
729,372,0,-10
895,969,0,-4
436,876,0,-7
26,272,0,-10
836,264,0,-6
536,328,0,-7
857,998,0,-5
756,778,0,-5
267,197,0,-8
725,861,0,-10
840,321,0,-4
256,61,0,-8
818,548,0,-7
532,510,0,-3
69,221,0,-9
82,876,0,-4
314,645,0,-2
520,939,0,-9
822,702,0,-10
466,322,0,-10
314,290,0,-7
977,37,0,-5
761,944,0,-3
869,847,0,-1
445,791,0,-2
89,857,0,-5
680,162,0,-8
322,161,0,-10
348,191,0,-4
252,215,0,-4
566,292,0,-3
641,278,0,-5
338,711,0,-6
972,74,0,-8
953,821,0,-3
779,653,0,-7
531,166,0,-5
307,278,0,-3
523,155,0,-7
982,285,0,-4
444,60,0,-6
460,438,0,-3
362,935,0,-7
425,604,0,-6
319,901,0,-1
934,807,0,-2
997,281,0,-5
446,853,0,-2
273,909,0,-5
561,832,0,-4
146,840,0,-1
806,115,0,-4
913,454,0,-10
973,135,0,-4
480,474,0,-1
644,609,0,-8
489,414,0,-8
647,780,0,-1
901,279,0,-2
478,638,0,-9
631,888,0,-9
964,816,0,-1
158,427,0,-9
844,724,0,-9
234,775,0,-1
859,617,0,-4
832,791,0,-1
765,847,0,-10
163,378,0,-8
164,166,0,-6
808,764,0,-8
262,116,0,-1
967,929,0,-1
802,119,0,-1
689,981,0,-8
610,44,0,-8
290,799,0,-3
390,560,0,-2
697,127,0,-10
156,331,0,-10
594,573,0,-7
699,402,0,-6
713,757,0,-7
386,733,0,-5
434,482,0,-1
797,351,0,-8
66,467,0,-7
893,176,0,-4
779,346,0,-2
850,471,0,-5
525,73,0,-9
183,607,0,-7
860,657,0,-3
505,190,0,-6
199,197,0,-8
351,646,0,-7
60,391,0,-10
133,968,0,-1
188,210,0,-7
820,363,0,-10
369,29,0,-3
863,975,0,-3
157,421,0,-9
364,640,0,-2
760,19,0,-5
215,447,0,-10
565,316,0,-8
727,643,0,-2
19,23,0,-8
232,789,0,-9
993,229,0,-3
294,664,0,-1
674,824,0,-9
273,978,0,-6
591,693,0,-8
844,809,0,-10
712,382,0,-4
257,931,0,-6
558,846,0,-3
470,935,0,-4
119,343,0,-8
233,872,0,-4
258,239,0,-1
796,371,0,-8
393,175,0,-4
948,481,0,-10
1,429,0,-8
834,245,0,-8
185,265,0,-4
874,63,0,-9
847,489,0,-6
883,571,0,-10
178,660,0,-2
255,870,0,-5
621,386,0,-1
20,423,0,-6
863,153,0,-3
639,904,0,-10
359,849,0,-3
780,993,0,-10
891,50,0,-6
387,493,0,-5
954,328,0,-3
1000,393,0,-6
254,806,0,-7
570,149,0,-6
110,915,0,-2
359,984,0,-7
297,911,0,-6
760,673,0,-8
794,91,0,-1
495,612,0,-3
138,633,0,-2
522,361,0,-9
90,170,0,-3
673,283,0,-3
740,720,0,-5
267,141,0,-6
321,761,0,-8
567,33,0,-5
934,774,0,-2
649,215,0,-9
968,887,0,-9
883,454,0,-2
944,87,0,-9
462,677,0,-8
576,227,0,-10
89,783,0,-9
465,238,0,-5
139,957,0,-4
525,741,0,-4
815,536,0,-5
422,175,0,-6
276,674,0,-9
249,490,0,-7
260,386,0,-8
886,919,0,-1
254,678,0,-7
782,390,0,-3
804,818,0,-8
229,72,0,-4
64,130,0,-8
42,827,0,-10
889,620,0,-1
801,146,0,-3
977,151,0,-1
289,224,0,-8
636,680,0,-8
711,167,0,-1
58,938,0,-2
879,884,0,-3
855,5,0,-3
780,261,0,-4
898,630,0,-10
753,501,0,-3
644,182,0,-4
484,34,0,-1
695,310,0,-5
764,839,0,-5
975,425,0,-4
393,759,0,-10
448,312,0,-6
632,247,0,-2
395,410,0,-6
19,890,0,-7
852,820,0,-7
332,32,0,-8
459,552,0,-8
340,623,0,-5
195,110,0,-6
286,596,0,-3
906,537,0,-4
26,376,0,-1
666,767,0,-9
953,794,0,-1
184,480,0,-7
375,767,0,-10
625,900,0,-5
974,640,0,-10
955,138,0,-1
260,257,0,-1
398,409,0,-5
712,673,0,-1
213,401,0,-5
477,854,0,-3
691,620,0,-4
223,398,0,-3
810,517,0,-2
411,529,0,-10
710,153,0,-7
660,863,0,-2
323,155,0,-7
54,287,0,-1
387,370,0,-10
983,194,0,-7
587,622,0,-8
420,539,0,-4
784,841,0,-3
457,359,0,-6
701,137,0,-5
975,766,0,-2
679,97,0,-6
542,480,0,-6
428,593,0,-4
875,877,0,-1
828,66,0,-5
846,207,0,-9
591,320,0,-7
848,600,0,-1
383,508,0,-7
273,85,0,-10
840,66,0,-7
45,135,0,-3
845,772,0,-8
349,209,0,-2
320,33,0,-8
164,797,0,-8
899,525,0,-9
79,894,0,-2
781,50,0,-9
432,911,0,-4
903,174,0,-5
848,968,0,-7
980,826,0,-10
795,192,0,-9
85,803,0,-2
144,468,0,-6
885,855,0,-3
728,777,0,-5
983,524,0,-7
240,887,0,-6
996,59,0,-5
354,13,0,-5
337,864,0,-6
712,364,0,-1
173,24,0,-10
262,248,0,-6
808,321,0,-6
203,345,0,-5
461,796,0,-3
368,76,0,-2
816,47,0,-9
545,456,0,-7
577,677,0,-2
656,586,0,-3
474,817,0,-7
20,736,0,-2
655,399,0,-3
239,735,0,-4
582,644,0,-10
694,666,0,-3
465,315,0,-6
535,87,0,-4
969,673,0,-7
376,160,0,-4
215,909,0,-3
40,719,0,-9
596,14,0,-10
716,141,0,-8
395,901,0,-1
196,35,0,-10
187,745,0,-6
361,575,0,-1
375,40,0,-3
926,522,0,-7
152,180,0,-2
648,151,0,-10
886,373,0,-10
146,369,0,-1
998,196,0,-6
749,303,0,-1
730,711,0,-2
325,337,0,-5
583,206,0,-7
788,451,0,-10
468,680,0,-9
241,710,0,-1
522,481,0,-3
588,383,0,-2
148,169,0,-10
368,700,0,-1
209,876,0,-9
343,254,0,-4
900,389,0,-9
761,791,0,-6
396,339,0,-8
563,51,0,-5
283,622,0,-10
491,549,0,-4
653,578,0,-7
709,277,0,-3
314,41,0,-4
72,861,0,-8
581,142,0,-7
649,584,0,-3
12,774,0,-4
176,934,0,-9
21,343,0,-7
534,891,0,-10
7,278,0,-3
380,328,0,-1
127,779,0,-10
221,814,0,-9
198,773,0,-8
564,408,0,-9
819,592,0,-3
710,996,0,-8
684,155,0,-6
630,641,0,-4
308,701,0,-7
139,795,0,-3
291,838,0,-4
954,912,0,-6
108,460,0,-6
19,995,0,-2
206,141,0,-7
720,362,0,-3
701,848,0,-3
193,441,0,-9
612,161,0,-6
191,976,0,-5
45,428,0,-9
445,157,0,-9
231,928,0,-9
12,404,0,-8
998,879,0,-7
893,384,0,-3
539,702,0,-7
522,155,0,-2
795,513,0,-3
981,603,0,-8
590,549,0,-8
463,551,0,-5
747,461,0,-5
732,858,0,-10
374,85,0,-1
684,827,0,-5
733,446,0,-4
277,345,0,-3
888,145,0,-6
763,691,0,-4
704,324,0,-8
870,132,0,-5
315,53,0,-10
865,826,0,-6
940,989,0,-10
580,4,0,-5
474,344,0,-3
484,587,0,-3
123,382,0,-6
600,805,0,-2
741,800,0,-2
579,890,0,-7
140,967,0,-10
155,245,0,-9
843,353,0,-2
840,47,0,-5
45,22,0,-3
719,949,0,-10
883,633,0,-5
166,613,0,-7
593,733,0,-5
586,445,0,-7
373,108,0,-10
679,560,0,-7
611,8,0,-5
749,486,0,-4
756,35,0,-10
539,994,0,-5
358,540,0,-10
203,10,0,-7
373,741,0,-8
974,948,0,-1
273,859,0,-10
611,411,0,-7
646,25,0,-4
37,471,0,-3
788,42,0,-1
325,719,0,-9
1000,228,0,-9
966,329,0,-10
568,99,0,-1
555,405,0,-5
551,624,0,-6
158,257,0,-9
269,640,0,-9
911,170,0,-7
898,369,0,-9
477,939,0,-4
114,377,0,-5
592,877,0,-9
944,249,0,-7
885,212,0,-9
118,504,0,-3
144,981,0,-2
945,122,0,-7
987,49,0,-3
263,976,0,-6
26,786,0,-4
669,846,0,-6
357,102,0,-8
855,853,0,-7
645,554,0,-8
245,163,0,-6
355,849,0,-3
782,427,0,-2
235,161,0,-8
352,108,0,-7
328,345,0,-2
702,686,0,-7
407,116,0,-1
829,531,0,-9
138,24,0,-4
658,685,0,-8
295,949,0,-6
249,352,0,-8
179,849,0,-10
817,763,0,-4
378,783,0,-6
24,391,0,-6
894,319,0,-4
366,609,0,-10
327,580,0,-1
679,732,0,-9
483,886,0,-2
907,99,0,-3
223,499,0,-3
684,473,0,-4
997,274,0,-10
653,564,0,-7
879,518,0,-10
284,619,0,-3
174,499,0,-2
190,420,0,-6
68,322,0,-10
887,389,0,-5
910,456,0,-5
382,570,0,-6
412,193,0,-6
537,120,0,-1
476,207,0,-7
155,964,0,-4
499,698,0,-3
574,501,0,-10
940,116,0,-4
320,482,0,-8
310,223,0,-4
863,531,0,-1
662,388,0,-5
453,828,0,-4
783,427,0,-3
688,132,0,-3
211,918,0,-7
175,283,0,-3
837,479,0,-7
846,922,0,-8
190,522,0,-6
234,528,0,-8
605,226,0,-6
488,670,0,-4
927,238,0,-9
762,902,0,-1
63,256,0,-5
231,135,0,-3
955,403,0,-5
404,516,0,-4
483,101,0,-7
38,438,0,-7
941,515,0,-9
865,791,0,-8
38,752,0,-1
750,106,0,-4
135,423,0,-6
510,119,0,-8
634,172,0,-9
235,236,0,-1
242,193,0,-7
196,85,0,-1
328,999,0,-6
298,777,0,-9
515,245,0,-1
342,666,0,-10
190,204,0,-7
330,28,0,-10
174,76,0,-9
759,261,0,-6
544,572,0,-1
568,734,0,-3
182,412,0,-4
849,566,0,-1
511,721,0,-1
499,544,0,-8
21,214,0,-2
27,11,0,-1
594,620,0,-5
989,314,0,-1
152,895,0,-3
596,647,0,-5
716,466,0,-4
855,355,0,-6
83,937,0,-7
520,424,0,-4
125,160,0,-1
643,43,0,-2
728,85,0,-1
745,297,0,-1
655,855,0,-5
174,552,0,-9
395,243,0,-9
672,602,0,-7
986,68,0,-10
828,119,0,-1
311,418,0,-4
399,767,0,-10
178,180,0,-4
648,189,0,-5
15,474,0,-10
346,471,0,-5
552,844,0,-5
10,39,0,-9
884,590,0,-3
198,454,0,-6
892,482,0,-10
143,457,0,-1
75,55,0,-4
903,820,0,-4
310,965,0,-4
150,560,0,-3
549,241,0,-1
131,79,0,-2
489,337,0,-10
725,885,0,-6
794,49,0,-4
421,498,0,-5
421,535,0,-1
740,803,0,-7
256,13,0,-5
829,349,0,-4
322,261,0,-10
620,851,0,-1
208,373,0,-6
486,219,0,-6
762,928,0,-9
317,686,0,-3
266,57,0,-10
947,68,0,-5
28,962,0,-6
323,312,0,-3
584,761,0,-10
917,561,0,-2
491,266,0,-10
887,716,0,-5
899,334,0,-6
771,582,0,-3
851,403,0,-6
208,896,0,-2
330,864,0,-5
853,530,0,-10
263,822,0,-5
347,794,0,-9
775,486,0,-3
803,41,0,-2
705,432,0,-4
810,367,0,-8
644,414,0,-7
801,434,0,-3
986,798,0,-3
893,804,0,-2
19,575,0,-7
833,169,0,-4
84,687,0,-3
816,936,0,-9
253,910,0,-8
609,855,0,-1
345,474,0,-8
335,601,0,-3
787,635,0,-7
893,63,0,-2
607,528,0,-4
888,57,0,-5
294,62,0,-3
712,134,0,-1
326,308,0,-8
370,408,0,-10
13,809,0,-6
470,987,0,-1
275,989,0,-7
559,21,0,-10
696,36,0,-2
608,52,0,-10
582,348,0,-5
60,708,0,-8
392,700,0,-10
522,246,0,-1
441,989,0,-2
738,80,0,-2
429,543,0,-1
190,310,0,-3
724,190,0,-6
132,373,0,-8
408,646,0,-4
55,871,0,-10
62,559,0,-4
804,789,0,-4
508,896,0,-4
386,886,0,-4
473,712,0,-2
168,76,0,-7
604,755,0,-2
420,243,0,-4
967,339,0,-8
742,869,0,-10
904,389,0,-5
498,550,0,-3
114,961,0,-3
376,979,0,-5
289,849,0,-4
992,697,0,-3
659,338,0,-2
490,160,0,-9
299,701,0,-7
698,523,0,-8
778,798,0,-6
323,203,0,-7
567,853,0,-4
516,749,0,-6
637,750,0,-7
431,48,0,-4
117,493,0,-9
323,711,0,-2
864,309,0,-9
900,798,0,-6
789,717,0,-4
160,778,0,-8
229,554,0,-4
854,294,0,-1
312,977,0,-4
944,950,0,-8
215,484,0,-3
714,710,0,-5
476,603,0,-3
194,865,0,-5
631,702,0,-9
290,255,0,-2
127,937,0,-2
610,320,0,-2
712,286,0,-10
248,681,0,-5
225,879,0,-8
227,888,0,-3
140,891,0,-5
730,267,0,-1
360,557,0,-4
235,896,0,-3
507,6,0,-9
313,44,0,-9
317,339,0,-10
39,126,0,-7
496,216,0,-4
72,287,0,-3
620,360,0,-1
804,157,0,-7
401,662,0,-3
679,99,0,-10
450,134,0,-3
335,260,0,-7
791,473,0,-10
529,919,0,-2
662,677,0,-6
868,831,0,-4
708,212,0,-1
269,992,0,-6
478,39,0,-1
88,47,0,-8
597,409,0,-2
244,514,0,-9
67,267,0,-2
753,68,0,-9
443,469,0,-8
835,11,0,-5
1,980,0,-6
674,875,0,-3
736,942,0,-8
72,325,0,-10
399,89,0,-9
978,621,0,-9
780,888,0,-5
835,713,0,-8
334,133,0,-7
608,988,0,-2
579,163,0,-3
223,518,0,-6
392,660,0,-7
548,106,0,-2
485,729,0,-3
16,490,0,-8
634,481,0,-6
465,378,0,-9
780,893,0,-2
392,346,0,-5
829,64,0,-8
135,422,0,-6
352,654,0,-9
210,1,0,-6
864,327,0,-10
416,194,0,-2
37,636,0,-4
43,919,0,-1
480,387,0,-9
568,73,0,-4
712,400,0,-8
947,287,0,-9
797,92,0,-4
867,935,0,-10
782,924,0,-4
658,707,0,-1
772,184,0,-10
647,388,0,-5
638,957,0,-4
698,462,0,-5
389,600,0,-8
747,815,0,-1
612,425,0,-8
68,321,0,-3
859,601,0,-8
978,536,0,-2
762,546,0,-7
923,551,0,-10
651,109,0,-7
316,376,0,-10
839,579,0,-4
360,59,0,-5
311,812,0,-7
328,764,0,-10
450,678,0,-9
563,323,0,-4
509,506,0,-6
694,749,0,-3
700,107,0,-3
433,355,0,-8
870,716,0,-7
970,397,0,-4
577,754,0,-5
220,911,0,-2
192,359,0,-4
825,947,0,-3
574,445,0,-4
895,484,0,-2
529,132,0,-4
519,959,0,-7
266,855,0,-9
978,575,0,-2
311,928,0,-5
245,127,0,-10
988,947,0,-3
810,752,0,-4
676,249,0,-2
992,107,0,-1
675,803,0,-10
682,99,0,-7
66,796,0,-5
744,987,0,-6
220,659,0,-2
689,880,0,-8
104,646,0,-3
99,160,0,-2
306,54,0,-6
460,151,0,-4
930,408,0,-6
904,276,0,-2
18,531,0,-5
175,410,0,-1
408,947,0,-7
244,579,0,-1
270,608,0,-10
262,646,0,-7
99,511,0,-9
406,213,0,-2
532,13,0,-7
799,606,0,-1
65,276,0,-1
820,570,0,-9
487,172,0,-9
203,546,0,-3
161,942,0,-10
672,976,0,-1
432,199,0,-5
418,809,0,-6
318,699,0,-9
30,709,0,-5
216,39,0,-8
634,963,0,-6
370,905,0,-6
427,981,0,-6
831,604,0,-5
163,307,0,-2
342,908,0,-4
15,780,0,-3
257,494,0,-7
41,884,0,-4
150,280,0,-9
337,920,0,-3
375,899,0,-10
607,679,0,-8
572,915,0,-10
151,674,0,-6
592,742,0,-9
232,49,0,-1
715,307,0,-1
216,654,0,-1
466,269,0,-6
23,345,0,-6
161,127,0,-5
705,203,0,-7
117,246,0,-2
489,300,0,-3
199,14,0,-8
881,637,0,-3
440,210,0,-10
409,454,0,-5
39,914,0,-8
113,598,0,-9
531,775,0,-3
327,290,0,-6
943,500,0,-1
208,380,0,-8
603,573,0,-8
959,58,0,-2
450,28,0,-10
767,283,0,-3
286,958,0,-3
281,542,0,-3
153,612,0,-9
23,343,0,-5
341,95,0,-10
33,262,0,-7
179,374,0,-4
766,755,0,-4
404,521,0,-7
942,357,0,-8
43,511,0,-4
930,958,0,-5
904,788,0,-7
48,336,0,-1
849,192,0,-8
671,47,0,-5
206,573,0,-6
418,245,0,-7
36,786,0,-5
798,430,0,-6
472,854,0,-1
260,767,0,-3
496,422,0,-1
938,476,0,-5
816,688,0,-4
466,286,0,-4
747,17,0,-10
327,488,0,-2
787,214,0,-4
971,790,0,-1
32,808,0,-4
485,242,0,-5
756,979,0,-9
712,249,0,-8
153,60,0,-10
975,447,0,-9
865,251,0,-3
510,134,0,-1
254,276,0,-8
773,939,0,-1
29,963,0,-4
711,306,0,-2
790,837,0,-2
504,747,0,-3
229,39,0,-1
171,595,0,-4
756,153,0,-1
813,144,0,-1
824,757,0,-1
42,821,0,-3
739,54,0,-9
474,540,0,-3
605,130,0,-9
329,446,0,-2
388,10,0,-5
668,991,0,-8
251,951,0,-8
173,973,0,-9
816,2,0,-4
283,986,0,-6
180,851,0,-9
55,820,0,-1
815,210,0,-9
291,6,0,-5
537,536,0,-2
566,851,0,-10
612,487,0,-7
652,538,0,-8
271,123,0,-2
823,901,0,-2
317,705,0,-2
988,454,0,-6
640,296,0,-5
265,197,0,-4
881,948,0,-1
955,859,0,-6
679,966,0,-5
279,67,0,-5
118,170,0,-4
287,83,0,-4
490,351,0,-2
173,103,0,-5
273,928,0,-8
379,894,0,-10
989,125,0,-10
537,116,0,-10
339,258,0,-6
673,365,0,-3
849,864,0,-10
299,742,0,-8
518,334,0,-4
631,180,0,-2
745,702,0,-2
106,269,0,-6
97,605,0,-5
454,207,0,-8
304,380,0,-3
420,608,0,-3
913,305,0,-7
755,687,0,-6
682,154,0,-10
304,861,0,-1
339,100,0,-3
886,612,0,-3
922,896,0,-10
953,768,0,-10
302,990,0,-5
571,215,0,-9
115,741,0,-9
877,452,0,-1
632,60,0,-10
767,840,0,-8
838,470,0,-1
239,254,0,-5
778,185,0,-7
399,882,0,-10
71,245,0,-3
584,563,0,-2
495,104,0,-10
845,407,0,-6
398,1000,0,-1
31,7,0,-5
878,531,0,-4
888,212,0,-1
922,717,0,-10
589,304,0,-10
711,840,0,-10
678,581,0,-2
374,830,0,-7
671,683,0,-2
353,842,0,-4
170,57,0,-10
39,26,0,-9
797,893,0,-2
687,945,0,-7
979,56,0,-2
425,885,0,-5
236,137,0,-9
403,144,0,-3
13,875,0,-6
372,176,0,-3
618,370,0,-2
22,751,0,-7
54,69,0,-10
123,284,0,-7
891,548,0,-7
794,139,0,-7
224,793,0,-8
900,593,0,-7
176,783,0,-2
324,167,0,-2
543,485,0,-9
729,737,0,-9
760,941,0,-2
352,55,0,-10
322,474,0,-3
515,47,0,-6
579,710,0,-7
680,568,0,-5
514,233,0,-1
361,476,0,-1
791,211,0,-4
101,218,0,-10
299,937,0,-7
189,360,0,-7
647,175,0,-7
274,236,0,-2
839,955,0,-3
254,101,0,-4
436,827,0,-3
649,204,0,-9
300,312,0,-2
180,761,0,-8
357,842,0,-3
296,989,0,-1
816,851,0,-7
539,414,0,-2
392,982,0,-5
438,34,0,-1
117,938,0,-7
512,486,0,-2
264,864,0,-9
616,840,0,-3
185,447,0,-7
313,186,0,-1
217,286,0,-8
61,643,0,-3
647,230,0,-10
153,163,0,-3
318,795,0,-9
585,842,0,-9
936,361,0,-7
676,756,0,-10
338,940,0,-3
101,740,0,-4
783,463,0,-9
65,552,0,-3
697,727,0,-3
911,698,0,-9
759,146,0,-6
70,472,0,-1
760,869,0,-8
828,158,0,-3
701,879,0,-5
675,354,0,-2
713,111,0,-8
719,317,0,-8
473,889,0,-2
384,207,0,-4
757,456,0,-4
540,938,0,-2
90,486,0,-9
388,111,0,-7
306,697,0,-1
690,148,0,-10
481,493,0,-9
183,505,0,-9
870,251,0,-2
469,652,0,-1
595,436,0,-9
342,608,0,-4
294,614,0,-3
633,976,0,-1
34,431,0,-10
839,438,0,-6
733,456,0,-2
931,814,0,-10
609,65,0,-3
929,750,0,-5
304,788,0,-9
868,779,0,-5
52,244,0,-1
436,781,0,-3
575,982,0,-6
713,788,0,-3
500,484,0,-5
478,501,0,-5
158,779,0,-3
477,323,0,-10
220,163,0,-10
33,908,0,-9
671,537,0,-9
724,168,0,-3
455,3,0,-3
1,323,0,-3
536,513,0,-5
526,305,0,-1
529,190,0,-7
8,594,0,-5
856,527,0,-5
417,386,0,-8
125,77,0,-4
478,829,0,-6
795,428,0,-7
812,869,0,-9
558,629,0,-10
913,810,0,-10
280,619,0,-4
5,622,0,-6
589,708,0,-10
324,373,0,-1
817,627,0,-5
955,999,0,-7
406,478,0,-9
542,964,0,-9
985,171,0,-3
918,659,0,-5
980,357,0,-5
515,608,0,-3
277,54,0,-2
340,193,0,-1
703,755,0,-8
376,161,0,-9
809,452,0,-3
273,777,0,-7
342,424,0,-6
341,257,0,-3
976,733,0,-5
194,207,0,-4
536,579,0,-3
754,601,0,-1
559,255,0,-7
736,85,0,-9
507,49,0,-1
297,184,0,-1
56,445,0,-5
349,448,0,-9
704,59,0,-8
404,123,0,-8
355,402,0,-8
658,409,0,-2
836,393,0,-4
707,399,0,-6
312,849,0,-6
692,426,0,-8
617,884,0,-9
329,538,0,-4
695,731,0,-10
369,379,0,-7
849,462,0,-6
148,542,0,-7
475,304,0,-3
560,776,0,-8
722,352,0,-8
849,47,0,-8
38,12,0,-3
485,209,0,-4
783,35,0,-1
343,146,0,-8
878,661,0,-1
750,566,0,-6
701,903,0,-6
730,637,0,-8
238,790,0,-8
367,855,0,-7
82,421,0,-3
664,177,0,-3
543,208,0,-2
813,861,0,-4
187,179,0,-4
167,23,0,-1
819,448,0,-5
617,591,0,-8
846,533,0,-6
517,537,0,-8
420,538,0,-3
975,934,0,-6
393,224,0,-9
797,513,0,-3
870,604,0,-7
23,535,0,-8
505,150,0,-9
611,625,0,-9
366,234,0,-5
273,46,0,-8
769,626,0,-10
967,142,0,-3
241,465,0,-9
405,225,0,-9
253,285,0,-8
463,569,0,-8
445,113,0,-7
391,386,0,-10
722,258,0,-8
176,448,0,-1
770,877,0,-3
533,90,0,-2
264,183,0,-2
507,329,0,-10
191,168,0,-2
224,538,0,-8
395,710,0,-5
878,502,0,-6
418,528,0,-5
637,494,0,-4
239,790,0,-5
770,672,0,-10
724,410,0,-4
299,757,0,-8
678,602,0,-2
801,63,0,-3
472,152,0,-7
947,19,0,-7
558,374,0,-8
312,860,0,-8
963,482,0,-4
10,360,0,-5
823,671,0,-7
440,234,0,-9
413,542,0,-1
330,739,0,-10
92,553,0,-1
506,924,0,-8
617,225,0,-2
952,729,0,-2
463,845,0,-8
612,504,0,-7
539,823,0,-5
252,452,0,-4
710,87,0,-6
712,506,0,-10
276,292,0,-4
719,664,0,-3
306,497,0,-6
706,797,0,-7
132,641,0,-5
174,215,0,-9
553,585,0,-4
11,518,0,-3
618,465,0,-4
137,271,0,-9
432,637,0,-2
729,923,0,-1
718,818,0,-4
893,962,0,-2
348,655,0,-6
418,241,0,-6
605,504,0,-7
180,83,0,-10
836,3,0,-3
280,822,0,-1
893,495,0,-5
472,615,0,-9
357,75,0,-1
326,989,0,-9
511,149,0,-2
732,790,0,-1
783,867,0,-4
267,996,0,-6
208,895,0,-4
79,789,0,-8
986,159,0,-10
961,95,0,-9
728,342,0,-5
845,721,0,-1
511,804,0,-6
473,765,0,-10
797,587,0,-5
393,79,0,-2
659,815,0,-5
207,728,0,-4
517,762,0,-8
315,139,0,-5
969,765,0,-5
19,273,0,-6
671,502,0,-10
198,850,0,-2
242,640,0,-6
416,935,0,-3
207,464,0,-2
150,457,0,-1
515,506,0,-9
302,627,0,-8
51,903,0,-8
372,568,0,-10
123,953,0,-3
679,290,0,-9
838,688,0,-5
912,616,0,-1
885,751,0,-9
189,97,0,-8
641,175,0,-7
660,945,0,-5
992,790,0,-6
519,683,0,-1
829,872,0,-2
920,180,0,-6
251,428,0,-4
13,24,0,-9
371,505,0,-4
490,486,0,-8
443,654,0,-3
79,16,0,-10
972,398,0,-1
958,98,0,-7
815,881,0,-9
384,878,0,-10
973,393,0,-8
510,531,0,-3
692,226,0,-3
628,969,0,-8
905,822,0,-10
399,609,0,-8
120,215,0,-8
844,857,0,-2
625,427,0,-9
643,460,0,-8
45,243,0,-3
545,483,0,-1
205,121,0,-9
541,457,0,-10
178,693,0,-9
80,483,0,-7
953,873,0,-10
126,467,0,-9
159,404,0,-5
976,257,0,-2
299,919,0,-7
486,331,0,-9
476,637,0,-5
736,853,0,-10
834,351,0,-10
357,147,0,-5
754,422,0,-1
902,298,0,-10
663,686,0,-2
22,383,0,-2
76,299,0,-4
742,495,0,-5
730,251,0,-6
340,116,0,-5
64,268,0,-1
679,439,0,-10
93,631,0,-7
754,702,0,-4
274,924,0,-4
676,248,0,-1
692,522,0,-10
47,979,0,-8
186,116,0,-10
896,754,0,-2
310,239,0,-1
100,770,0,-8
658,540,0,-8
824,130,0,-6
707,83,0,-3
306,194,0,-6
404,704,0,-5
941,923,0,-6
776,395,0,-4
828,249,0,-7
910,953,0,-1
398,866,0,-9
731,339,0,-6
570,714,0,-1
617,548,0,-10
743,853,0,-10
295,545,0,-8
398,798,0,-4
328,42,0,-1
840,550,0,-8
519,151,0,-9
443,762,0,-5
226,870,0,-3
920,233,0,-3
842,535,0,-1
703,220,0,-3
793,622,0,-7
125,869,0,-5
282,101,0,-6
892,712,0,-3
119,105,0,-3
917,232,0,-3
27,576,0,-1
653,852,0,-1
799,992,0,-4
713,367,0,-5
254,999,0,-4
778,741,0,-4
856,500,0,-4
695,130,0,-4
690,192,0,-10
579,909,0,-4
142,741,0,-1
69,444,0,-10
363,329,0,-2
696,795,0,-3
709,591,0,-5
167,487,0,-2
374,81,0,-6
594,421,0,-9
19,465,0,-10
596,75,0,-7
550,670,0,-2
30,355,0,-5
911,240,0,-1
803,270,0,-1
722,467,0,-1
789,408,0,-8
533,755,0,-2
390,685,0,-1
639,151,0,-9
763,612,0,-9
283,422,0,-7
683,421,0,-7
380,853,0,-2
566,118,0,-2
970,138,0,-10
389,199,0,-10
209,584,0,-7
740,875,0,-3
349,108,0,-7
785,422,0,-1
521,981,0,-5
401,432,0,-6
724,645,0,-2
306,940,0,-3
604,171,0,-7
946,370,0,-7
106,360,0,-5
386,729,0,-7
880,384,0,-3
2,955,0,-1
384,202,0,-2
129,912,0,-8
966,529,0,-1
803,76,0,-1
835,141,0,-3
205,253,0,-3
4,57,0,-8
74,835,0,-5
243,320,0,-1
73,895,0,-2
107,303,0,-10
580,850,0,-10
613,360,0,-2
285,642,0,-9
413,619,0,-8
808,24,0,-8
354,320,0,-10
480,895,0,-7
67,690,0,-4
708,777,0,-5
675,333,0,-7
583,697,0,-9
448,720,0,-3
739,482,0,-6
291,841,0,-3
530,644,0,-2
374,2,0,-4
139,582,0,-9
295,97,0,-8
861,29,0,-9
827,516,0,-9
736,716,0,-8
884,441,0,-2
504,191,0,-4
277,698,0,-5
823,867,0,-2
591,906,0,-4
713,936,0,-4
258,734,0,-10
690,108,0,-6
444,789,0,-9
906,32,0,-3
673,356,0,-4
982,64,0,-9
432,769,0,-2
417,497,0,-4
945,96,0,-5
835,624,0,-9
391,317,0,-8
939,842,0,-6
968,631,0,-4
53,201,0,-2
606,29,0,-2
794,984,0,-9
397,857,0,-3
662,796,0,-6
693,124,0,-9
536,743,0,-5
437,6,0,-10
774,442,0,-8
264,367,0,-10
701,717,0,-8
629,49,0,-3
407,151,0,-6
864,168,0,-1
215,940,0,-10
417,202,0,-8
684,297,0,-1
902,856,0,-10
938,341,0,-6
967,466,0,-8
43,320,0,-9
429,679,0,-9
154,145,0,-8
307,41,0,-10
891,607,0,-7
680,403,0,-4
656,215,0,-3
766,42,0,-8
213,740,0,-9
818,92,0,-7
451,589,0,-3
521,355,0,-6
18,683,0,-3
701,911,0,-8
227,470,0,-3
769,776,0,-9
763,143,0,-9
74,633,0,-7
924,675,0,-1
950,815,0,-9
184,942,0,-3
969,497,0,-6
387,883,0,-8
5,332,0,-7
871,454,0,-10
568,106,0,-7
302,85,0,-9
834,626,0,-2
715,21,0,-4
12,292,0,-10
542,773,0,-7
371,627,0,-1
988,624,0,-10
230,377,0,-9
423,963,0,-1
202,305,0,-5
290,978,0,-6
574,692,0,-8
889,426,0,-10
876,804,0,-10
435,745,0,-6
662,385,0,-7
747,190,0,-3
339,587,0,-7
218,767,0,-9
165,636,0,-7
19,768,0,-8
955,217,0,-8
962,381,0,-6
281,910,0,-7
388,421,0,-1
642,327,0,-8
225,220,0,-2
280,632,0,-4
404,722,0,-8
685,690,0,-5
619,679,0,-4
747,681,0,-6
416,365,0,-2
240,707,0,-10
426,967,0,-9
264,951,0,-7
488,510,0,-6
318,581,0,-6
864,597,0,-10
154,518,0,-9
270,663,0,-1
846,164,0,-10
76,43,0,-9
84,795,0,-3
55,167,0,-6
241,86,0,-8
69,429,0,-8
203,955,0,-8
285,601,0,-2
898,268,0,-4
123,679,0,-3
962,156,0,-7
652,264,0,-8
855,662,0,-10
148,588,0,-1
545,657,0,-1
82,205,0,-9
89,358,0,-8
38,816,0,-5
116,91,0,-1
154,829,0,-7
25,192,0,-9
548,966,0,-9
745,158,0,-6
933,422,0,-10
243,124,0,-2
396,97,0,-1
53,775,0,-10
481,911,0,-8
843,692,0,-1
357,971,0,-8
106,551,0,-2
883,914,0,-10
42,681,0,-3
702,738,0,-5
719,636,0,-2
725,994,0,-8
20,174,0,-2
211,496,0,-5
939,639,0,-7
141,305,0,-9
323,447,0,-2
450,667,0,-8
588,264,0,-10
919,137,0,-9
628,92,0,-6
372,105,0,-1
878,396,0,-7
203,182,0,-4
608,846,0,-10
945,444,0,-1
166,296,0,-1
248,580,0,-2
543,395,0,-8
526,874,0,-9
704,435,0,-5
241,775,0,-6
366,887,0,-3
769,654,0,-7
489,338,0,-7
34,13,0,-4
864,425,0,-6
877,96,0,-10
428,438,0,-6
163,27,0,-7
312,560,0,-4
141,156,0,-8
878,96,0,-9
564,554,0,-8
511,514,0,-10
709,461,0,-7
79,341,0,-6
657,312,0,-10
129,680,0,-3
832,325,0,-9
799,161,0,-1
425,234,0,-10
910,451,0,-5
616,496,0,-4
600,376,0,-9
490,736,0,-7
909,938,0,-1
375,286,0,-2
404,448,0,-1
968,931,0,-2
236,945,0,-6
975,450,0,-5
426,540,0,-6
379,776,0,-3
65,632,0,-7
588,61,0,-6
981,428,0,-2
878,654,0,-6
866,465,0,-4
578,872,0,-9
176,763,0,-2
260,699,0,-6
314,991,0,-3
902,793,0,-7
255,938,0,-2
163,948,0,-10
204,103,0,-10
663,399,0,-2
437,309,0,-9
931,107,0,-1
405,94,0,-2
966,500,0,-7
753,719,0,-10
832,121,0,-4
670,965,0,-1
898,204,0,-10
903,577,0,-3
787,979,0,-5
599,87,0,-9
505,268,0,-7
906,802,0,-5
124,126,0,-7
510,146,0,-5
668,496,0,-4
664,801,0,-5
798,753,0,-8
198,727,0,-7
607,368,0,-2
23,503,0,-2
353,123,0,-5
993,463,0,-8
552,650,0,-2
980,65,0,-3
867,268,0,-6
9,254,0,-8
425,435,0,-4
7,13,0,-8
252,125,0,-8
650,910,0,-3
967,761,0,-10
659,582,0,-4
372,801,0,-6
186,165,0,-10
667,724,0,-7
214,187,0,-6
592,379,0,-2
454,698,0,-9
963,947,0,-4
790,952,0,-10
422,701,0,-7
326,904,0,-4
501,798,0,-7
311,251,0,-6
641,700,0,-5
142,73,0,-9
451,666,0,-6
942,792,0,-6
400,363,0,-9
376,43,0,-1
787,794,0,-3
128,413,0,-10
721,942,0,-2
535,677,0,-9
337,51,0,-9
102,577,0,-8
611,844,0,-2
386,230,0,-1
972,979,0,-4
916,285,0,-8
95,154,0,-7
7,501,0,-6
245,80,0,-8
418,496,0,-5
725,931,0,-3
243,390,0,-2
356,904,0,-7
419,155,0,-7
735,590,0,-4
230,429,0,-9
99,17,0,-5
551,315,0,-7
387,401,0,-10
776,879,0,-10
763,291,0,-3
695,872,0,-2
600,21,0,-5
565,496,0,-4
341,35,0,-3
85,253,0,-6
46,515,0,-10
420,613,0,-3
141,462,0,-3
601,594,0,-10
769,589,0,-5
769,882,0,-3
662,503,0,-5
480,603,0,-9
251,461,0,-9
149,57,0,-6
207,562,0,-10
966,894,0,-3
650,61,0,-9
730,477,0,-10
545,77,0,-9
741,587,0,-4
414,27,0,-10
720,19,0,-5
408,410,0,-1
604,554,0,-7
261,373,0,-9
940,932,0,-4
679,432,0,-6
379,61,0,-9
951,901,0,-6
147,287,0,-4
943,871,0,-2
908,363,0,-5
608,679,0,-4
925,57,0,-1
83,178,0,-5
849,929,0,-8
587,380,0,-8
453,964,0,-8
688,962,0,-5
466,749,0,-9
836,506,0,-5
489,28,0,-7
214,312,0,-5
483,997,0,-7
49,704,0,-7
898,693,0,-5
638,230,0,-8
40,251,0,-2
94,156,0,-7
367,49,0,-8
389,513,0,-10
805,468,0,-7
455,872,0,-4
208,56,0,-2
809,481,0,-1
161,666,0,-9
940,167,0,-7
772,960,0,-10
508,631,0,-8
178,424,0,-7
408,468,0,-6
781,998,0,-2
560,546,0,-6
740,91,0,-9
648,411,0,-8
330,743,0,-2
396,928,0,-3
887,332,0,-8
163,926,0,-8
404,469,0,-8
883,529,0,-1
291,177,0,-5
916,348,0,-8
10,947,0,-9
973,951,0,-8
28,27,0,-8
150,593,0,-2
705,310,0,-6
470,874,0,-9
711,536,0,-4
232,937,0,-1
913,770,0,-10
38,341,0,-8
24,572,0,-5
753,71,0,-3
382,972,0,-10
210,572,0,-9
50,598,0,-9
583,939,0,-4
190,863,0,-4
622,455,0,-9
73,26,0,-3
438,531,0,-1
198,781,0,-5
273,969,0,-4
283,88,0,-3
157,555,0,-10
815,885,0,-9
654,379,0,-10
536,395,0,-8
152,50,0,-4
791,235,0,-2
43,888,0,-6
834,889,0,-8
402,812,0,-2
611,410,0,-4
131,716,0,-5
38,887,0,-7
382,476,0,-5
540,210,0,-8
893,163,0,-7
438,197,0,-10
8,618,0,-5
656,999,0,-6
10,474,0,-7
965,96,0,-8
336,950,0,-2
46,994,0,-4
181,167,0,-7
906,702,0,-5
313,56,0,-6
90,89,0,-6
742,456,0,-3
84,843,0,-6
420,907,0,-9
230,667,0,-1
811,576,0,-4
453,933,0,-2
156,316,0,-3
330,787,0,-10
637,725,0,-2
162,148,0,-4
511,252,0,-10
613,664,0,-8
325,335,0,-10
484,976,0,-10
305,508,0,-7
852,775,0,-9
210,64,0,-8
758,165,0,-7
494,361,0,-9
37,225,0,-5
737,683,0,-2
44,433,0,-4
418,715,0,-8
929,194,0,-2
181,758,0,-2
755,899,0,-7
108,671,0,-9
898,956,0,-4
169,114,0,-7
669,793,0,-5
820,714,0,-2
116,745,0,-7
989,622,0,-9
763,150,0,-1
339,825,0,-8
912,874,0,-5
853,241,0,-2
911,333,0,-8
463,173,0,-9
749,184,0,-1
485,868,0,-1
139,337,0,-1
457,704,0,-2
494,97,0,-4
162,829,0,-8
581,179,0,-5
44,459,0,-3
391,968,0,-10
879,230,0,-1
208,768,0,-5
231,146,0,-6
19,687,0,-6
85,604,0,-1
571,376,0,-1
519,778,0,-7
875,35,0,-4
90,710,0,-3
137,356,0,-4
940,747,0,-5
563,227,0,-4
907,980,0,-1
106,575,0,-8
188,17,0,-5
496,498,0,-10
305,372,0,-2
965,928,0,-1
514,848,0,-7
151,328,0,-6
865,439,0,-7
366,412,0,-7
985,432,0,-4
896,534,0,-4
860,790,0,-2
468,7,0,-4
466,702,0,-6
106,532,0,-1
144,102,0,-3
642,665,0,-5
816,247,0,-10
329,792,0,-5
475,103,0,-10
779,307,0,-10
226,733,0,-4
799,978,0,-10
827,849,0,-7
541,984,0,-3
502,255,0,-4
227,378,0,-10
451,32,0,-7
158,157,0,-10
88,938,0,-9
896,724,0,-8
274,413,0,-2
227,268,0,-10
312,692,0,-3
386,788,0,-9
573,817,0,-5
769,714,0,-3
166,685,0,-2
146,746,0,-9
890,934,0,-1
279,703,0,-3
81,907,0,-6
583,130,0,-2
301,693,0,-4
46,30,0,-5
602,516,0,-7
842,418,0,-8
365,784,0,-2
462,6,0,-1
554,803,0,-4
63,559,0,-4
230,366,0,-10
968,920,0,-5
726,34,0,-2
235,662,0,-10
186,791,0,-4
592,627,0,-2
852,506,0,-5
105,35,0,-6
866,873,0,-8
508,70,0,-9
937,551,0,-7
539,995,0,-6
615,530,0,-10
585,434,0,-1
884,447,0,-4
736,383,0,-3
446,285,0,-1
528,916,0,-10
803,896,0,-9
590,310,0,-2
287,977,0,-3
946,834,0,-10
14,755,0,-6
662,47,0,-8
793,903,0,-10
566,589,0,-9
181,626,0,-3
773,536,0,-10
207,547,0,-5
120,358,0,-7
445,828,0,-5
657,54,0,-3
192,907,0,-10
252,563,0,-3
146,870,0,-6
558,194,0,-5
177,455,0,-5
519,389,0,-10
580,944,0,-10
833,379,0,-6
738,871,0,-2
489,647,0,-1
70,117,0,-9
759,386,0,-5
510,313,0,-10
472,15,0,-4
961,965,0,-5
665,255,0,-5
871,113,0,-2
68,566,0,-7
436,481,0,-8
621,910,0,-3
428,21,0,-6
983,932,0,-3
468,442,0,-9
100,912,0,-7
531,542,0,-2
62,616,0,-2
753,350,0,-10
854,951,0,-1
594,256,0,-6
864,850,0,-7
45,867,0,-3
731,830,0,-5
862,494,0,-6
109,744,0,-4
452,761,0,-1
966,201,0,-1
33,247,0,-4
695,57,0,-2
540,335,0,-2
760,784,0,-9
391,958,0,-2
631,890,0,-8
678,464,0,-1
539,282,0,-10
994,22,0,-7
6,565,0,-10
108,546,0,-1
362,784,0,-3
329,700,0,-10
25,540,0,-10
630,365,0,-6
554,973,0,-4
346,949,0,-8
193,716,0,-5
156,855,0,-2
63,503,0,-1
893,960,0,-8
92,182,0,-2
419,865,0,-1
406,43,0,-7
686,143,0,-2
892,165,0,-1
955,12,0,-8
863,825,0,-6
524,711,0,-8
172,719,0,-3
368,600,0,-5
979,351,0,-8
581,187,0,-7
887,827,0,-8
818,222,0,-1
110,887,0,-10
392,922,0,-7
945,870,0,-9
278,185,0,-9
941,428,0,-2
232,628,0,-3
104,690,0,-2
125,381,0,-2
491,296,0,-7
762,835,0,-1
322,225,0,-4
373,773,0,-2
365,860,0,-3
152,829,0,-4
158,498,0,-6
713,14,0,-2
334,609,0,-10
193,565,0,-9
442,475,0,-7
240,857,0,-7
249,31,0,-10
694,25,0,-4
66,89,0,-3
758,503,0,-4
438,284,0,-2
34,527,0,-2
62,415,0,-3
803,566,0,-8
523,566,0,-7
147,463,0,-8
755,201,0,-5
255,839,0,-7
401,76,0,-8
288,824,0,-3
519,779,0,-5
354,735,0,-4
782,650,0,-3
701,348,0,-7
947,345,0,-5
296,118,0,-10
974,216,0,-3
674,788,0,-7
493,502,0,-10
854,167,0,-6
155,610,0,-3
718,705,0,-4
170,454,0,-9
148,836,0,-2
658,218,0,-3
924,321,0,-4
97,785,0,-8
88,868,0,-2
362,941,0,-3
742,224,0,-6
468,323,0,-5
161,4,0,-9
957,595,0,-2
105,324,0,-8
889,417,0,-1
170,895,0,-10
712,889,0,-10
630,749,0,-8
123,17,0,-6
432,53,0,-3
715,882,0,-6
18,202,0,-9
452,654,0,-3
728,31,0,-6
647,81,0,-8
411,672,0,-6
206,185,0,-2
779,68,0,-2
631,366,0,-10
3,570,0,-7
33,608,0,-2
712,974,0,-3
658,424,0,-10
87,170,0,-10
917,488,0,-10
521,194,0,-3
428,970,0,-7
793,585,0,-1
87,956,0,-1
759,712,0,-8
764,713,0,-3
291,208,0,-9
51,431,0,-7
476,760,0,-8
419,361,0,-6
813,115,0,-10
585,322,0,-7
236,306,0,-1
784,573,0,-3
246,274,0,-4
965,94,0,-2
437,175,0,-3
258,976,0,-6
553,192,0,-8
641,23,0,-8
158,575,0,-10
636,255,0,-4
279,933,0,-3
521,528,0,-4
514,137,0,-7
424,921,0,-8
680,667,0,-5
535,810,0,-6
909,568,0,-5
949,566,0,-1
724,286,0,-5
544,255,0,-2
869,188,0,-2
270,39,0,-6
547,184,0,-4
616,151,0,-3
788,939,0,-1
667,348,0,-2
283,843,0,-5
143,973,0,-2
384,220,0,-5
666,490,0,-4
712,144,0,-1
489,960,0,-1
260,452,0,-5
971,421,0,-9
12,328,0,-6
980,809,0,-7
554,184,0,-5
73,997,0,-2
40,340,0,-6
195,541,0,-7
257,925,0,-6
215,81,0,-8
417,585,0,-2
957,799,0,-6
550,993,0,-2
556,943,0,-4
683,949,0,-9
431,777,0,-5
967,782,0,-10
201,207,0,-9
442,555,0,-9
539,875,0,-8
9,386,0,-7
903,889,0,-9
908,75,0,-5
269,109,0,-1
130,176,0,-8
662,306,0,-8
743,552,0,-9
129,253,0,-2
162,995,0,-8
238,908,0,-3
684,798,0,-6
394,387,0,-3
449,348,0,-7
775,931,0,-5
470,733,0,-8
168,686,0,-2
509,26,0,-8
907,342,0,-1
722,323,0,-1
707,20,0,-2
206,116,0,-9
936,52,0,-3
415,213,0,-2
423,569,0,-9
989,51,0,-9
689,611,0,-7
917,843,0,-2
597,873,0,-5
638,505,0,-10
727,329,0,-3
579,44,0,-1
750,514,0,-10
678,482,0,-1
467,493,0,-6
514,864,0,-10
95,301,0,-2
552,100,0,-9
912,379,0,-9
682,387,0,-3
239,972,0,-5
70,579,0,-8
979,305,0,-6
152,456,0,-3
769,963,0,-1
475,38,0,-5
406,902,0,-1
243,455,0,-2
348,35,0,-8
651,257,0,-3
904,935,0,-1
312,671,0,-8
13,927,0,-4
93,33,0,-6
331,923,0,-2
622,214,0,-2
505,692,0,-1
723,490,0,-8
299,939,0,-3
789,351,0,-6
297,63,0,-4
836,414,0,-4
581,414,0,-2
749,291,0,-1
607,664,0,-2
359,777,0,-4
274,700,0,-9
468,575,0,-7
970,814,0,-10
130,908,0,-2
791,232,0,-2
284,204,0,-1
947,308,0,-3
869,914,0,-5
787,150,0,-7
983,223,0,-9
369,210,0,-6
223,699,0,-8
133,564,0,-6
534,768,0,-3
349,199,0,-3
300,223,0,-8
602,594,0,-10
766,430,0,-3
287,325,0,-5
399,324,0,-2
81,938,0,-7
716,392,0,-6
597,611,0,-1
279,432,0,-7
663,912,0,-8
546,139,0,-9
245,369,0,-6
20,21,0,-6
94,442,0,-8
6,24,0,-9
741,463,0,-2
888,557,0,-2
554,737,0,-4
534,552,0,-1
553,238,0,-10
1,376,0,-4
110,869,0,-4
308,604,0,-3
468,203,0,-1
291,420,0,-3
196,163,0,-8
318,952,0,-8
815,553,0,-5
184,488,0,-6
796,318,0,-1
785,132,0,-6
425,653,0,-9
452,856,0,-6
572,115,0,-1
949,183,0,-4
306,121,0,-6
536,309,0,-9
723,170,0,-9
930,869,0,-9
249,25,0,-2
386,14,0,-8
228,706,0,-1
737,564,0,-2
358,151,0,-5
142,907,0,-4
815,338,0,-7
168,17,0,-2
297,956,0,-2
547,487,0,-10
290,746,0,-8
671,575,0,-1
777,765,0,-4
156,644,0,-6
242,292,0,-10
15,941,0,-1
153,706,0,-5
386,273,0,-10
673,113,0,-5
245,95,0,-3
882,830,0,-9
200,100,0,-9
604,936,0,-2
677,343,0,-2
907,531,0,-7
212,626,0,-10
59,531,0,-8
153,921,0,-9
782,123,0,-10
855,820,0,-5
365,995,0,-2
935,301,0,-2
996,521,0,-10
698,200,0,-2
269,938,0,-4
557,356,0,-6
85,481,0,-2
867,144,0,-5
532,910,0,-5
592,822,0,-9
649,891,0,-4
176,423,0,-6
280,903,0,-10
976,627,0,-10
366,427,0,-4
759,443,0,-1
146,721,0,-1
562,5,0,-10
308,862,0,-7
876,531,0,-7
275,868,0,-7
100,696,0,-4
702,320,0,-4
301,167,0,-3
303,142,0,-8
610,372,0,-1
517,707,0,-6
169,555,0,-3
710,584,0,-5
6,664,0,-8
384,84,0,-9
241,894,0,-9
443,22,0,-7
221,400,0,-8
431,254,0,-7
508,352,0,-8
646,152,0,-2
396,907,0,-10
58,677,0,-2
666,855,0,-9
907,753,0,-1
21,242,0,-2
803,25,0,-1
990,621,0,-3
910,769,0,-1
263,89,0,-5
783,155,0,-3
873,896,0,-2
195,143,0,-9
777,759,0,-10
107,710,0,-2
329,863,0,-9
133,570,0,-2
763,384,0,-6
880,532,0,-7
853,366,0,-4
873,939,0,-8
173,153,0,-1
421,803,0,-8
502,370,0,-1
316,886,0,-9
97,501,0,-7
941,575,0,-7
244,129,0,-9
742,356,0,-9
439,905,0,-6
732,45,0,-3
472,578,0,-6
290,791,0,-1
867,540,0,-1
24,265,0,-6
74,715,0,-9
685,906,0,-3
323,134,0,-3
536,638,0,-7
105,504,0,-9
283,981,0,-7
619,206,0,-10
773,877,0,-9
639,569,0,-9
490,238,0,-8
999,119,0,-8
923,297,0,-9
775,483,0,-3
786,834,0,-10
185,627,0,-10
110,430,0,-10
550,394,0,-10
995,864,0,-4
214,464,0,-6
758,777,0,-3
127,65,0,-4
1000,926,0,-10
968,726,0,-10
148,743,0,-4
286,837,0,-10
79,363,0,-8
310,195,0,-2
168,838,0,-5
111,659,0,-3
386,323,0,-9
452,98,0,-1
84,409,0,-7
495,1,0,-1
269,19,0,-9
682,82,0,-7
194,473,0,-9
585,426,0,-6
151,652,0,-4
971,296,0,-5
108,700,0,-8
873,797,0,-7
182,842,0,-8
870,564,0,-1
331,750,0,-8
706,890,0,-4
24,249,0,-7
197,649,0,-8
728,747,0,-2
587,634,0,-3
528,533,0,-3
644,879,0,-10
587,778,0,-10
781,895,0,-5
231,613,0,-6
804,989,0,-2
420,309,0,-3
34,692,0,-8
81,185,0,-3
294,351,0,-4
758,48,0,-6
369,772,0,-7
331,938,0,-3
414,82,0,-10
137,13,0,-9
146,824,0,-5
794,396,0,-6
788,252,0,-8
841,838,0,-7
173,960,0,-10
398,683,0,-6
207,104,0,-6
975,156,0,-4
508,60,0,-5
154,922,0,-1
547,270,0,-10
773,327,0,-9
616,841,0,-2
30,926,0,-5
466,135,0,-2
161,8,0,-10
208,770,0,-6
907,161,0,-10
287,311,0,-10
175,784,0,-3
981,171,0,-9
749,688,0,-6
845,471,0,-9
538,983,0,-7
683,727,0,-10
431,442,0,-6
723,244,0,-8
312,403,0,-2
624,225,0,-3
574,450,0,-7
300,415,0,-6
850,153,0,-10
703,634,0,-5
346,504,0,-5
867,133,0,-4
182,281,0,-3
981,698,0,-5
921,777,0,-2
387,295,0,-1
384,284,0,-4
217,105,0,-8
333,507,0,-4
243,638,0,-6
473,549,0,-7
979,350,0,-2
422,250,0,-6
32,569,0,-10
903,877,0,-5
950,677,0,-5
683,549,0,-9
570,449,0,-4
54,821,0,-6
937,563,0,-7
893,838,0,-2
883,198,0,-5
314,700,0,-1
442,98,0,-9
759,886,0,-3
254,2,0,-5
737,867,0,-6
155,204,0,-4
351,397,0,-7
13,855,0,-6
137,841,0,-8
648,986,0,-1
330,929,0,-4
521,164,0,-5
246,845,0,-7
129,567,0,-5
897,154,0,-2
19,88,0,-7
589,530,0,-9
259,848,0,-8
650,570,0,-1
98,209,0,-10
634,417,0,-5
699,687,0,-5
179,833,0,-8
419,217,0,-3
4,827,0,-6
597,568,0,-7
203,514,0,-7
39,86,0,-2
835,752,0,-1
421,931,0,-8
312,514,0,-7
827,497,0,-9
274,696,0,-9
222,614,0,-2
167,12,0,-2
652,876,0,-9
612,642,0,-10
56,542,0,-2
308,349,0,-1
468,49,0,-8
154,109,0,-10
324,573,0,-1
960,783,0,-1
416,264,0,-8
841,900,0,-2
337,662,0,-7
445,970,0,-7
422,33,0,-5
528,485,0,-9
516,33,0,-10
637,861,0,-4
376,974,0,-10
888,697,0,-10
999,409,0,-2
462,675,0,-7
331,748,0,-8
75,147,0,-9
835,411,0,-8
432,773,0,-7
697,334,0,-3
792,651,0,-8
583,661,0,-7
75,452,0,-2
358,586,0,-8
347,398,0,-8
531,31,0,-3
397,620,0,-5
905,491,0,-1
24,244,0,-7
611,497,0,-2
17,418,0,-2
817,224,0,-5
814,426,0,-10
689,529,0,-8
910,570,0,-9
782,239,0,-4
768,556,0,-9
476,593,0,-10
672,441,0,-2
163,921,0,-1
271,439,0,-4
737,661,0,-7
673,701,0,-6
992,71,0,-8
21,291,0,-7
771,397,0,-7
323,521,0,-8
917,497,0,-6
805,269,0,-1
603,612,0,-1
915,288,0,-8
180,740,0,-2
218,752,0,-4
731,523,0,-6
158,900,0,-7
652,313,0,-8
582,154,0,-2
564,113,0,-2
648,327,0,-5
661,490,0,-1
671,664,0,-6
112,554,0,-4
381,969,0,-5
265,519,0,-2
810,449,0,-9
776,986,0,-8
94,499,0,-10
750,89,0,-8
803,648,0,-3
62,349,0,-3
117,671,0,-3
573,845,0,-5
496,778,0,-5
985,185,0,-5
854,719,0,-7
365,876,0,-10
956,679,0,-2
375,909,0,-2
307,429,0,-8
626,371,0,-6
997,432,0,-9
159,960,0,-2
883,55,0,-1
749,274,0,-3
530,979,0,-4
48,37,0,-4
338,541,0,-7
188,31,0,-7
873,784,0,-3
509,459,0,-3
17,41,0,-6
1000,567,0,-4
234,598,0,-9
144,232,0,-3
929,538,0,-2
453,962,0,-10
162,85,0,-6
852,911,0,-10
584,258,0,-5
515,202,0,-4
448,307,0,-9
713,676,0,-2
581,176,0,-1
343,391,0,-3
966,196,0,-8
288,467,0,-9
521,547,0,-1
599,480,0,-4
7,447,0,-9
892,652,0,-1
943,535,0,-10
627,390,0,-10
120,661,0,-9
471,488,0,-4
457,123,0,-3
439,161,0,-1
631,280,0,-4
557,464,0,-2
956,630,0,-7
689,700,0,-10
256,40,0,-1
221,598,0,-4
228,524,0,-9
333,9,0,-8
172,307,0,-10
21,2,0,-10
462,425,0,-1
450,273,0,-10
769,286,0,-3
217,682,0,-3
331,326,0,-5
311,443,0,-2
426,552,0,-10
182,348,0,-2
607,194,0,-10
478,35,0,-8
71,490,0,-6
376,419,0,-5
539,997,0,-6
196,398,0,-9
23,833,0,-9
21,126,0,-1
915,818,0,-9
557,375,0,-1
277,537,0,-8
549,196,0,-5
94,130,0,-10
515,198,0,-2
811,363,0,-8
189,126,0,-9
51,788,0,-7
451,888,0,-5
688,30,0,-9
695,205,0,-1
15,789,0,-10
38,810,0,-3
819,404,0,-7
94,835,0,-7
473,170,0,-2
258,506,0,-9
95,117,0,-1
250,115,0,-2
526,306,0,-2
650,46,0,-8
471,568,0,-8
400,797,0,-3
937,630,0,-4
386,161,0,-8
506,310,0,-10
20,500,0,-1
181,898,0,-7
378,42,0,-7
152,296,0,-5
564,389,0,-4
541,407,0,-3
35,276,0,-7
450,845,0,-9
727,306,0,-7
529,192,0,-8
933,798,0,-3
651,10,0,-3
661,714,0,-2
841,661,0,-6
951,378,0,-1
508,452,0,-4
707,755,0,-2
531,51,0,-7
327,131,0,-2
511,76,0,-3
915,520,0,-2
474,748,0,-2
679,271,0,-4
317,320,0,-6
285,390,0,-4
455,96,0,-9
898,77,0,-5
22,928,0,-4
232,408,0,-6
809,765,0,-2
687,439,0,-3
989,599,0,-3
996,362,0,-6
592,842,0,-8
529,593,0,-7
333,581,0,-10
438,65,0,-4
350,71,0,-6
456,751,0,-9
779,957,0,-5
101,617,0,-3
904,634,0,-10
880,366,0,-9
90,251,0,-6
44,863,0,-1
904,548,0,-5
981,22,0,-6
769,496,0,-3
722,271,0,-5
582,351,0,-2
126,585,0,-10
53,893,0,-7
52,865,0,-10
989,985,0,-2
143,633,0,-6
443,788,0,-6
458,269,0,-2
500,335,0,-4
16,731,0,-9
280,240,0,-7
647,152,0,-5
522,231,0,-8
12,144,0,-2
282,806,0,-8
471,337,0,-8
687,65,0,-5
961,762,0,-6
770,256,0,-1
590,345,0,-5
505,697,0,-6
367,751,0,-4
792,228,0,-6
826,235,0,-10
176,828,0,-10
446,499,0,-5
856,922,0,-6
679,297,0,-7
254,253,0,-2
609,383,0,-5
925,877,0,-5
233,539,0,-8
981,923,0,-6
206,593,0,-10
188,893,0,-4
904,146,0,-3
660,751,0,-7
711,432,0,-4
381,3,0,-1
373,404,0,-9
468,960,0,-10
422,151,0,-1
788,775,0,-2
684,278,0,-3
31,162,0,-1
966,300,0,-9
62,638,0,-8
652,209,0,-1
977,325,0,-3
627,894,0,-3
461,674,0,-2
106,218,0,-7
258,701,0,-5
40,382,0,-4
750,456,0,-3
462,515,0,-2
348,153,0,-1
32,692,0,-6
738,114,0,-9
106,53,0,-4
353,352,0,-4
190,556,0,-5
78,357,0,-8
937,406,0,-10
858,928,0,-4
696,354,0,-6
591,582,0,-1
274,744,0,-3
882,822,0,-4
499,920,0,-1
959,420,0,-3
742,97,0,-8
91,339,0,-5
239,773,0,-5
278,636,0,-7
292,488,0,-3
337,257,0,-7
608,253,0,-8
858,934,0,-5
511,586,0,-1
378,50,0,-6
733,815,0,-2
11,947,0,-1
954,308,0,-10
212,917,0,-2
627,551,0,-10
624,868,0,-7
392,153,0,-3
721,798,0,-1
943,816,0,-3
500,567,0,-1
325,104,0,-8
371,547,0,-4
814,5,0,-7
107,463,0,-1
493,707,0,-10
467,524,0,-6
303,69,0,-5
3,379,0,-6
780,676,0,-3
198,307,0,-6
63,915,0,-9
349,549,0,-6
93,213,0,-5
525,229,0,-1
754,430,0,-7
149,882,0,-4
514,500,0,-9
132,924,0,-10
383,266,0,-5
874,735,0,-7
70,897,0,-1
536,817,0,-6
58,944,0,-9
585,372,0,-10
551,600,0,-9
357,77,0,-5
266,120,0,-7
454,799,0,-8
328,412,0,-5
161,381,0,-3
204,356,0,-5
426,24,0,-10
386,373,0,-10
725,96,0,-9
223,415,0,-1
692,411,0,-3
852,847,0,-4
524,253,0,-3
230,437,0,-10
507,521,0,-9
82,18,0,-6
459,664,0,-3
734,465,0,-9
290,561,0,-3
321,881,0,-6
327,73,0,-3
788,592,0,-7
537,982,0,-1
344,724,0,-5
351,511,0,-2
356,711,0,-6
129,278,0,-1
917,669,0,-2
440,978,0,-7
83,4,0,-4
447,161,0,-1
889,859,0,-9
998,148,0,-6
832,105,0,-1
159,890,0,-5
540,377,0,-5
359,561,0,-5
268,521,0,-6
602,306,0,-2
188,873,0,-4
423,168,0,-6
193,226,0,-3
979,166,0,-1
22,54,0,-8
729,797,0,-5
529,939,0,-5
919,945,0,-3
1000,754,0,-3
55,909,0,-1
577,183,0,-7
126,753,0,-4
857,763,0,-1
705,982,0,-2
655,349,0,-10
870,750,0,-1
698,208,0,-6
34,825,0,-8
327,975,0,-9
762,459,0,-7
1000,918,0,-8
621,184,0,-10
792,979,0,-6
104,118,0,-2
24,622,0,-6
835,527,0,-3
184,409,0,-2
107,255,0,-1
82,221,0,-6
544,702,0,-6
844,337,0,-8
929,311,0,-8
252,381,0,-3
614,232,0,-2
242,619,0,-2
82,281,0,-1
887,942,0,-8
245,55,0,-5
454,749,0,-2
278,786,0,-2
693,337,0,-3
213,777,0,-9
586,457,0,-7
125,460,0,-9
734,122,0,-1
650,671,0,-2
193,977,0,-5
609,388,0,-10
177,263,0,-1
983,314,0,-8
792,737,0,-4
156,858,0,-3
645,706,0,-2
433,627,0,-5
909,412,0,-9
125,51,0,-7
78,30,0,-7
66,97,0,-7
803,93,0,-10
753,380,0,-10
676,156,0,-7
44,829,0,-5
930,718,0,-5
55,936,0,-3
48,366,0,-1
888,603,0,-10
888,826,0,-9
873,199,0,-9
949,173,0,-4
741,877,0,-2
264,381,0,-2
892,861,0,-10
228,359,0,-1
904,804,0,-6
77,171,0,-9
403,411,0,-4
6,783,0,-8
422,969,0,-7
460,425,0,-8
34,493,0,-2
652,266,0,-7
892,616,0,-2
944,694,0,-7
54,638,0,-8
499,37,0,-1
210,252,0,-3
856,130,0,-10
562,697,0,-10
159,987,0,-9
551,278,0,-8
745,102,0,-5
293,606,0,-9
1,441,0,-5
697,24,0,-6
531,178,0,-3
590,439,0,-6
184,620,0,-3
82,366,0,-3
845,962,0,-8
770,163,0,-6
546,608,0,-1
849,949,0,-2
432,847,0,-7
381,151,0,-3
434,930,0,-2
84,762,0,-9
809,668,0,-3
426,38,0,-8
983,83,0,-1
750,873,0,-2
851,305,0,-4
253,697,0,-2
747,91,0,-8
825,43,0,-2
565,911,0,-4
428,171,0,-6
272,896,0,-2
674,819,0,-7
808,532,0,-5
278,822,0,-9
297,717,0,-3
849,658,0,-1
749,991,0,-4
77,506,0,-9
606,106,0,-9
427,391,0,-4
888,23,0,-6
872,441,0,-2
853,7,0,-2
870,649,0,-7
600,491,0,-8
19,935,0,-10
542,481,0,-10
469,97,0,-3
670,199,0,-1
597,140,0,-7
931,705,0,-1
36,819,0,-8
756,147,0,-7
348,382,0,-3
288,381,0,-4
996,984,0,-3
162,317,0,-8
844,959,0,-3
451,634,0,-2
899,901,0,-5
795,214,0,-3
636,63,0,-6
875,61,0,-5
12,506,0,-9
477,677,0,-9
537,817,0,-10
905,718,0,-4
822,653,0,-6
583,156,0,-4
423,535,0,-9
163,793,0,-6
334,677,0,-6
504,56,0,-4
605,868,0,-1
66,697,0,-1
20,744,0,-10
272,204,0,-9
384,385,0,-4
438,572,0,-9
543,349,0,-1
429,545,0,-6
675,628,0,-3
901,121,0,-2
108,875,0,-3
221,151,0,-9
173,302,0,-8
840,659,0,-8
113,837,0,-3
705,365,0,-2
294,886,0,-6
634,801,0,-2
742,801,0,-9
160,659,0,-7
835,733,0,-8
915,760,0,-10
228,134,0,-7
149,979,0,-3
161,793,0,-5
513,848,0,-8
700,606,0,-5
983,747,0,-5
313,328,0,-5
172,251,0,-7
590,33,0,-3
