7,507,0,9
10,510,0,4
12,512,0,8
16,516,0,6
18,518,0,2
24,524,0,9
25,525,0,7
31,531,0,7
33,533,0,7
43,543,0,8
44,544,0,9
45,545,0,7
48,548,0,1
51,551,0,8
55,555,0,3
61,561,0,3
62,562,0,4
67,567,0,6
70,570,0,7
76,576,0,9
79,579,0,3
83,583,0,9
84,584,0,5
88,588,0,4
94,594,0,5
96,596,0,6
97,597,0,8
98,598,0,4
110,610,0,7
113,613,0,9
120,620,0,8
124,624,0,8
131,631,0,7
137,637,0,5
138,638,0,3
145,645,0,7
146,646,0,3
150,650,0,5
153,653,0,8
154,654,0,1
156,656,0,5
158,658,0,6
160,660,0,9
162,662,0,1
169,669,0,2
171,671,0,1
173,673,0,1
180,680,0,3
188,688,0,1
189,689,0,9
192,692,0,7
194,694,0,6
200,700,0,6
202,702,0,2
204,704,0,3
213,713,0,6
214,714,0,4
216,716,0,8
222,722,0,6
223,723,0,2
230,730,0,3
241,741,0,9
250,750,0,5
251,751,0,7
254,754,0,4
258,758,0,8
262,762,0,3
264,764,0,7
266,766,0,7
269,769,0,1
275,775,0,9
276,776,0,1
278,778,0,4
286,786,0,7
288,788,0,8
289,789,0,3
290,790,0,6
291,791,0,3
296,796,0,5
300,800,0,4
302,802,0,8
310,810,0,1
313,813,0,8
315,815,0,3
317,817,0,6
319,819,0,6
320,820,0,1
321,821,0,9
327,827,0,7
331,831,0,4
335,835,0,6
343,843,0,9
344,844,0,6
345,845,0,6
348,848,0,7
353,853,0,9
355,855,0,3
357,857,0,6
368,868,0,7
371,871,0,5
372,872,0,7
377,877,0,3
381,881,0,8
384,884,0,5
388,888,0,2
392,892,0,1
394,894,0,8
406,906,0,3
407,907,0,4
412,912,0,5
415,915,0,1
416,916,0,6
431,931,0,1
433,933,0,4
444,944,0,1
453,953,0,2
455,955,0,7
467,967,0,7
483,983,0,4
485,985,0,1
488,988,0,2
491,991,0,3
493,993,0,7
494,994,0,2
499,999,0,6
224,496,0,-4
224,13,0,-7
459,496,0,-6
13,197,0,-10
314,224,0,-1
496,131,0,-3
268,224,0,-8
268,489,0,-8
91,268,0,-8
489,388,0,-10
224,420,0,-7
74,13,0,-4
268,39,0,-10
97,268,0,-1
14,224,0,-9
66,197,0,-4
395,39,0,-5
314,295,0,-8
209,66,0,-6
344,388,0,-6
368,131,0,-5
295,83,0,-10
91,320,0,-7
372,66,0,-8
359,420,0,-8
203,372,0,-2
24,368,0,-8
209,34,0,-2
395,302,0,-10
176,24,0,-9
83,172,0,-6
74,15,0,-7
470,39,0,-6
10,197,0,-5
346,131,0,-5
459,65,0,-7
176,263,0,-9
34,119,0,-10
420,456,0,-9
14,301,0,-2
344,191,0,-5
10,150,0,-3
344,82,0,-5
144,470,0,-3
496,175,0,-2
144,214,0,-10
175,373,0,-3
101,388,0,-3
66,71,0,-6
372,350,0,-2
428,97,0,-7
413,314,0,-2
34,102,0,-9
464,413,0,-5
304,368,0,-1
322,144,0,-1
56,350,0,-8
101,216,0,-9
150,310,0,-6
101,16,0,-10
35,175,0,-5
346,87,0,-3
214,277,0,-5
422,420,0,-4
71,425,0,-7
370,74,0,-8
163,302,0,-9
215,203,0,-9
263,236,0,-3
91,159,0,-3
68,131,0,-7
65,454,0,-1
71,86,0,-3
285,304,0,-1
37,35,0,-10
485,14,0,-6
328,203,0,-9
203,234,0,-10
215,61,0,-10
304,475,0,-7
119,261,0,-5
453,295,0,-4
131,173,0,-6
244,56,0,-10
491,425,0,-3
65,426,0,-8
301,375,0,-3
131,99,0,-10
248,328,0,-6
497,464,0,-2
99,189,0,-8
189,410,0,-7
375,476,0,-4
397,216,0,-10
365,236,0,-3
434,370,0,-5
252,24,0,-2
32,261,0,-1
424,320,0,-6
379,310,0,-5
398,163,0,-7
169,304,0,-7
10,276,0,-7
252,487,0,-1
442,420,0,-7
25,310,0,-10
100,395,0,-4
172,383,0,-8
25,148,0,-7
458,413,0,-1
421,236,0,-6
48,97,0,-9
475,280,0,-6
464,212,0,-4
310,57,0,-7
82,273,0,-1
77,224,0,-10
37,313,0,-3
427,428,0,-9
24,251,0,-9
458,404,0,-7
71,294,0,-10
167,77,0,-9
434,419,0,-3
398,5,0,-4
270,285,0,-1
46,322,0,-7
227,215,0,-7
395,481,0,-6
320,352,0,-4
407,15,0,-8
145,163,0,-7
252,7,0,-3
148,330,0,-9
175,161,0,-3
446,489,0,-10
193,375,0,-8
144,288,0,-4
27,481,0,-10
5,469,0,-6
346,38,0,-9
236,296,0,-4
470,305,0,-9
252,231,0,-1
368,79,0,-10
169,140,0,-8
349,407,0,-8
487,355,0,-9
216,377,0,-7
223,404,0,-10
34,129,0,-1
20,5,0,-8
295,439,0,-3
425,195,0,-5
359,98,0,-3
348,169,0,-6
20,60,0,-7
95,268,0,-10
32,204,0,-10
333,454,0,-5
410,319,0,-10
417,46,0,-9
23,365,0,-6
16,335,0,-7
71,325,0,-4
377,279,0,-7
299,48,0,-6
16,226,0,-7
466,161,0,-9
481,363,0,-6
194,288,0,-10
201,355,0,-4
419,94,0,-4
226,289,0,-7
395,121,0,-3
281,261,0,-7
124,191,0,-6
310,149,0,-1
418,124,0,-4
204,259,0,-5
115,226,0,-8
246,65,0,-8
140,343,0,-7
479,294,0,-1
8,195,0,-1
121,47,0,-4
382,99,0,-4
301,471,0,-8
130,305,0,-4
15,157,0,-1
419,41,0,-1
366,259,0,-3
222,464,0,-9
11,363,0,-9
320,146,0,-5
353,216,0,-1
315,149,0,-1
214,136,0,-9
425,233,0,-4
394,459,0,-8
96,86,0,-7
382,89,0,-4
234,412,0,-5
388,308,0,-9
385,124,0,-5
96,478,0,-9
71,118,0,-5
417,70,0,-2
233,376,0,-8
238,353,0,-10
109,471,0,-7
230,273,0,-9
277,374,0,-3
455,79,0,-4
231,166,0,-6
458,488,0,-1
149,336,0,-5
419,467,0,-8
35,126,0,-2
297,23,0,-10
312,150,0,-5
83,447,0,-4
28,163,0,-7
295,187,0,-10
470,262,0,-6
320,106,0,-2
480,216,0,-7
109,84,0,-6
407,269,0,-6
17,236,0,-6
372,196,0,-6
181,91,0,-6
4,97,0,-7
467,283,0,-5
476,451,0,-5
140,334,0,-5
182,273,0,-2
286,313,0,-5
15,345,0,-5
466,327,0,-5
166,415,0,-9
76,262,0,-10
333,198,0,-2
324,89,0,-1
213,106,0,-2
344,117,0,-8
476,168,0,-10
459,342,0,-5
13,477,0,-1
320,356,0,-1
439,155,0,-5
259,431,0,-8
206,348,0,-6
288,90,0,-10
96,75,0,-3
367,38,0,-8
194,81,0,-2
44,86,0,-5
9,417,0,-2
175,92,0,-8
185,169,0,-1
153,456,0,-1
52,259,0,-7
81,403,0,-5
93,35,0,-7
215,31,0,-5
28,242,0,-7
454,50,0,-9
196,186,0,-9
462,373,0,-4
66,250,0,-7
303,410,0,-9
143,83,0,-1
484,475,0,-1
111,216,0,-10
204,264,0,-3
333,473,0,-1
349,445,0,-2
199,328,0,-2
22,488,0,-4
378,198,0,-4
32,228,0,-2
176,339,0,-4
452,34,0,-4
344,411,0,-5
76,164,0,-9
499,93,0,-5
453,43,0,-10
425,354,0,-9
361,144,0,-1
45,458,0,-8
305,307,0,-4
420,26,0,-3
114,129,0,-4
83,326,0,-9
277,127,0,-4
119,483,0,-10
160,4,0,-9
438,395,0,-1
390,181,0,-6
367,360,0,-2
62,410,0,-1
63,35,0,-5
448,427,0,-9
132,102,0,-6
336,292,0,-5
492,212,0,-10
455,205,0,-3
243,20,0,-2
237,453,0,-6
58,365,0,-2
115,2,0,-9
52,104,0,-3
110,15,0,-3
104,357,0,-6
70,347,0,-6
137,315,0,-3
95,229,0,-8
287,310,0,-6
135,446,0,-2
165,373,0,-6
250,408,0,-8
35,337,0,-8
104,30,0,-6
120,398,0,-6
192,124,0,-9
109,284,0,-2
442,253,0,-10
42,262,0,-7
442,78,0,-4
265,165,0,-5
203,247,0,-10
392,166,0,-6
458,207,0,-4
388,6,0,-4
457,229,0,-1
474,111,0,-4
391,23,0,-4
180,132,0,-4
49,303,0,-5
107,299,0,-2
253,449,0,-8
481,329,0,-1
100,190,0,-9
247,291,0,-1
457,54,0,-8
457,460,0,-7
414,489,0,-3
341,34,0,-4
413,255,0,-4
430,63,0,-10
436,413,0,-5
380,448,0,-5
28,210,0,-9
70,221,0,-1
152,127,0,-4
314,249,0,-9
379,437,0,-8
441,420,0,-8
188,91,0,-8
380,67,0,-2
367,105,0,-3
225,322,0,-5
374,362,0,-3
393,287,0,-1
203,85,0,-1
23,260,0,-5
384,86,0,-4
492,402,0,-7
92,493,0,-1
257,307,0,-4
416,149,0,-9
309,196,0,-8
218,442,0,-10
468,11,0,-2
1,82,0,-10
486,466,0,-2
33,81,0,-1
30,241,0,-8
36,83,0,-7
401,165,0,-3
19,279,0,-1
137,235,0,-8
125,279,0,-7
276,317,0,-4
483,239,0,-3
109,156,0,-1
29,212,0,-4
142,398,0,-1
244,282,0,-3
19,177,0,-3
460,183,0,-1
138,410,0,-8
271,408,0,-1
208,384,0,-10
405,304,0,-7
490,328,0,-7
337,494,0,-6
278,262,0,-3
137,440,0,-2
3,188,0,-10
240,282,0,-8
211,305,0,-1
12,477,0,-10
237,371,0,-8
220,205,0,-1
136,116,0,-6
140,72,0,-2
494,293,0,-5
261,170,0,-10
443,12,0,-8
382,389,0,-1
258,182,0,-4
46,147,0,-4
158,145,0,-4
329,254,0,-3
22,423,0,-8
108,383,0,-5
160,300,0,-10
131,40,0,-9
250,184,0,-1
133,107,0,-7
385,113,0,-7
396,94,0,-2
266,309,0,-5
29,51,0,-8
64,372,0,-3
96,406,0,-7
219,125,0,-7
38,232,0,-4
213,332,0,-4
5,73,0,-1
156,55,0,-3
131,311,0,-8
498,113,0,-7
331,271,0,-8
14,139,0,-4
290,37,0,-1
6,134,0,-8
213,298,0,-3
15,272,0,-2
73,171,0,-4
200,3,0,-4
116,267,0,-10
13,318,0,-1
472,329,0,-1
450,328,0,-4
160,178,0,-6
252,53,0,-4
202,177,0,-8
247,316,0,-7
60,444,0,-8
11,409,0,-6
59,236,0,-1
58,123,0,-1
465,264,0,-10
217,114,0,-7
358,158,0,-2
435,116,0,-3
461,75,0,-3
162,145,0,-7
179,214,0,-4
51,321,0,-4
303,69,0,-3
392,399,0,-1
162,351,0,-7
338,412,0,-10
141,170,0,-1
151,118,0,-1
367,495,0,-3
117,364,0,-7
186,174,0,-7
304,306,0,-6
452,256,0,-6
292,387,0,-3
264,432,0,-3
56,245,0,-5
204,80,0,-4
179,400,0,-5
451,369,0,-10
210,433,0,-1
392,482,0,-1
323,466,0,-2
45,18,0,-10
43,340,0,-10
470,381,0,-9
136,275,0,-3
308,274,0,-9
463,355,0,-2
103,308,0,-6
127,112,0,-3
128,34,0,-6
267,386,0,-1
256,21,0,-6
154,392,0,-2
122,47,0,-3
380,429,0,-3
500,299,0,-6
88,450,0,-7
326,375,0,-8
341,52,0,-10
426,308,0,-3
82,337,0,-6
158,9,0,-9
352,354,0,-2
198,44,0,-5
80,466,0,-6
185,69,0,-2
230,139,0,-8
413,85,0,-1
161,70,0,-4
22,122,0,-1
323,39,0,-2
133,456,0,-5
428,300,0,-10
423,64,0,-10
292,370,0,-6
302,248,0,-10
364,11,0,-5
359,349,0,-1
356,57,0,-5
426,175,0,-2
270,105,0,-3
453,464,0,-6
306,37,0,-4
25,110,0,-3
140,291,0,-6
239,318,0,-2
453,414,0,-1
273,277,0,-9
232,422,0,-2
334,162,0,-7
236,428,0,-5
481,262,0,-10
439,11,0,-1
252,98,0,-1
325,264,0,-3
125,107,0,-5
198,187,0,-2
440,429,0,-9
127,382,0,-6
147,495,0,-5
301,311,0,-6
497,25,0,-7
490,50,0,-1
261,288,0,-10
184,234,0,-9
101,26,0,-1
28,490,0,-2
81,299,0,-1
138,70,0,-5
148,278,0,-2
211,219,0,-6
249,438,0,-2
424,27,0,-6
174,181,0,-9
389,201,0,-1
484,40,0,-5
355,95,0,-10
59,113,0,-2
444,454,0,-2
386,371,0,-10
282,40,0,-4
107,484,0,-3
289,449,0,-4
50,482,0,-1
373,494,0,-2
107,358,0,-3
5,132,0,-1
431,251,0,-2
95,350,0,-7
340,229,0,-2
261,302,0,-3
191,429,0,-3
31,68,0,-7
9,199,0,-2
250,302,0,-1
339,472,0,-4
369,226,0,-8
175,14,0,-6
209,32,0,-6
89,185,0,-10
72,330,0,-9
427,454,0,-8
376,181,0,-9
128,112,0,-6
396,246,0,-5
145,28,0,-10
399,463,0,-10
11,289,0,-9
469,7,0,-5
351,50,0,-5
203,428,0,-7
476,219,0,-2
305,311,0,-6
333,369,0,-7
394,14,0,-7
316,27,0,-7
185,300,0,-7
458,244,0,-6
220,253,0,-4
212,386,0,-1
315,333,0,-5
112,441,0,-8
403,408,0,-9
179,103,0,-1
140,53,0,-4
436,258,0,-7
51,312,0,-3
471,105,0,-7
33,297,0,-7
328,55,0,-5
16,229,0,-4
189,18,0,-10
126,498,0,-2
108,456,0,-2
198,463,0,-5
323,26,0,-9
19,70,0,-4
107,56,0,-4
30,189,0,-5
341,217,0,-6
342,89,0,-9
402,243,0,-8
380,22,0,-2
212,93,0,-8
16,394,0,-1
486,361,0,-5
303,498,0,-7
282,301,0,-2
143,191,0,-10
257,470,0,-1
332,427,0,-8
332,168,0,-4
471,72,0,-10
323,218,0,-3
403,468,0,-3
497,306,0,-6
275,326,0,-5
27,290,0,-4
278,331,0,-7
224,114,0,-4
443,283,0,-4
290,393,0,-2
336,246,0,-6
75,396,0,-10
69,233,0,-3
250,412,0,-9
8,63,0,-6
33,307,0,-10
380,38,0,-7
241,199,0,-7
495,45,0,-9
51,459,0,-2
24,42,0,-1
497,227,0,-4
337,45,0,-9
495,328,0,-7
266,60,0,-3
365,415,0,-6
224,249,0,-3
125,86,0,-8
452,385,0,-4
239,441,0,-5
261,145,0,-4
74,388,0,-2
90,340,0,-2
289,489,0,-7
289,280,0,-6
237,365,0,-5
418,55,0,-10
430,147,0,-7
196,346,0,-10
317,141,0,-7
22,180,0,-8
232,447,0,-2
415,257,0,-9
440,326,0,-3
154,68,0,-8
379,274,0,-1
66,348,0,-5
6,440,0,-5
243,116,0,-6
116,181,0,-5
359,221,0,-2
311,157,0,-10
371,379,0,-4
351,289,0,-6
244,397,0,-1
290,303,0,-6
237,354,0,-10
13,405,0,-9
129,441,0,-5
51,393,0,-8
368,478,0,-7
306,290,0,-5
389,474,0,-4
151,340,0,-7
48,61,0,-3
263,437,0,-3
415,162,0,-9
325,234,0,-3
224,126,0,-1
202,146,0,-5
87,331,0,-9
251,221,0,-8
485,199,0,-1
157,202,0,-3
40,42,0,-2
423,339,0,-1
485,94,0,-7
363,245,0,-1
353,255,0,-2
15,428,0,-4
69,447,0,-5
189,366,0,-10
150,374,0,-1
178,219,0,-9
143,60,0,-2
120,35,0,-10
270,140,0,-9
466,145,0,-4
301,54,0,-8
245,165,0,-1
453,279,0,-1
407,96,0,-7
309,151,0,-9
152,462,0,-4
50,126,0,-5
189,494,0,-3
1,319,0,-3
445,205,0,-6
455,312,0,-1
390,236,0,-2
51,406,0,-9
390,272,0,-2
145,405,0,-7
50,55,0,-10
455,457,0,-5
136,244,0,-1
297,90,0,-8
440,472,0,-8
421,462,0,-8
90,265,0,-7
375,169,0,-5
219,373,0,-8
374,342,0,-5
268,20,0,-10
157,446,0,-6
61,368,0,-9
470,247,0,-2
424,381,0,-10
123,96,0,-2
486,325,0,-6
222,187,0,-8
95,408,0,-9
152,477,0,-2
282,394,0,-2
370,177,0,-3
309,403,0,-1
365,327,0,-10
23,294,0,-10
41,423,0,-2
22,384,0,-9
190,224,0,-5
87,455,0,-3
469,427,0,-7
284,384,0,-7
370,285,0,-7
209,1,0,-3
482,41,0,-10
349,411,0,-1
73,306,0,-8
422,161,0,-6
473,187,0,-3
220,428,0,-1
273,180,0,-7
239,479,0,-10
219,51,0,-1
320,449,0,-10
415,417,0,-3
102,160,0,-5
440,427,0,-10
414,452,0,-6
136,424,0,-1
50,328,0,-6
300,369,0,-8
428,223,0,-3
496,212,0,-7
282,143,0,-3
124,414,0,-2
430,332,0,-5
323,62,0,-8
499,273,0,-5
248,199,0,-4
23,8,0,-4
21,300,0,-7
77,214,0,-4
320,498,0,-10
429,467,0,-7
30,301,0,-10
198,341,0,-10
251,248,0,-6
419,278,0,-4
477,318,0,-1
424,229,0,-3
315,500,0,-5
157,176,0,-3
166,267,0,-4
390,2,0,-9
135,4,0,-5
425,328,0,-5
219,355,0,-2
306,400,0,-6
313,430,0,-2
284,89,0,-9
421,200,0,-1
376,486,0,-4
478,208,0,-5
500,150,0,-2
283,415,0,-6
66,11,0,-3
262,240,0,-2
331,253,0,-6
317,458,0,-1
109,185,0,-10
218,149,0,-4
89,259,0,-7
480,484,0,-3
251,406,0,-7
418,285,0,-9
58,482,0,-3
321,423,0,-7
299,31,0,-4
370,455,0,-9
100,468,0,-2
322,342,0,-7
106,76,0,-6
151,319,0,-10
381,190,0,-2
189,195,0,-4
126,58,0,-6
101,162,0,-3
441,136,0,-7
19,253,0,-6
178,133,0,-8
35,410,0,-4
122,396,0,-4
92,285,0,-9
498,462,0,-10
302,34,0,-6
96,335,0,-1
375,348,0,-9
351,229,0,-6
56,435,0,-3
227,402,0,-4
318,442,0,-8
178,412,0,-4
43,306,0,-8
280,50,0,-3
272,176,0,-5
19,60,0,-7
450,53,0,-5
453,226,0,-3
337,227,0,-8
61,118,0,-6
332,376,0,-3
412,65,0,-10
111,165,0,-9
142,26,0,-8
66,363,0,-5
473,312,0,-5
382,443,0,-3
403,198,0,-8
446,268,0,-6
318,486,0,-4
75,33,0,-2
433,275,0,-6
489,407,0,-3
340,245,0,-7
325,182,0,-9
375,271,0,-2
278,179,0,-1
412,500,0,-3
375,82,0,-4
70,455,0,-2
153,52,0,-8
322,260,0,-5
118,352,0,-7
461,388,0,-4
120,343,0,-1
393,406,0,-4
290,245,0,-6
480,267,0,-10
118,390,0,-9
252,166,0,-4
302,314,0,-4
441,384,0,-7
84,63,0,-7
464,227,0,-5
198,246,0,-1
483,116,0,-6
337,299,0,-6
208,4,0,-8
235,2,0,-10
428,70,0,-8
484,299,0,-3
485,280,0,-10
85,309,0,-3
353,292,0,-10
416,116,0,-4
392,28,0,-6
117,315,0,-6
57,396,0,-9
263,66,0,-9
100,34,0,-10
352,473,0,-6
254,160,0,-3
305,159,0,-5
151,428,0,-4
70,310,0,-5
292,366,0,-3
459,164,0,-3
38,110,0,-6
97,296,0,-10
12,332,0,-1
214,270,0,-4
344,416,0,-3
478,270,0,-10
127,254,0,-2
75,406,0,-7
305,183,0,-7
263,50,0,-1
143,41,0,-5
369,407,0,-10
193,90,0,-7
297,487,0,-7
63,70,0,-8
88,114,0,-4
126,290,0,-9
421,38,0,-1
145,125,0,-10
281,344,0,-6
4,100,0,-10
324,226,0,-4
34,321,0,-6
339,246,0,-3
341,380,0,-4
83,175,0,-4
141,17,0,-2
268,228,0,-10
188,328,0,-9
285,403,0,-4
282,365,0,-4
88,351,0,-7
381,457,0,-4
71,250,0,-2
15,434,0,-4
155,329,0,-6
301,297,0,-3
345,35,0,-8
416,54,0,-10
58,16,0,-5
131,31,0,-2
167,381,0,-10
439,9,0,-2
54,56,0,-8
341,96,0,-7
153,229,0,-2
38,204,0,-6
201,449,0,-2
174,248,0,-8
339,425,0,-3
238,457,0,-2
381,272,0,-7
185,481,0,-4
490,364,0,-5
112,265,0,-10
164,131,0,-2
131,484,0,-3
424,60,0,-4
229,115,0,-7
440,264,0,-2
202,412,0,-2
134,355,0,-9
235,300,0,-5
481,176,0,-3
331,334,0,-1
430,224,0,-10
458,478,0,-2
86,274,0,-1
386,381,0,-10
225,187,0,-7
205,405,0,-9
283,360,0,-9
183,53,0,-5
4,492,0,-4
109,228,0,-4
496,245,0,-6
257,270,0,-4
279,106,0,-5
176,45,0,-10
13,333,0,-9
448,224,0,-8
278,204,0,-4
452,355,0,-2
203,458,0,-5
225,243,0,-7
360,122,0,-9
438,47,0,-2
74,207,0,-10
43,409,0,-3
131,443,0,-10
329,224,0,-5
487,350,0,-4
194,139,0,-2
461,391,0,-10
426,189,0,-7
263,452,0,-1
218,466,0,-2
235,274,0,-10
49,297,0,-9
380,201,0,-6
25,72,0,-2
91,487,0,-7
59,45,0,-9
441,303,0,-7
8,265,0,-1
30,181,0,-6
154,51,0,-8
265,298,0,-10
290,118,0,-4
376,430,0,-1
120,255,0,-2
472,324,0,-4
420,113,0,-2
300,289,0,-3
153,354,0,-2
497,173,0,-9
90,390,0,-2
115,302,0,-6
55,240,0,-3
353,306,0,-1
453,32,0,-2
252,183,0,-1
27,35,0,-8
264,48,0,-3
111,54,0,-6
149,262,0,-1
301,25,0,-8
137,261,0,-7
226,201,0,-10
122,424,0,-7
79,188,0,-4
21,257,0,-2
61,456,0,-3
139,362,0,-9
75,308,0,-3
282,393,0,-5
243,361,0,-2
199,202,0,-5
29,376,0,-9
245,57,0,-7
184,356,0,-2
439,149,0,-6
392,158,0,-2
360,162,0,-7
155,267,0,-3
399,472,0,-1
151,341,0,-1
480,6,0,-9
113,8,0,-2
68,292,0,-7
11,362,0,-4
211,299,0,-5
224,368,0,-10
33,394,0,-3
199,48,0,-9
182,360,0,-8
7,312,0,-8
18,151,0,-1
218,78,0,-10
125,168,0,-7
491,251,0,-9
193,390,0,-10
149,242,0,-7
198,130,0,-2
497,92,0,-2
500,212,0,-8
228,485,0,-5
324,46,0,-5
138,297,0,-3
362,293,0,-7
235,214,0,-9
111,297,0,-4
413,291,0,-3
350,313,0,-10
262,243,0,-3
79,410,0,-5
143,176,0,-8
154,110,0,-10
432,252,0,-3
145,492,0,-10
215,391,0,-3
265,251,0,-4
102,312,0,-8
284,84,0,-4
429,103,0,-2
50,47,0,-7
131,83,0,-4
376,338,0,-7
207,251,0,-8
335,53,0,-7
411,462,0,-9
69,118,0,-6
351,194,0,-3
314,238,0,-4
403,389,0,-9
496,89,0,-6
466,201,0,-3
280,218,0,-4
175,190,0,-3
109,207,0,-1
115,259,0,-7
377,11,0,-4
217,456,0,-5
314,335,0,-8
171,329,0,-7
170,78,0,-3
423,156,0,-4
317,197,0,-10
200,277,0,-8
290,185,0,-5
322,112,0,-4
275,222,0,-5
160,449,0,-7
384,451,0,-6
9,54,0,-8
389,161,0,-9
223,151,0,-2
310,35,0,-7
394,63,0,-7
52,134,0,-2
280,126,0,-4
50,431,0,-1
79,267,0,-6
321,472,0,-5
364,168,0,-10
89,85,0,-8
116,65,0,-2
70,2,0,-4
337,198,0,-9
470,188,0,-10
265,429,0,-10
419,315,0,-5
199,273,0,-8
126,467,0,-1
112,49,0,-1
369,212,0,-8
189,498,0,-10
177,267,0,-5
112,62,0,-9
78,118,0,-10
100,188,0,-5
146,222,0,-9
351,285,0,-10
162,392,0,-7
377,118,0,-1
154,50,0,-4
287,387,0,-10
181,34,0,-6
200,216,0,-2
401,138,0,-4
490,466,0,-4
104,304,0,-7
68,478,0,-5
475,276,0,-7
188,55,0,-10
307,287,0,-6
381,134,0,-10
25,465,0,-1
496,200,0,-2
367,15,0,-9
48,220,0,-7
204,324,0,-8
268,85,0,-5
133,435,0,-8
182,497,0,-6
495,204,0,-6
295,310,0,-5
399,54,0,-4
6,495,0,-1
191,309,0,-8
82,112,0,-10
428,438,0,-1
120,375,0,-7
69,33,0,-2
249,67,0,-5
449,374,0,-5
460,70,0,-8
115,482,0,-9
349,179,0,-7
296,284,0,-1
492,72,0,-7
59,414,0,-1
290,30,0,-9
363,78,0,-9
278,392,0,-4
64,400,0,-9
187,251,0,-1
3,364,0,-3
425,235,0,-9
279,414,0,-5
165,19,0,-8
443,103,0,-3
490,212,0,-10
269,382,0,-8
59,404,0,-9
106,292,0,-6
156,369,0,-9
111,380,0,-3
470,404,0,-6
269,320,0,-4
323,193,0,-9
191,384,0,-4
473,194,0,-1
370,439,0,-8
341,281,0,-10
220,242,0,-1
362,384,0,-8
244,391,0,-3
253,38,0,-9
68,96,0,-2
463,109,0,-7
17,61,0,-4
49,221,0,-9
219,403,0,-1
177,214,0,-10
379,76,0,-5
225,117,0,-7
291,299,0,-2
43,206,0,-6
202,94,0,-2
7,98,0,-3
242,479,0,-2
56,439,0,-2
322,210,0,-8
184,305,0,-2
479,317,0,-8
403,31,0,-1
321,459,0,-9
164,22,0,-8
332,450,0,-4
109,122,0,-7
2,75,0,-8
39,299,0,-9
8,276,0,-2
413,258,0,-8
214,10,0,-6
192,173,0,-10
298,195,0,-6
172,264,0,-2
398,473,0,-1
306,60,0,-5
394,276,0,-8
226,106,0,-7
172,149,0,-5
142,480,0,-4
285,331,0,-7
238,171,0,-8
387,10,0,-3
271,208,0,-5
423,103,0,-10
151,52,0,-6
242,64,0,-9
143,475,0,-1
157,290,0,-9
318,365,0,-7
450,268,0,-2
258,170,0,-9
208,129,0,-7
365,97,0,-7
279,61,0,-5
299,301,0,-10
38,160,0,-10
134,315,0,-1
45,376,0,-6
339,230,0,-5
442,170,0,-9
499,449,0,-8
424,9,0,-9
192,338,0,-5
299,452,0,-1
335,220,0,-5
390,288,0,-9
141,199,0,-5
56,254,0,-1
170,330,0,-2
257,48,0,-5
306,174,0,-6
175,154,0,-9
204,400,0,-9
119,26,0,-3
328,395,0,-6
216,473,0,-7
131,343,0,-2
215,416,0,-4
71,248,0,-10
271,206,0,-2
233,417,0,-3
261,95,0,-2
262,354,0,-7
93,397,0,-8
363,337,0,-3
104,481,0,-5
247,383,0,-4
198,368,0,-2
367,3,0,-7
380,307,0,-1
234,274,0,-8
166,155,0,-1
53,444,0,-8
424,382,0,-3
400,316,0,-7
335,223,0,-2
368,317,0,-8
286,348,0,-5
324,254,0,-3
499,3,0,-4
128,284,0,-2
147,231,0,-9
421,170,0,-9
182,151,0,-2
47,473,0,-4
193,446,0,-4
498,12,0,-9
389,8,0,-10
4,163,0,-10
264,154,0,-6
221,34,0,-1
460,137,0,-2
237,330,0,-4
255,290,0,-2
386,397,0,-1
291,346,0,-6
31,388,0,-2
55,271,0,-10
200,233,0,-4
19,238,0,-3
295,498,0,-3
14,475,0,-4
18,213,0,-3
224,378,0,-1
480,496,0,-1
383,457,0,-8
446,387,0,-2
396,476,0,-2
131,474,0,-4
293,497,0,-7
212,245,0,-1
13,478,0,-8
473,359,0,-8
36,100,0,-2
111,43,0,-8
455,460,0,-9
258,33,0,-10
126,453,0,-4
317,265,0,-4
106,270,0,-10
313,231,0,-2
450,486,0,-2
38,331,0,-6
30,349,0,-3
269,143,0,-8
143,430,0,-1
41,39,0,-2
334,108,0,-7
44,249,0,-8
18,150,0,-5
153,169,0,-9
269,244,0,-1
385,211,0,-3
59,9,0,-4
179,238,0,-9
314,369,0,-6
317,360,0,-8
439,93,0,-4
67,362,0,-9
276,61,0,-4
440,47,0,-3
152,373,0,-4
299,327,0,-3
222,401,0,-10
367,484,0,-4
197,365,0,-3
267,478,0,-2
411,33,0,-1
461,433,0,-6
88,178,0,-2
148,472,0,-5
121,316,0,-8
265,316,0,-7
169,189,0,-10
340,261,0,-3
172,108,0,-7
384,453,0,-7
288,34,0,-4
384,285,0,-3
199,235,0,-4
477,124,0,-8
70,52,0,-10
254,72,0,-9
424,171,0,-10
345,331,0,-8
174,211,0,-8
107,369,0,-1
313,42,0,-5
241,123,0,-1
7,467,0,-8
376,334,0,-2
450,335,0,-1
496,400,0,-1
62,25,0,-4
98,497,0,-1
86,267,0,-2
275,83,0,-7
268,475,0,-9
151,280,0,-3
277,271,0,-10
322,84,0,-9
247,243,0,-1
186,18,0,-6
428,283,0,-4
413,180,0,-8
115,406,0,-7
106,442,0,-3
49,19,0,-2
67,255,0,-4
378,303,0,-8
224,107,0,-7
330,184,0,-1
402,289,0,-5
348,362,0,-9
233,282,0,-2
314,75,0,-9
31,184,0,-2
132,155,0,-7
268,345,0,-2
68,417,0,-9
324,417,0,-9
198,472,0,-3
192,87,0,-8
63,125,0,-7
254,467,0,-2
358,141,0,-10
274,255,0,-6
7,31,0,-2
330,264,0,-5
202,51,0,-5
238,373,0,-7
58,302,0,-9
394,247,0,-9
408,419,0,-4
345,438,0,-1
132,252,0,-6
252,43,0,-1
129,493,0,-10
335,371,0,-1
83,8,0,-8
461,345,0,-1
176,197,0,-4
397,203,0,-10
125,493,0,-7
10,98,0,-9
265,447,0,-6
479,427,0,-6
90,12,0,-1
7,490,0,-1
484,276,0,-10
486,214,0,-8
330,396,0,-9
216,117,0,-5
392,131,0,-4
460,97,0,-6
419,304,0,-7
345,247,0,-6
452,246,0,-10
466,86,0,-6
310,13,0,-4
379,294,0,-8
164,498,0,-3
452,89,0,-3
237,472,0,-5
430,453,0,-2
184,56,0,-4
170,93,0,-2
314,346,0,-9
197,157,0,-6
236,402,0,-4
165,310,0,-9
181,280,0,-5
132,494,0,-9
229,164,0,-1
348,179,0,-8
474,130,0,-3
65,458,0,-4
488,375,0,-7
91,234,0,-4
283,42,0,-3
325,85,0,-8
130,454,0,-8
244,343,0,-2
294,426,0,-1
147,32,0,-5
476,201,0,-3
309,65,0,-5
189,387,0,-1
435,396,0,-7
80,210,0,-3
366,105,0,-7
92,429,0,-4
94,314,0,-1
341,68,0,-10
286,242,0,-9
449,96,0,-3
386,284,0,-2
212,89,0,-8
266,258,0,-5
485,204,0,-10
359,347,0,-1
335,257,0,-5
123,214,0,-6
188,291,0,-6
280,214,0,-7
385,193,0,-9
461,402,0,-3
153,466,0,-3
429,23,0,-4
331,70,0,-8
314,118,0,-6
344,471,0,-2
6,500,0,-9
431,175,0,-1
488,339,0,-5
229,34,0,-9
251,59,0,-8
251,480,0,-4
238,494,0,-9
354,123,0,-9
30,425,0,-10
318,88,0,-4
59,356,0,-6
417,69,0,-1
158,271,0,-5
173,370,0,-5
304,497,0,-2
137,462,0,-6
124,499,0,-3
409,102,0,-8
234,128,0,-10
156,336,0,-5
163,41,0,-5
65,136,0,-4
497,209,0,-1
58,220,0,-5
396,136,0,-10
78,176,0,-1
154,13,0,-3
67,389,0,-10
154,119,0,-5
63,423,0,-4
365,77,0,-6
159,367,0,-4
208,388,0,-8
353,268,0,-7
440,384,0,-9
224,261,0,-5
207,326,0,-7
496,300,0,-5
441,300,0,-5
369,104,0,-2
240,497,0,-9
405,269,0,-8
116,290,0,-6
356,88,0,-6
19,79,0,-3
486,320,0,-5
30,20,0,-9
175,93,0,-9
304,11,0,-6
262,473,0,-9
106,231,0,-9
1,370,0,-3
269,262,0,-8
327,34,0,-10
109,267,0,-10
297,362,0,-10
424,420,0,-3
292,226,0,-2
112,351,0,-1
225,148,0,-8
135,130,0,-7
461,126,0,-8
230,41,0,-7
11,104,0,-7
276,161,0,-4
23,417,0,-10
105,26,0,-10
458,205,0,-6
8,204,0,-5
35,257,0,-10
400,56,0,-8
252,465,0,-7
384,338,0,-10
408,450,0,-8
358,387,0,-9
192,214,0,-1
469,53,0,-1
301,214,0,-9
92,480,0,-6
105,481,0,-5
317,164,0,-2
212,299,0,-6
211,122,0,-4
384,326,0,-3
261,475,0,-1
100,193,0,-8
183,436,0,-3
287,496,0,-3
205,70,0,-2
126,465,0,-1
388,314,0,-5
473,412,0,-4
445,292,0,-5
41,235,0,-9
110,201,0,-10
88,435,0,-7
173,140,0,-9
359,159,0,-3
300,482,0,-10
89,227,0,-8
267,473,0,-9
247,261,0,-5
460,223,0,-2
204,50,0,-4
104,275,0,-10
261,427,0,-10
130,149,0,-10
83,266,0,-7
490,55,0,-5
62,484,0,-1
266,88,0,-7
167,386,0,-5
304,283,0,-3
3,71,0,-7
136,417,0,-8
366,36,0,-5
216,165,0,-4
272,203,0,-8
294,192,0,-9
442,47,0,-6
362,396,0,-3
363,16,0,-1
200,240,0,-7
297,340,0,-4
276,173,0,-9
51,54,0,-4
174,188,0,-8
436,278,0,-2
300,365,0,-9
443,167,0,-8
216,82,0,-7
417,153,0,-9
300,69,0,-6
311,480,0,-7
393,10,0,-1
125,366,0,-10
422,208,0,-7
305,234,0,-4
112,32,0,-3
254,147,0,-1
212,471,0,-7
416,381,0,-6
351,216,0,-3
315,414,0,-5
202,473,0,-8
390,487,0,-3
40,54,0,-4
54,47,0,-4
93,375,0,-10
279,194,0,-8
459,251,0,-10
136,131,0,-6
23,431,0,-8
379,499,0,-4
32,40,0,-2
114,89,0,-5
180,298,0,-1
113,95,0,-7
300,303,0,-10
44,94,0,-1
95,184,0,-1
346,336,0,-3
390,314,0,-4
418,383,0,-4
170,275,0,-5
281,109,0,-10
358,392,0,-8
470,482,0,-9
244,123,0,-1
31,18,0,-3
142,490,0,-7
138,98,0,-8
460,498,0,-6
205,39,0,-6
489,434,0,-6
168,358,0,-5
192,43,0,-8
421,430,0,-1
258,32,0,-4
430,455,0,-2
208,8,0,-3
176,207,0,-5
483,467,0,-3
22,260,0,-3
58,108,0,-8
412,195,0,-6
235,180,0,-2
479,8,0,-3
329,198,0,-8
461,452,0,-2
334,368,0,-8
174,470,0,-4
341,321,0,-8
110,456,0,-8
82,419,0,-2
318,341,0,-4
380,393,0,-4
102,399,0,-7
290,250,0,-10
137,455,0,-7
318,419,0,-5
286,310,0,-2
254,84,0,-7
219,242,0,-3
470,309,0,-4
445,355,0,-10
57,20,0,-10
202,213,0,-4
41,262,0,-8
370,356,0,-4
365,179,0,-1
127,393,0,-8
319,474,0,-5
182,393,0,-6
426,263,0,-7
295,154,0,-1
186,9,0,-3
405,55,0,-1
393,213,0,-3
464,190,0,-7
254,468,0,-1
422,244,0,-3
48,63,0,-5
271,333,0,-5
472,27,0,-4
77,343,0,-3
277,175,0,-6
348,355,0,-3
353,283,0,-10
51,96,0,-9
226,476,0,-3
397,158,0,-8
303,372,0,-10
143,107,0,-8
482,101,0,-2
491,53,0,-9
356,111,0,-10
143,265,0,-6
160,439,0,-3
21,443,0,-5
301,20,0,-6
362,281,0,-1
179,227,0,-1
181,351,0,-2
197,448,0,-10
357,487,0,-2
367,402,0,-8
108,189,0,-5
239,143,0,-5
205,270,0,-7
482,239,0,-8
167,245,0,-10
277,236,0,-10
308,351,0,-1
372,253,0,-10
493,146,0,-7
450,470,0,-5
260,328,0,-5
154,59,0,-10
47,18,0,-7
421,105,0,-2
119,376,0,-2
358,77,0,-6
56,259,0,-2
94,1,0,-7
455,132,0,-1
8,266,0,-8
324,44,0,-1
470,338,0,-7
442,127,0,-7
362,317,0,-4
84,255,0,-3
15,466,0,-8
338,326,0,-7
482,462,0,-2
115,149,0,-4
350,360,0,-6
66,417,0,-1
62,124,0,-10
285,295,0,-3
305,463,0,-6
197,213,0,-8
308,95,0,-7
432,130,0,-7
97,77,0,-7
491,8,0,-5
73,426,0,-9
475,492,0,-7
381,104,0,-8
17,347,0,-10
340,215,0,-3
75,171,0,-9
194,291,0,-7
222,231,0,-7
222,94,0,-9
453,438,0,-10
39,102,0,-9
228,264,0,-3
11,293,0,-5
70,117,0,-5
129,110,0,-3
8,135,0,-7
26,476,0,-2
489,258,0,-6
315,239,0,-5
461,92,0,-2
346,450,0,-7
136,294,0,-2
432,449,0,-6
414,174,0,-6
321,254,0,-6
184,81,0,-5
67,358,0,-8
407,213,0,-4
339,272,0,-10
109,374,0,-7
378,325,0,-7
483,488,0,-4
389,304,0,-5
283,407,0,-10
292,496,0,-4
407,95,0,-2
316,396,0,-4
45,259,0,-9
17,92,0,-6
293,294,0,-3
163,27,0,-3
452,30,0,-4
277,458,0,-10
463,37,0,-10
120,163,0,-8
40,200,0,-9
99,343,0,-8
393,424,0,-4
370,231,0,-5
113,279,0,-8
313,190,0,-5
396,281,0,-8
307,178,0,-8
126,106,0,-2
291,25,0,-1
24,237,0,-8
167,12,0,-1
128,391,0,-9
374,57,0,-4
426,17,0,-10
7,299,0,-2
87,111,0,-8
91,47,0,-4
151,282,0,-5
288,420,0,-7
340,122,0,-1
425,247,0,-10
177,311,0,-5
463,468,0,-6
140,108,0,-7
401,83,0,-3
131,225,0,-1
183,144,0,-4
254,214,0,-4
217,85,0,-10
352,302,0,-8
219,81,0,-8
397,168,0,-8
439,27,0,-3
384,429,0,-4
10,285,0,-6
177,37,0,-10
144,358,0,-3
479,430,0,-5
50,308,0,-3
127,228,0,-10
118,389,0,-2
372,192,0,-1
201,183,0,-9
324,106,0,-1
321,122,0,-3
100,212,0,-5
245,449,0,-1
251,124,0,-3
480,488,0,-5
352,367,0,-1
215,374,0,-10
418,190,0,-4
5,204,0,-4
255,419,0,-1
89,433,0,-7
129,294,0,-8
252,221,0,-10
291,446,0,-3
493,131,0,-1
127,229,0,-4
19,162,0,-1
44,348,0,-8
49,405,0,-10
250,304,0,-2
125,372,0,-9
128,72,0,-3
181,328,0,-3
358,390,0,-5
376,366,0,-1
146,313,0,-2
500,437,0,-7
194,209,0,-9
490,493,0,-4
83,400,0,-7
200,340,0,-10
383,241,0,-1
489,5,0,-2
191,462,0,-4
130,401,0,-4
384,213,0,-5
13,166,0,-10
169,250,0,-4
419,114,0,-10
30,244,0,-3
26,338,0,-1
176,88,0,-9
111,260,0,-8
64,90,0,-9
209,177,0,-9
190,69,0,-8
329,154,0,-4
298,65,0,-9
253,328,0,-10
179,190,0,-4
67,123,0,-9
194,392,0,-10
412,23,0,-1
71,357,0,-8
410,179,0,-6
109,10,0,-10
25,386,0,-5
95,246,0,-6
406,291,0,-2
499,94,0,-3
464,18,0,-2
159,434,0,-5
166,495,0,-5
163,361,0,-4
492,401,0,-10
309,359,0,-1
197,224,0,-5
271,30,0,-9
329,284,0,-7
284,179,0,-3
30,357,0,-6
393,34,0,-10
4,268,0,-6
477,404,0,-8
119,246,0,-4
374,331,0,-8
138,298,0,-5
265,120,0,-7
335,93,0,-2
324,458,0,-9
228,283,0,-2
458,38,0,-1
430,300,0,-7
88,278,0,-1
123,98,0,-7
454,109,0,-2
455,428,0,-4
335,62,0,-2
439,44,0,-8
333,46,0,-9
355,101,0,-3
150,327,0,-3
438,177,0,-2
106,491,0,-7
131,498,0,-1
320,340,0,-9
63,304,0,-4
107,113,0,-7
386,390,0,-4
494,138,0,-2
387,167,0,-8
371,326,0,-9
150,410,0,-10
431,261,0,-4
338,10,0,-9
133,476,0,-6
458,61,0,-9
347,77,0,-6
10,4,0,-2
274,193,0,-9
96,403,0,-5
178,382,0,-6
232,209,0,-2
419,283,0,-10
217,413,0,-2
424,56,0,-3
278,374,0,-3
18,123,0,-10
24,448,0,-6
350,324,0,-3
254,41,0,-6
292,99,0,-7
28,26,0,-9
416,432,0,-8
281,421,0,-1
223,413,0,-5
414,211,0,-10
464,83,0,-7
289,290,0,-4
364,243,0,-2
416,71,0,-4
485,334,0,-1
96,318,0,-5
157,470,0,-9
358,290,0,-5
24,67,0,-8
185,65,0,-9
193,290,0,-6
298,45,0,-1
431,245,0,-1
348,263,0,-2
145,237,0,-10
104,2,0,-4
255,294,0,-7
422,485,0,-10
298,304,0,-6
58,431,0,-2
30,256,0,-4
382,221,0,-7
271,293,0,-2
340,125,0,-10
173,248,0,-4
400,457,0,-1
302,154,0,-7
285,65,0,-10
101,476,0,-4
472,301,0,-7
212,236,0,-6
374,489,0,-3
367,37,0,-4
124,74,0,-7
347,92,0,-1
329,139,0,-8
309,285,0,-9
464,35,0,-7
147,142,0,-1
235,51,0,-10
183,212,0,-6
389,472,0,-6
161,203,0,-6
214,174,0,-6
418,348,0,-4
409,38,0,-9
489,25,0,-4
160,216,0,-1
147,362,0,-9
434,81,0,-10
165,299,0,-1
418,58,0,-10
270,90,0,-5
357,39,0,-2
431,20,0,-7
391,29,0,-9
388,423,0,-4
472,135,0,-5
364,344,0,-2
22,304,0,-5
94,227,0,-10
217,64,0,-6
247,303,0,-6
276,104,0,-7
121,67,0,-4
29,6,0,-10
400,130,0,-10
344,33,0,-4
433,334,0,-4
388,229,0,-6
123,137,0,-4
276,172,0,-7
276,444,0,-3
48,1,0,-6
115,50,0,-9
277,381,0,-5
463,438,0,-7
171,31,0,-6
395,387,0,-3
135,451,0,-1
280,100,0,-5
393,88,0,-10
247,51,0,-6
293,36,0,-9
231,185,0,-6
433,263,0,-9
11,340,0,-2
242,231,0,-2
177,465,0,-2
12,201,0,-4
474,116,0,-8
317,383,0,-9
2,199,0,-6
415,289,0,-9
275,229,0,-10
476,484,0,-10
293,453,0,-8
350,238,0,-10
412,6,0,-4
17,395,0,-9
253,481,0,-6
147,279,0,-2
496,487,0,-6
208,115,0,-1
458,406,0,-4
335,177,0,-4
389,354,0,-2
441,302,0,-4
145,378,0,-3
497,196,0,-6
18,453,0,-1
54,61,0,-1
450,393,0,-2
202,311,0,-2
357,206,0,-4
395,348,0,-6
270,74,0,-8
371,301,0,-1
242,458,0,-7
307,270,0,-5
408,325,0,-1
40,114,0,-3
74,470,0,-10
427,44,0,-6
166,394,0,-4
223,219,0,-8
357,225,0,-3
363,99,0,-7
187,234,0,-8
254,176,0,-3
256,200,0,-3
301,118,0,-6
155,14,0,-9
462,34,0,-9
384,256,0,-1
152,388,0,-8
141,70,0,-10
256,119,0,-4
101,493,0,-5
144,450,0,-1
196,193,0,-1
105,137,0,-3
433,381,0,-2
283,393,0,-2
359,344,0,-6
314,435,0,-9
311,153,0,-9
27,374,0,-9
295,33,0,-7
195,81,0,-2
251,461,0,-9
369,178,0,-5
432,67,0,-10
401,93,0,-7
218,121,0,-10
73,369,0,-5
105,31,0,-3
81,151,0,-4
427,178,0,-9
434,117,0,-3
287,57,0,-4
272,356,0,-4
253,338,0,-1
246,36,0,-8
325,2,0,-4
316,311,0,-7
173,353,0,-8
191,235,0,-6
326,59,0,-2
398,135,0,-2
143,79,0,-8
212,165,0,-1
206,444,0,-6
252,201,0,-9
247,498,0,-6
214,392,0,-3
304,179,0,-3
72,179,0,-10
17,36,0,-5
363,330,0,-2
427,39,0,-9
66,61,0,-1
104,344,0,-10
412,224,0,-4
3,75,0,-9
211,246,0,-1
18,222,0,-6
280,400,0,-6
121,137,0,-9
485,91,0,-2
218,105,0,-1
246,200,0,-8
364,84,0,-1
447,180,0,-2
107,134,0,-1
369,122,0,-5
285,473,0,-8
279,166,0,-6
105,477,0,-10
95,136,0,-4
138,18,0,-5
217,259,0,-6
193,392,0,-4
145,116,0,-3
54,218,0,-7
312,3,0,-8
133,204,0,-9
362,303,0,-6
60,473,0,-6
41,188,0,-4
476,289,0,-1
329,200,0,-3
476,157,0,-1
120,89,0,-4
353,392,0,-4
468,180,0,-7
475,350,0,-6
341,499,0,-9
349,62,0,-8
438,319,0,-2
400,4,0,-7
234,316,0,-8
494,123,0,-6
260,191,0,-4
439,3,0,-5
155,341,0,-2
153,184,0,-8
16,326,0,-10
208,414,0,-2
352,284,0,-2
470,72,0,-7
245,107,0,-9
146,189,0,-6
371,82,0,-7
225,115,0,-6
37,353,0,-7
348,144,0,-10
439,65,0,-5
375,227,0,-3
161,398,0,-2
315,163,0,-5
425,266,0,-2
66,475,0,-6
56,366,0,-7
332,24,0,-4
423,223,0,-4
239,458,0,-4
499,175,0,-6
150,478,0,-8
387,90,0,-2
32,448,0,-1
153,75,0,-10
360,216,0,-10
446,338,0,-8
318,453,0,-7
468,239,0,-6
84,452,0,-6
236,473,0,-5
205,299,0,-9
358,132,0,-9
242,32,0,-4
291,390,0,-8
349,162,0,-9
84,346,0,-8
236,267,0,-8
364,286,0,-1
482,456,0,-4
429,274,0,-3
177,105,0,-1
146,92,0,-6
207,220,0,-5
286,415,0,-10
76,347,0,-10
457,62,0,-10
186,120,0,-2
467,16,0,-8
318,32,0,-5
150,397,0,-5
175,427,0,-8
168,35,0,-6
353,391,0,-3
107,293,0,-2
74,448,0,-8
336,126,0,-3
280,187,0,-4
458,375,0,-7
487,483,0,-9
177,144,0,-5
265,353,0,-7
389,31,0,-6
55,83,0,-10
379,447,0,-9
331,45,0,-2
394,412,0,-1
165,407,0,-4
438,21,0,-4
53,493,0,-10
6,459,0,-7
159,469,0,-8
27,360,0,-9
355,11,0,-5
227,308,0,-4
403,226,0,-7
167,230,0,-4
4,52,0,-7
83,320,0,-6
115,32,0,-4
424,358,0,-1
462,55,0,-5
461,257,0,-10
153,86,0,-9
250,485,0,-10
13,497,0,-6
472,420,0,-10
422,313,0,-3
263,292,0,-2
14,359,0,-1
372,495,0,-8
101,59,0,-6
194,467,0,-3
378,27,0,-5
43,174,0,-8
380,154,0,-1
469,280,0,-10
460,380,0,-3
59,347,0,-2
137,61,0,-6
7,107,0,-6
75,58,0,-1
470,440,0,-3
212,354,0,-3
265,422,0,-7
358,154,0,-5
470,148,0,-8
141,90,0,-8
411,403,0,-5
405,432,0,-3
203,319,0,-3
282,342,0,-5
184,329,0,-6
108,277,0,-1
480,357,0,-6
420,110,0,-6
375,210,0,-8
37,55,0,-1
255,11,0,-3
485,223,0,-10
429,239,0,-1
200,273,0,-7
154,314,0,-2
65,233,0,-6
329,444,0,-8
140,100,0,-10
395,312,0,-4
61,270,0,-7
168,161,0,-2
53,290,0,-2
453,443,0,-3
476,113,0,-3
176,343,0,-6
201,262,0,-4
107,368,0,-7
476,471,0,-8
13,323,0,-2
229,284,0,-9
487,79,0,-8
12,369,0,-9
401,149,0,-1
447,170,0,-7
485,20,0,-8
432,105,0,-7
327,353,0,-4
377,439,0,-9
220,449,0,-10
266,9,0,-7
378,24,0,-8
487,265,0,-1
312,353,0,-4
188,99,0,-3
3,380,0,-8
278,246,0,-2
408,394,0,-9
473,130,0,-1
199,344,0,-3
91,6,0,-5
236,356,0,-2
287,318,0,-6
401,146,0,-1
435,293,0,-8
252,1,0,-2
120,352,0,-5
495,136,0,-8
60,90,0,-9
118,288,0,-3
341,207,0,-4
239,426,0,-7
353,256,0,-1
64,262,0,-6
171,9,0,-10
143,400,0,-1
251,167,0,-6
174,217,0,-5
420,9,0,-4
350,303,0,-6
180,168,0,-5
337,116,0,-1
133,345,0,-6
125,319,0,-5
179,120,0,-5
419,412,0,-2
485,262,0,-10
285,119,0,-9
222,59,0,-8
409,234,0,-9
476,61,0,-2
21,278,0,-7
383,138,0,-3
252,318,0,-3
147,80,0,-5
415,117,0,-6
279,238,0,-6
73,315,0,-1
59,147,0,-3
369,297,0,-10
76,79,0,-6
253,178,0,-9
352,283,0,-5
40,132,0,-10
88,90,0,-3
300,298,0,-2
99,244,0,-6
72,89,0,-4
204,456,0,-10
363,334,0,-7
316,290,0,-10
460,44,0,-1
241,373,0,-2
126,455,0,-5
19,363,0,-5
44,361,0,-9
365,195,0,-8
102,248,0,-8
16,479,0,-8
45,227,0,-1
473,422,0,-5
427,55,0,-3
431,239,0,-7
385,493,0,-9
59,490,0,-1
334,203,0,-8
88,37,0,-6
175,463,0,-9
78,175,0,-9
203,71,0,-6
376,436,0,-2
336,27,0,-6
