3,1003,0,1
5,1005,0,1
8,1008,0,6
9,1009,0,3
15,1015,0,6
16,1016,0,2
29,1029,0,1
35,1035,0,6
37,1037,0,4
44,1044,0,6
49,1049,0,7
51,1051,0,9
68,1068,0,6
72,1072,0,6
74,1074,0,1
76,1076,0,7
78,1078,0,9
79,1079,0,8
81,1081,0,7
83,1083,0,8
94,1094,0,5
100,1100,0,6
117,1117,0,1
120,1120,0,5
126,1126,0,1
143,1143,0,4
148,1148,0,1
149,1149,0,7
163,1163,0,1
173,1173,0,2
182,1182,0,8
190,1190,0,8
194,1194,0,3
195,1195,0,6
210,1210,0,2
212,1212,0,9
213,1213,0,7
218,1218,0,7
227,1227,0,6
241,1241,0,1
243,1243,0,2
245,1245,0,4
253,1253,0,7
256,1256,0,3
258,1258,0,4
260,1260,0,5
266,1266,0,1
268,1268,0,3
271,1271,0,5
279,1279,0,7
289,1289,0,8
301,1301,0,3
317,1317,0,8
339,1339,0,1
343,1343,0,1
348,1348,0,2
357,1357,0,6
369,1369,0,3
371,1371,0,4
384,1384,0,4
388,1388,0,2
389,1389,0,7
390,1390,0,7
393,1393,0,5
394,1394,0,4
403,1403,0,5
408,1408,0,4
409,1409,0,1
416,1416,0,7
419,1419,0,9
430,1430,0,2
435,1435,0,3
445,1445,0,6
448,1448,0,8
455,1455,0,9
461,1461,0,3
462,1462,0,5
488,1488,0,4
490,1490,0,6
497,1497,0,4
502,1502,0,9
506,1506,0,3
515,1515,0,9
518,1518,0,4
521,1521,0,4
523,1523,0,9
527,1527,0,1
534,1534,0,7
536,1536,0,3
537,1537,0,8
548,1548,0,1
562,1562,0,3
566,1566,0,8
577,1577,0,4
581,1581,0,6
587,1587,0,3
593,1593,0,5
599,1599,0,5
609,1609,0,7
611,1611,0,6
616,1616,0,2
617,1617,0,9
621,1621,0,1
631,1631,0,2
638,1638,0,9
651,1651,0,6
658,1658,0,3
671,1671,0,7
672,1672,0,3
673,1673,0,9
680,1680,0,6
682,1682,0,1
683,1683,0,5
686,1686,0,8
699,1699,0,3
701,1701,0,5
709,1709,0,8
725,1725,0,1
727,1727,0,8
728,1728,0,7
733,1733,0,3
739,1739,0,6
740,1740,0,1
744,1744,0,9
745,1745,0,9
748,1748,0,3
754,1754,0,3
765,1765,0,1
794,1794,0,6
802,1802,0,7
804,1804,0,8
807,1807,0,8
816,1816,0,9
835,1835,0,3
836,1836,0,7
837,1837,0,8
839,1839,0,6
844,1844,0,9
857,1857,0,9
862,1862,0,2
868,1868,0,7
869,1869,0,8
874,1874,0,6
876,1876,0,6
891,1891,0,4
896,1896,0,6
905,1905,0,2
908,1908,0,4
914,1914,0,9
919,1919,0,3
924,1924,0,5
929,1929,0,4
930,1930,0,1
934,1934,0,8
935,1935,0,4
940,1940,0,5
957,1957,0,9
959,1959,0,3
962,1962,0,7
969,1969,0,9
972,1972,0,1
977,1977,0,1
979,1979,0,8
982,1982,0,4
989,1989,0,8
993,1993,0,7
999,1999,0,7
222,816,0,-5
525,816,0,-9
667,525,0,-1
849,667,0,-8
525,471,0,-3
849,205,0,-3
889,471,0,-6
16,816,0,-5
16,390,0,-1
280,667,0,-5
540,525,0,-10
540,878,0,-4
849,50,0,-4
32,222,0,-5
849,708,0,-9
525,734,0,-8
819,16,0,-2
889,848,0,-3
848,64,0,-9
956,64,0,-8
948,222,0,-4
816,428,0,-2
696,734,0,-4
734,210,0,-3
280,803,0,-8
696,538,0,-1
538,386,0,-4
354,280,0,-9
276,819,0,-8
541,816,0,-1
326,541,0,-8
418,64,0,-4
464,538,0,-1
878,938,0,-10
878,564,0,-5
418,130,0,-10
333,471,0,-7
816,426,0,-7
956,756,0,-5
816,551,0,-2
616,276,0,-10
661,541,0,-8
901,756,0,-10
878,686,0,-2
708,743,0,-10
661,400,0,-1
471,89,0,-4
89,10,0,-3
956,313,0,-5
59,551,0,-7
819,357,0,-5
356,428,0,-5
395,734,0,-2
126,878,0,-6
816,26,0,-2
938,201,0,-4
686,215,0,-8
237,333,0,-9
694,525,0,-2
526,237,0,-5
677,667,0,-1
32,135,0,-7
502,395,0,-4
366,551,0,-7
134,540,0,-10
734,989,0,-3
419,280,0,-4
84,743,0,-10
428,683,0,-4
276,264,0,-8
326,408,0,-2
319,395,0,-5
817,280,0,-10
370,901,0,-5
84,790,0,-5
961,683,0,-8
881,743,0,-9
557,84,0,-9
540,970,0,-2
557,367,0,-3
357,799,0,-5
326,191,0,-7
126,988,0,-4
799,106,0,-6
694,148,0,-1
616,504,0,-5
686,863,0,-2
677,874,0,-3
150,557,0,-6
326,967,0,-10
419,865,0,-1
26,607,0,-6
599,148,0,-9
708,446,0,-7
557,774,0,-10
326,159,0,-2
314,881,0,-4
987,16,0,-5
468,314,0,-1
180,686,0,-1
158,191,0,-7
824,446,0,-7
418,887,0,-6
126,269,0,-8
84,69,0,-2
428,160,0,-3
797,961,0,-2
159,749,0,-4
734,284,0,-7
525,876,0,-6
631,418,0,-9
616,472,0,-1
541,2,0,-1
421,538,0,-7
134,861,0,-7
646,774,0,-4
848,562,0,-5
150,977,0,-10
548,205,0,-7
541,194,0,-6
548,303,0,-9
607,51,0,-5
616,768,0,-8
790,528,0,-4
264,508,0,-6
889,254,0,-3
210,937,0,-2
276,610,0,-5
824,641,0,-7
382,977,0,-5
876,729,0,-7
924,468,0,-4
924,530,0,-9
464,509,0,-7
216,201,0,-7
504,275,0,-1
658,989,0,-1
333,958,0,-6
393,148,0,-3
328,970,0,-2
222,800,0,-10
816,917,0,-5
314,833,0,-5
395,261,0,-3
788,502,0,-9
158,378,0,-1
297,194,0,-6
113,774,0,-3
968,313,0,-7
984,158,0,-4
540,628,0,-2
378,852,0,-8
50,596,0,-1
290,667,0,-10
995,683,0,-1
16,279,0,-7
239,548,0,-3
254,142,0,-8
528,423,0,-1
232,148,0,-10
228,917,0,-5
504,248,0,-7
567,968,0,-10
692,878,0,-3
448,222,0,-4
927,557,0,-5
734,153,0,-4
635,774,0,-3
862,426,0,-4
661,171,0,-4
180,809,0,-8
504,892,0,-5
653,357,0,-2
887,872,0,-9
905,418,0,-4
934,661,0,-3
798,816,0,-9
70,889,0,-1
889,76,0,-2
89,119,0,-5
357,165,0,-5
319,272,0,-4
165,759,0,-7
298,261,0,-3
279,145,0,-7
94,628,0,-5
135,235,0,-8
746,759,0,-8
297,324,0,-3
635,957,0,-4
213,961,0,-7
290,655,0,-2
517,84,0,-3
566,517,0,-3
438,471,0,-4
40,438,0,-6
61,833,0,-9
538,431,0,-7
934,91,0,-6
765,235,0,-7
814,390,0,-10
158,575,0,-4
215,663,0,-1
166,239,0,-3
682,848,0,-3
945,159,0,-5
378,572,0,-3
150,864,0,-4
696,38,0,-1
275,156,0,-10
812,819,0,-8
784,682,0,-2
994,852,0,-7
824,703,0,-8
113,396,0,-1
435,551,0,-1
159,932,0,-6
370,137,0,-2
413,852,0,-4
169,540,0,-3
279,582,0,-6
478,635,0,-2
59,545,0,-6
809,463,0,-9
324,632,0,-5
983,878,0,-1
396,373,0,-2
763,599,0,-3
575,964,0,-4
202,51,0,-1
275,140,0,-5
150,847,0,-1
987,118,0,-3
214,968,0,-3
745,987,0,-2
214,715,0,-3
12,861,0,-6
699,696,0,-7
658,17,0,-4
165,499,0,-7
3,677,0,-10
548,417,0,-1
370,979,0,-2
362,847,0,-3
446,289,0,-1
906,798,0,-10
906,21,0,-6
856,655,0,-10
437,153,0,-7
664,788,0,-1
369,599,0,-7
423,771,0,-1
881,714,0,-9
358,205,0,-1
279,105,0,-4
655,110,0,-5
396,926,0,-5
646,52,0,-9
385,214,0,-2
370,60,0,-4
429,682,0,-5
177,865,0,-9
759,43,0,-2
423,186,0,-8
605,995,0,-7
98,664,0,-9
791,663,0,-4
144,938,0,-7
284,993,0,-7
504,550,0,-7
885,566,0,-4
500,824,0,-9
16,125,0,-6
985,759,0,-1
990,89,0,-9
101,917,0,-2
48,84,0,-1
994,453,0,-4
855,989,0,-7
119,266,0,-8
298,249,0,-2
289,312,0,-2
180,679,0,-2
474,729,0,-5
835,110,0,-10
464,893,0,-2
800,758,0,-6
696,493,0,-1
485,232,0,-6
622,313,0,-10
742,758,0,-4
707,990,0,-1
258,881,0,-5
101,786,0,-8
735,956,0,-7
948,339,0,-4
679,638,0,-1
324,839,0,-7
174,661,0,-9
767,970,0,-4
85,314,0,-5
83,169,0,-9
677,71,0,-10
187,616,0,-8
490,91,0,-8
510,101,0,-1
855,377,0,-2
893,480,0,-4
658,944,0,-3
119,167,0,-3
539,280,0,-9
490,329,0,-1
906,558,0,-1
631,617,0,-4
812,304,0,-10
277,2,0,-7
281,889,0,-5
779,471,0,-2
101,811,0,-9
779,543,0,-2
110,914,0,-10
914,402,0,-3
487,21,0,-6
179,749,0,-9
749,338,0,-5
847,762,0,-10
444,373,0,-8
857,303,0,-10
179,563,0,-8
169,739,0,-4
805,59,0,-8
945,82,0,-9
768,884,0,-4
234,938,0,-9
767,636,0,-8
417,1,0,-3
964,81,0,-10
9,145,0,-7
321,528,0,-10
440,856,0,-1
545,359,0,-7
997,438,0,-2
898,968,0,-9
833,287,0,-3
599,738,0,-8
855,445,0,-3
991,423,0,-7
564,285,0,-3
119,859,0,-7
498,646,0,-2
735,998,0,-6
398,357,0,-1
639,995,0,-10
629,59,0,-7
931,395,0,-7
635,72,0,-9
481,313,0,-4
779,4,0,-9
269,7,0,-5
496,438,0,-8
106,611,0,-8
568,177,0,-9
842,400,0,-1
371,956,0,-5
299,165,0,-6
298,524,0,-5
122,661,0,-6
916,98,0,-3
369,929,0,-5
967,300,0,-6
812,678,0,-9
116,964,0,-3
61,392,0,-8
684,641,0,-3
302,638,0,-10
762,380,0,-2
338,252,0,-2
535,202,0,-4
297,882,0,-3
648,38,0,-6
597,356,0,-3
569,817,0,-10
584,191,0,-7
86,749,0,-7
457,557,0,-2
454,803,0,-4
86,612,0,-8
208,543,0,-4
120,628,0,-9
105,456,0,-10
673,453,0,-8
537,664,0,-8
222,823,0,-2
283,51,0,-8
480,946,0,-7
434,763,0,-9
395,726,0,-9
636,972,0,-4
977,813,0,-3
680,490,0,-7
842,750,0,-6
142,556,0,-4
750,163,0,-4
106,306,0,-2
519,471,0,-3
686,99,0,-8
811,305,0,-6
902,235,0,-8
603,628,0,-4
614,167,0,-2
610,928,0,-5
443,396,0,-5
232,586,0,-7
598,537,0,-5
7,747,0,-5
794,967,0,-6
232,969,0,-6
618,239,0,-8
171,706,0,-6
989,832,0,-3
233,629,0,-6
114,791,0,-9
526,132,0,-9
955,703,0,-10
512,508,0,-4
301,856,0,-4
732,248,0,-10
327,275,0,-1
194,591,0,-10
24,663,0,-1
832,251,0,-10
539,903,0,-3
149,811,0,-7
610,365,0,-7
737,813,0,-10
628,594,0,-10
620,126,0,-2
251,579,0,-9
13,289,0,-3
7,200,0,-10
648,451,0,-4
681,759,0,-4
165,349,0,-4
886,569,0,-9
913,373,0,-2
499,121,0,-1
867,304,0,-4
602,594,0,-3
690,70,0,-8
955,115,0,-1
62,160,0,-4
106,107,0,-2
769,681,0,-2
458,142,0,-1
408,555,0,-5
348,496,0,-8
208,475,0,-10
544,617,0,-4
979,727,0,-5
971,327,0,-3
879,528,0,-2
404,823,0,-2
813,469,0,-6
412,961,0,-4
859,447,0,-10
915,955,0,-2
43,772,0,-8
971,450,0,-4
667,409,0,-9
840,566,0,-8
836,365,0,-2
437,8,0,-10
456,316,0,-10
513,539,0,-4
557,212,0,-5
958,25,0,-7
872,895,0,-5
733,555,0,-5
386,904,0,-8
243,811,0,-9
147,413,0,-10
277,262,0,-9
448,403,0,-10
700,386,0,-4
277,170,0,-10
851,378,0,-7
470,548,0,-10
818,759,0,-5
545,49,0,-2
974,612,0,-2
90,893,0,-9
606,605,0,-1
508,308,0,-2
595,977,0,-6
236,349,0,-8
860,64,0,-3
943,648,0,-4
839,226,0,-2
599,577,0,-3
345,851,0,-2
230,603,0,-6
194,503,0,-4
207,222,0,-2
554,297,0,-6
91,601,0,-1
747,274,0,-6
676,451,0,-5
939,243,0,-9
671,158,0,-4
514,171,0,-2
564,785,0,-5
142,397,0,-5
464,57,0,-8
900,490,0,-2
649,367,0,-8
323,678,0,-4
682,74,0,-10
225,16,0,-2
136,584,0,-7
788,224,0,-4
623,762,0,-1
22,577,0,-5
156,950,0,-3
981,502,0,-9
385,780,0,-10
298,484,0,-7
395,260,0,-2
993,183,0,-2
999,423,0,-8
455,970,0,-5
593,233,0,-8
586,693,0,-5
427,824,0,-3
594,353,0,-9
699,625,0,-10
235,157,0,-9
352,727,0,-4
203,290,0,-10
781,205,0,-6
502,342,0,-3
624,767,0,-6
119,100,0,-1
609,261,0,-2
313,752,0,-7
681,414,0,-6
822,924,0,-9
138,235,0,-6
853,991,0,-2
559,435,0,-4
285,218,0,-5
35,230,0,-6
636,753,0,-1
385,433,0,-10
478,627,0,-7
339,155,0,-3
394,979,0,-4
580,370,0,-5
644,224,0,-4
549,443,0,-5
901,578,0,-1
302,108,0,-7
787,126,0,-7
66,158,0,-6
582,642,0,-10
462,727,0,-4
974,178,0,-2
130,143,0,-2
4,311,0,-7
395,843,0,-10
376,948,0,-6
837,629,0,-5
398,546,0,-8
252,933,0,-1
68,738,0,-5
757,378,0,-10
534,403,0,-3
123,812,0,-2
235,922,0,-2
375,434,0,-3
701,569,0,-10
323,783,0,-7
100,346,0,-6
362,67,0,-6
980,931,0,-4
634,375,0,-2
574,508,0,-8
69,992,0,-4
176,733,0,-1
892,95,0,-5
679,407,0,-7
266,870,0,-8
364,994,0,-6
504,589,0,-7
491,797,0,-2
302,11,0,-10
66,103,0,-5
139,769,0,-3
698,358,0,-7
77,984,0,-2
828,72,0,-6
60,869,0,-8
353,127,0,-8
854,373,0,-6
850,470,0,-9
557,827,0,-5
330,38,0,-8
424,906,0,-6
118,808,0,-9
587,311,0,-8
861,221,0,-8
808,592,0,-6
640,370,0,-7
386,894,0,-4
945,387,0,-1
740,878,0,-8
681,561,0,-10
440,483,0,-1
724,768,0,-8
218,506,0,-1
655,33,0,-2
441,848,0,-5
805,88,0,-4
427,973,0,-8
611,581,0,-6
411,562,0,-5
187,184,0,-1
195,226,0,-5
420,715,0,-4
958,633,0,-8
806,62,0,-1
44,768,0,-7
899,380,0,-3
751,77,0,-6
551,192,0,-9
516,707,0,-5
20,578,0,-4
580,344,0,-6
126,795,0,-10
120,430,0,-8
603,343,0,-3
959,398,0,-6
662,631,0,-5
341,768,0,-8
541,415,0,-5
812,286,0,-10
18,314,0,-6
730,616,0,-9
536,149,0,-6
340,822,0,-5
730,193,0,-7
75,319,0,-10
752,583,0,-7
460,450,0,-9
340,801,0,-10
852,384,0,-7
670,440,0,-5
820,281,0,-4
413,112,0,-6
659,126,0,-6
95,442,0,-7
347,580,0,-4
308,844,0,-5
225,656,0,-8
946,660,0,-3
391,142,0,-5
916,542,0,-5
157,523,0,-8
725,673,0,-3
766,304,0,-4
736,147,0,-8
29,738,0,-5
309,25,0,-2
888,753,0,-9
763,271,0,-8
634,717,0,-6
695,462,0,-7
508,246,0,-10
256,567,0,-2
293,462,0,-9
841,340,0,-9
363,301,0,-2
93,946,0,-4
360,995,0,-1
870,777,0,-1
982,8,0,-4
939,527,0,-4
920,274,0,-2
579,164,0,-8
582,691,0,-6
62,775,0,-2
109,542,0,-10
400,466,0,-4
27,950,0,-4
755,1,0,-10
790,891,0,-8
120,792,0,-10
585,994,0,-7
423,489,0,-1
718,755,0,-1
200,152,0,-3
815,516,0,-1
539,963,0,-7
188,75,0,-7
697,256,0,-6
285,716,0,-3
81,78,0,-2
668,215,0,-7
755,36,0,-3
452,305,0,-4
224,117,0,-1
719,799,0,-9
133,724,0,-9
383,597,0,-7
801,910,0,-8
259,534,0,-10
161,822,0,-1
865,560,0,-2
296,944,0,-5
241,632,0,-8
688,338,0,-4
521,252,0,-4
685,575,0,-1
355,768,0,-6
953,248,0,-8
139,104,0,-10
507,143,0,-9
904,689,0,-7
782,348,0,-5
702,752,0,-7
175,899,0,-7
96,991,0,-8
26,124,0,-1
389,195,0,-10
32,172,0,-6
182,550,0,-2
626,535,0,-10
954,644,0,-2
861,494,0,-5
90,372,0,-1
501,855,0,-6
229,811,0,-7
605,710,0,-5
367,189,0,-3
833,834,0,-7
174,776,0,-2
282,938,0,-6
527,497,0,-5
102,404,0,-5
361,689,0,-9
34,264,0,-6
511,504,0,-1
986,906,0,-7
742,6,0,-2
72,351,0,-4
302,793,0,-5
803,529,0,-9
8,14,0,-10
552,939,0,-10
194,533,0,-9
608,670,0,-7
904,492,0,-10
533,619,0,-1
588,743,0,-4
276,473,0,-10
482,860,0,-10
339,185,0,-2
318,330,0,-7
263,987,0,-9
976,750,0,-7
83,245,0,-7
170,760,0,-3
907,724,0,-5
63,456,0,-10
774,41,0,-9
258,731,0,-3
858,380,0,-2
897,191,0,-3
532,516,0,-5
996,717,0,-7
40,669,0,-6
428,590,0,-4
857,45,0,-4
190,11,0,-10
350,51,0,-10
821,502,0,-2
117,712,0,-6
54,316,0,-6
122,273,0,-10
537,247,0,-10
238,817,0,-3
311,672,0,-5
325,81,0,-5
129,271,0,-4
912,156,0,-4
18,307,0,-1
777,936,0,-4
125,845,0,-4
572,317,0,-8
609,880,0,-8
522,499,0,-5
651,638,0,-10
600,434,0,-9
153,479,0,-10
231,580,0,-6
711,176,0,-6
37,157,0,-3
40,890,0,-4
211,462,0,-9
217,538,0,-6
765,654,0,-1
533,919,0,-6
451,199,0,-3
789,269,0,-3
667,921,0,-3
82,652,0,-1
209,52,0,-10
111,755,0,-6
930,649,0,-8
105,80,0,-7
183,960,0,-6
327,173,0,-5
422,243,0,-4
949,68,0,-2
365,871,0,-3
573,991,0,-3
220,402,0,-10
966,259,0,-3
607,565,0,-3
329,331,0,-6
723,792,0,-3
725,31,0,-1
555,196,0,-6
886,334,0,-8
578,621,0,-10
19,7,0,-3
843,416,0,-7
507,294,0,-1
424,941,0,-7
832,761,0,-6
283,630,0,-9
946,713,0,-8
388,719,0,-10
598,46,0,-9
92,691,0,-7
586,978,0,-9
588,335,0,-8
66,515,0,-1
909,172,0,-5
16,265,0,-4
413,461,0,-10
958,15,0,-3
657,396,0,-8
741,164,0,-9
636,838,0,-5
168,642,0,-5
940,617,0,-4
39,938,0,-5
786,744,0,-7
810,109,0,-1
507,935,0,-1
541,666,0,-5
944,53,0,-4
204,554,0,-4
451,951,0,-3
877,262,0,-1
394,896,0,-10
804,798,0,-3
477,285,0,-5
410,540,0,-7
553,472,0,-10
615,702,0,-1
743,505,0,-10
985,292,0,-7
975,93,0,-1
674,841,0,-3
715,154,0,-6
532,722,0,-7
88,5,0,-10
883,254,0,-7
379,167,0,-6
266,30,0,-10
700,720,0,-6
570,589,0,-3
609,925,0,-6
408,146,0,-9
258,219,0,-3
368,161,0,-5
756,650,0,-7
965,976,0,-4
322,813,0,-2
90,518,0,-9
952,925,0,-1
886,197,0,-7
613,355,0,-8
23,45,0,-3
748,114,0,-4
729,181,0,-1
564,459,0,-6
839,643,0,-7
802,165,0,-3
261,449,0,-1
365,288,0,-4
703,604,0,-8
455,908,0,-3
366,873,0,-7
641,244,0,-3
278,959,0,-10
734,79,0,-5
408,332,0,-6
177,866,0,-7
257,587,0,-8
696,754,0,-1
139,250,0,-8
833,255,0,-2
267,361,0,-7
17,291,0,-7
127,1000,0,-9
488,244,0,-1
141,713,0,-8
476,190,0,-5
326,721,0,-4
717,42,0,-4
953,807,0,-8
915,825,0,-5
859,709,0,-3
764,537,0,-5
983,47,0,-9
198,607,0,-1
446,826,0,-5
486,160,0,-9
635,465,0,-4
495,366,0,-8
733,73,0,-4
778,943,0,-6
322,406,0,-6
49,320,0,-4
432,10,0,-3
179,439,0,-8
242,134,0,-4
688,65,0,-4
790,773,0,-3
23,401,0,-4
521,830,0,-6
315,777,0,-8
131,404,0,-7
412,374,0,-8
696,547,0,-6
79,227,0,-3
796,508,0,-4
543,310,0,-1
832,923,0,-1
140,918,0,-6
237,336,0,-3
762,151,0,-6
356,467,0,-9
664,436,0,-3
270,161,0,-4
868,233,0,-3
506,675,0,-1
705,768,0,-4
728,167,0,-1
657,399,0,-3
137,240,0,-2
846,698,0,-2
737,875,0,-7
849,531,0,-2
571,59,0,-10
198,28,0,-8
58,744,0,-10
940,295,0,-8
637,224,0,-6
398,687,0,-3
240,704,0,-5
235,576,0,-3
93,128,0,-6
523,942,0,-6
482,829,0,-3
566,425,0,-1
407,911,0,-10
87,722,0,-9
654,770,0,-10
238,55,0,-6
740,645,0,-1
381,743,0,-1
16,831,0,-7
556,253,0,-3
162,717,0,-1
242,337,0,-10
220,97,0,-6
223,550,0,-8
112,665,0,-5
647,571,0,-5
791,268,0,-8
726,56,0,-3
690,206,0,-2
405,836,0,-9
566,962,0,-4
520,961,0,-5
947,493,0,-2
750,413,0,-7
362,302,0,-3
665,965,0,-6
372,976,0,-2
977,568,0,-6
103,487,0,-8
96,8,0,-1
710,460,0,-2
424,555,0,-1
684,224,0,-10
393,143,0,-9
946,56,0,-7
555,978,0,-7
385,36,0,-9
943,274,0,-5
65,334,0,-9
360,943,0,-9
471,408,0,-10
584,789,0,-6
717,101,0,-7
834,858,0,-1
783,729,0,-1
797,215,0,-1
91,399,0,-5
920,253,0,-3
651,626,0,-6
484,917,0,-1
837,82,0,-7
678,552,0,-9
470,432,0,-10
514,105,0,-1
247,84,0,-7
164,281,0,-8
446,80,0,-8
815,777,0,-6
731,878,0,-1
735,26,0,-6
549,164,0,-10
733,587,0,-7
699,655,0,-2
189,660,0,-6
342,958,0,-3
926,611,0,-3
243,149,0,-4
363,407,0,-9
625,643,0,-9
421,37,0,-4
745,856,0,-3
834,895,0,-8
47,675,0,-9
981,264,0,-4
435,540,0,-7
275,545,0,-7
140,70,0,-8
958,700,0,-3
806,577,0,-2
219,825,0,-8
591,372,0,-7
835,800,0,-3
2,818,0,-1
708,683,0,-9
776,162,0,-4
94,71,0,-8
284,683,0,-10
99,960,0,-10
138,399,0,-3
630,578,0,-6
383,94,0,-6
500,920,0,-3
416,658,0,-6
27,152,0,-7
110,225,0,-9
550,21,0,-3
112,786,0,-5
635,237,0,-1
508,4,0,-9
79,383,0,-7
10,881,0,-6
958,966,0,-1
895,551,0,-9
295,607,0,-4
859,131,0,-3
509,591,0,-6
489,483,0,-3
192,904,0,-5
111,391,0,-7
623,124,0,-7
331,159,0,-2
769,50,0,-8
343,857,0,-6
881,657,0,-8
661,769,0,-7
63,468,0,-9
990,385,0,-10
661,261,0,-5
887,702,0,-9
27,340,0,-3
292,455,0,-3
64,870,0,-7
20,308,0,-8
769,832,0,-5
864,213,0,-7
82,764,0,-2
786,126,0,-4
688,437,0,-9
686,113,0,-3
688,981,0,-10
439,412,0,-8
717,423,0,-10
188,213,0,-10
702,554,0,-10
899,713,0,-4
327,303,0,-6
671,50,0,-10
182,254,0,-8
930,872,0,-9
433,28,0,-3
855,74,0,-8
63,495,0,-1
412,668,0,-6
82,710,0,-4
713,886,0,-9
290,225,0,-8
807,143,0,-3
276,736,0,-3
760,989,0,-9
214,605,0,-4
991,881,0,-5
703,127,0,-4
229,575,0,-1
186,685,0,-2
763,292,0,-1
209,231,0,-3
386,134,0,-9
636,313,0,-10
663,654,0,-4
890,975,0,-2
927,678,0,-3
235,457,0,-6
660,593,0,-5
442,763,0,-4
900,305,0,-6
678,847,0,-3
726,406,0,-7
463,33,0,-3
762,185,0,-2
117,127,0,-7
310,473,0,-10
525,997,0,-3
708,55,0,-8
61,158,0,-3
766,759,0,-8
769,988,0,-5
643,619,0,-10
739,132,0,-3
496,434,0,-2
404,409,0,-10
490,257,0,-9
322,886,0,-1
199,921,0,-8
716,918,0,-7
975,827,0,-6
287,385,0,-9
236,686,0,-2
959,34,0,-1
456,743,0,-1
505,434,0,-3
761,902,0,-4
883,916,0,-8
574,632,0,-6
713,119,0,-3
541,359,0,-5
728,95,0,-10
887,510,0,-5
985,564,0,-3
963,849,0,-10
429,107,0,-1
703,448,0,-7
155,683,0,-2
867,531,0,-8
801,411,0,-7
990,969,0,-4
987,757,0,-3
797,671,0,-7
826,13,0,-7
701,973,0,-2
974,761,0,-2
8,715,0,-5
255,462,0,-8
662,801,0,-10
198,157,0,-2
803,133,0,-3
937,488,0,-3
78,265,0,-7
511,786,0,-8
351,40,0,-9
77,615,0,-10
992,218,0,-4
791,6,0,-9
131,721,0,-2
565,393,0,-9
6,761,0,-6
164,292,0,-5
210,25,0,-9
150,252,0,-7
129,750,0,-6
258,304,0,-7
319,829,0,-8
292,728,0,-2
715,227,0,-5
1000,539,0,-2
396,694,0,-7
662,381,0,-6
634,190,0,-3
638,767,0,-10
272,204,0,-8
440,639,0,-2
164,887,0,-10
122,218,0,-7
49,246,0,-9
719,488,0,-9
615,50,0,-3
779,258,0,-2
822,851,0,-3
672,6,0,-9
543,1,0,-7
726,780,0,-2
639,131,0,-3
712,652,0,-4
498,858,0,-3
985,752,0,-2
482,126,0,-8
446,104,0,-9
620,575,0,-1
261,775,0,-2
874,815,0,-9
954,408,0,-8
223,398,0,-9
655,567,0,-2
653,482,0,-9
8,597,0,-4
631,869,0,-4
707,841,0,-3
720,989,0,-10
907,648,0,-8
261,849,0,-7
817,940,0,-3
869,372,0,-8
48,39,0,-4
961,614,0,-5
753,167,0,-5
743,913,0,-4
343,886,0,-2
443,690,0,-3
142,102,0,-4
995,784,0,-1
722,116,0,-9
617,559,0,-3
276,151,0,-5
216,920,0,-2
558,957,0,-1
592,72,0,-3
126,383,0,-7
345,557,0,-6
463,174,0,-2
978,227,0,-8
48,750,0,-8
333,442,0,-9
40,201,0,-9
428,565,0,-5
240,953,0,-10
503,718,0,-2
615,246,0,-7
574,659,0,-9
641,576,0,-4
217,689,0,-1
145,399,0,-2
855,862,0,-4
723,112,0,-6
486,791,0,-2
483,31,0,-6
273,643,0,-4
665,841,0,-4
514,57,0,-4
469,793,0,-7
673,409,0,-4
956,342,0,-2
879,21,0,-9
86,208,0,-2
481,821,0,-1
878,927,0,-3
173,349,0,-6
824,245,0,-2
299,306,0,-5
774,365,0,-2
146,555,0,-6
728,961,0,-1
839,63,0,-8
138,677,0,-10
372,77,0,-3
158,904,0,-8
277,439,0,-4
625,43,0,-3
503,820,0,-4
428,743,0,-3
368,636,0,-8
783,398,0,-3
586,383,0,-8
210,733,0,-3
114,468,0,-10
110,193,0,-8
619,737,0,-9
317,87,0,-6
142,937,0,-2
746,142,0,-8
451,526,0,-8
352,796,0,-6
473,126,0,-3
257,278,0,-9
821,811,0,-2
319,655,0,-2
310,948,0,-4
567,5,0,-5
316,432,0,-10
821,450,0,-4
726,213,0,-3
772,382,0,-7
589,810,0,-7
729,730,0,-10
633,71,0,-8
404,961,0,-7
286,448,0,-3
408,381,0,-3
617,745,0,-3
557,38,0,-7
828,409,0,-7
750,21,0,-5
710,629,0,-2
300,218,0,-6
103,237,0,-2
686,917,0,-4
34,910,0,-2
925,166,0,-9
725,53,0,-4
627,902,0,-9
670,77,0,-9
122,76,0,-9
295,646,0,-6
997,96,0,-7
846,790,0,-6
267,793,0,-4
974,262,0,-8
680,109,0,-10
341,835,0,-8
982,3,0,-10
865,447,0,-1
643,708,0,-1
293,263,0,-4
279,168,0,-1
722,693,0,-7
401,436,0,-1
787,682,0,-6
412,898,0,-2
128,964,0,-2
136,838,0,-1
608,45,0,-10
456,532,0,-3
802,500,0,-4
662,116,0,-3
577,748,0,-1
133,459,0,-3
358,929,0,-7
848,411,0,-5
338,553,0,-9
161,28,0,-2
638,874,0,-4
202,343,0,-4
263,416,0,-8
39,134,0,-10
538,286,0,-6
39,801,0,-2
262,57,0,-8
410,92,0,-9
684,136,0,-10
721,786,0,-5
294,832,0,-8
799,267,0,-7
776,221,0,-5
989,795,0,-2
862,544,0,-10
384,173,0,-2
336,326,0,-8
227,962,0,-3
952,185,0,-6
504,912,0,-2
850,351,0,-5
836,32,0,-7
957,792,0,-1
757,729,0,-8
939,986,0,-8
743,988,0,-4
870,611,0,-6
861,154,0,-7
862,765,0,-4
748,469,0,-10
446,321,0,-3
39,179,0,-1
881,644,0,-9
26,486,0,-10
327,256,0,-2
650,879,0,-7
116,567,0,-2
149,544,0,-8
990,228,0,-10
469,886,0,-6
696,521,0,-7
643,334,0,-5
748,983,0,-7
537,563,0,-8
125,566,0,-2
7,394,0,-3
49,333,0,-1
364,179,0,-4
693,48,0,-3
595,444,0,-10
676,157,0,-5
779,998,0,-5
27,931,0,-2
556,805,0,-4
848,656,0,-5
384,106,0,-5
816,15,0,-1
569,923,0,-2
18,95,0,-1
966,749,0,-4
719,922,0,-9
318,565,0,-3
650,897,0,-1
831,770,0,-8
313,528,0,-6
19,719,0,-2
426,28,0,-7
680,738,0,-8
663,213,0,-8
951,434,0,-3
135,456,0,-9
884,43,0,-9
194,407,0,-8
425,270,0,-8
464,782,0,-7
771,486,0,-5
581,846,0,-2
160,181,0,-5
757,431,0,-9
576,871,0,-2
586,266,0,-9
430,668,0,-6
531,907,0,-6
950,359,0,-7
159,542,0,-5
824,943,0,-2
586,110,0,-6
372,538,0,-2
782,248,0,-9
961,519,0,-3
532,597,0,-3
483,607,0,-5
393,848,0,-2
485,652,0,-10
486,689,0,-1
333,993,0,-6
101,209,0,-7
49,937,0,-8
882,503,0,-7
994,997,0,-9
359,535,0,-2
458,328,0,-6
378,217,0,-3
190,684,0,-4
661,138,0,-7
707,3,0,-10
673,439,0,-8
726,564,0,-4
954,691,0,-10
91,750,0,-8
898,256,0,-10
997,357,0,-9
721,705,0,-4
80,546,0,-9
697,939,0,-8
111,255,0,-1
551,99,0,-7
90,369,0,-1
933,284,0,-10
620,871,0,-8
477,23,0,-5
10,241,0,-2
512,806,0,-5
44,219,0,-6
539,788,0,-3
305,248,0,-7
320,566,0,-10
965,336,0,-1
15,80,0,-4
207,805,0,-2
835,6,0,-5
43,996,0,-10
343,66,0,-4
17,437,0,-9
421,44,0,-1
599,730,0,-5
582,771,0,-3
446,434,0,-6
303,668,0,-5
267,71,0,-6
817,850,0,-1
524,362,0,-1
330,718,0,-4
395,649,0,-3
434,42,0,-8
482,674,0,-9
996,427,0,-3
378,49,0,-4
770,788,0,-4
686,660,0,-9
159,84,0,-4
799,949,0,-4
201,393,0,-7
864,560,0,-7
108,3,0,-8
307,115,0,-7
919,460,0,-3
110,343,0,-2
128,352,0,-10
520,785,0,-7
58,825,0,-3
348,102,0,-2
755,652,0,-3
210,528,0,-5
711,830,0,-2
777,259,0,-8
129,530,0,-8
715,909,0,-5
959,311,0,-10
338,126,0,-1
172,987,0,-9
271,541,0,-4
214,182,0,-2
162,519,0,-4
985,843,0,-7
155,88,0,-7
731,931,0,-4
580,964,0,-1
382,707,0,-4
430,461,0,-1
681,915,0,-1
293,894,0,-4
784,577,0,-10
383,92,0,-3
91,67,0,-5
281,667,0,-3
933,867,0,-10
782,477,0,-8
397,869,0,-7
677,147,0,-3
479,93,0,-6
553,976,0,-10
425,392,0,-2
896,144,0,-1
406,595,0,-8
47,445,0,-4
93,252,0,-9
671,839,0,-6
384,599,0,-6
398,211,0,-4
664,848,0,-8
1,65,0,-9
125,533,0,-6
403,978,0,-2
440,794,0,-9
616,372,0,-1
213,172,0,-8
188,656,0,-5
894,16,0,-4
291,876,0,-8
892,936,0,-1
888,59,0,-4
647,935,0,-9
911,31,0,-7
63,837,0,-1
385,142,0,-3
61,948,0,-8
201,430,0,-8
926,46,0,-5
156,7,0,-3
831,401,0,-7
358,730,0,-1
462,408,0,-4
931,780,0,-4
51,920,0,-3
961,262,0,-3
25,390,0,-5
767,804,0,-8
165,907,0,-4
888,633,0,-1
234,766,0,-8
479,617,0,-6
767,929,0,-10
674,126,0,-4
338,271,0,-8
822,898,0,-4
847,336,0,-10
512,318,0,-10
58,738,0,-7
822,992,0,-8
379,88,0,-7
431,967,0,-9
309,877,0,-8
989,785,0,-9
97,480,0,-4
546,980,0,-9
917,935,0,-3
991,45,0,-3
575,562,0,-10
369,192,0,-8
854,346,0,-3
651,102,0,-3
454,496,0,-1
74,413,0,-7
699,890,0,-1
907,872,0,-7
184,470,0,-5
85,382,0,-9
806,384,0,-2
751,576,0,-8
555,986,0,-1
657,147,0,-3
860,332,0,-4
475,793,0,-8
745,207,0,-4
187,310,0,-5
465,978,0,-4
785,43,0,-3
745,570,0,-3
47,303,0,-10
700,715,0,-4
138,285,0,-7
522,967,0,-2
2,456,0,-9
117,753,0,-9
85,613,0,-4
96,661,0,-5
22,424,0,-9
530,220,0,-1
170,859,0,-5
40,684,0,-7
900,236,0,-7
933,593,0,-6
315,586,0,-9
266,203,0,-9
901,832,0,-8
443,571,0,-2
365,478,0,-8
363,179,0,-1
233,727,0,-1
870,381,0,-3
104,865,0,-9
144,226,0,-5
946,977,0,-5
392,293,0,-10
274,56,0,-3
153,993,0,-6
513,975,0,-9
34,60,0,-6
747,395,0,-8
325,328,0,-10
517,818,0,-3
933,478,0,-9
783,199,0,-7
969,187,0,-1
289,757,0,-1
423,687,0,-3
128,519,0,-9
177,608,0,-3
754,434,0,-4
264,614,0,-4
568,513,0,-3
321,351,0,-7
43,227,0,-1
38,750,0,-7
349,211,0,-4
684,19,0,-3
493,865,0,-4
85,740,0,-6
854,663,0,-3
660,136,0,-2
496,945,0,-2
81,739,0,-9
936,743,0,-10
155,803,0,-10
234,618,0,-10
308,947,0,-3
894,820,0,-9
802,769,0,-6
861,544,0,-6
254,819,0,-4
135,632,0,-1
586,371,0,-7
203,309,0,-9
820,157,0,-9
728,197,0,-4
188,392,0,-2
854,650,0,-6
178,414,0,-2
427,627,0,-5
634,905,0,-5
898,612,0,-4
242,152,0,-1
19,126,0,-8
950,461,0,-8
723,662,0,-10
478,608,0,-6
267,969,0,-2
66,936,0,-5
979,959,0,-2
40,998,0,-9
167,386,0,-6
927,18,0,-9
31,595,0,-8
344,509,0,-4
953,357,0,-7
18,315,0,-7
952,371,0,-5
355,259,0,-4
376,543,0,-1
563,350,0,-10
646,461,0,-2
159,46,0,-1
627,766,0,-4
510,208,0,-6
842,372,0,-6
568,849,0,-2
997,555,0,-9
63,361,0,-8
147,488,0,-8
279,163,0,-3
576,715,0,-6
410,150,0,-4
868,70,0,-9
886,874,0,-8
223,166,0,-4
219,915,0,-9
757,995,0,-2
116,953,0,-8
336,548,0,-1
402,702,0,-1
139,339,0,-2
123,487,0,-3
90,415,0,-6
2,492,0,-1
984,832,0,-5
374,11,0,-9
533,979,0,-8
495,854,0,-9
445,415,0,-4
373,565,0,-6
718,45,0,-1
310,670,0,-4
267,58,0,-6
644,130,0,-5
973,390,0,-10
225,113,0,-7
497,307,0,-3
425,926,0,-5
914,694,0,-2
199,284,0,-4
252,857,0,-3
498,431,0,-7
160,297,0,-6
943,44,0,-8
249,90,0,-2
522,844,0,-7
433,435,0,-2
463,530,0,-8
699,729,0,-2
816,123,0,-4
276,873,0,-7
457,93,0,-10
477,417,0,-6
481,763,0,-5
645,587,0,-1
605,879,0,-1
570,545,0,-10
283,303,0,-7
554,623,0,-8
745,594,0,-2
329,574,0,-9
192,418,0,-8
820,654,0,-2
61,321,0,-5
523,362,0,-4
830,564,0,-1
78,10,0,-2
626,154,0,-7
322,883,0,-4
163,975,0,-6
866,853,0,-6
932,316,0,-7
785,689,0,-5
236,645,0,-5
221,282,0,-1
964,981,0,-5
92,500,0,-4
69,318,0,-5
152,875,0,-10
561,720,0,-7
328,453,0,-8
218,958,0,-3
239,724,0,-3
369,204,0,-3
181,399,0,-5
120,306,0,-2
869,385,0,-10
953,88,0,-3
281,945,0,-6
2,539,0,-2
998,248,0,-2
346,899,0,-8
233,793,0,-9
607,572,0,-9
440,182,0,-7
323,868,0,-3
677,863,0,-1
748,837,0,-7
363,449,0,-9
451,246,0,-6
217,291,0,-9
138,379,0,-5
577,81,0,-1
28,389,0,-7
920,828,0,-7
111,717,0,-5
490,215,0,-8
240,167,0,-6
608,752,0,-1
809,48,0,-3
859,213,0,-3
630,938,0,-7
782,831,0,-8
845,137,0,-2
37,434,0,-5
699,750,0,-1
970,102,0,-2
997,678,0,-3
93,847,0,-7
63,814,0,-6
239,607,0,-7
531,217,0,-4
313,533,0,-5
278,943,0,-6
940,317,0,-2
438,109,0,-4
180,728,0,-4
640,921,0,-8
151,233,0,-1
362,720,0,-5
380,334,0,-6
804,207,0,-5
377,321,0,-10
925,543,0,-10
903,559,0,-7
103,293,0,-7
567,49,0,-6
367,485,0,-4
385,94,0,-5
284,249,0,-6
250,697,0,-7
226,730,0,-2
742,422,0,-9
924,883,0,-8
326,551,0,-6
532,909,0,-3
651,658,0,-7
937,392,0,-7
839,968,0,-10
705,314,0,-2
744,805,0,-3
770,999,0,-1
688,967,0,-10
14,321,0,-6
547,238,0,-5
844,847,0,-6
907,570,0,-2
661,705,0,-8
468,310,0,-3
346,981,0,-8
874,993,0,-1
916,940,0,-8
696,658,0,-2
142,840,0,-4
724,720,0,-7
538,761,0,-2
143,253,0,-1
736,22,0,-10
685,528,0,-2
118,55,0,-6
775,764,0,-5
6,455,0,-10
180,68,0,-3
933,591,0,-1
444,23,0,-3
939,477,0,-8
763,221,0,-3
191,213,0,-7
992,231,0,-10
455,66,0,-4
691,290,0,-6
718,958,0,-6
665,448,0,-5
444,560,0,-4
630,269,0,-2
645,351,0,-1
243,129,0,-2
557,334,0,-7
188,735,0,-1
617,37,0,-8
574,325,0,-9
519,45,0,-2
258,144,0,-6
601,243,0,-2
47,421,0,-4
699,24,0,-2
238,772,0,-4
216,715,0,-7
860,892,0,-2
284,387,0,-4
732,774,0,-8
415,20,0,-7
511,892,0,-1
326,260,0,-2
138,669,0,-6
668,116,0,-5
834,203,0,-3
717,606,0,-7
488,221,0,-10
892,188,0,-3
941,93,0,-6
917,342,0,-2
855,631,0,-10
231,736,0,-1
944,215,0,-2
406,386,0,-5
601,972,0,-10
402,242,0,-6
101,503,0,-2
976,892,0,-5
739,49,0,-2
307,332,0,-10
630,834,0,-7
139,982,0,-3
820,739,0,-4
568,856,0,-2
751,353,0,-1
381,828,0,-6
173,70,0,-3
804,624,0,-8
220,275,0,-2
405,887,0,-9
265,1000,0,-9
146,579,0,-2
720,513,0,-4
732,558,0,-2
688,258,0,-8
379,914,0,-6
785,772,0,-5
360,622,0,-2
177,505,0,-9
288,77,0,-6
644,303,0,-1
147,786,0,-4
506,450,0,-6
566,877,0,-6
260,17,0,-2
51,595,0,-8
581,596,0,-10
604,177,0,-9
407,267,0,-5
493,463,0,-1
114,786,0,-9
757,56,0,-6
667,681,0,-1
448,667,0,-2
449,418,0,-6
250,328,0,-5
392,705,0,-6
100,632,0,-1
167,492,0,-3
694,31,0,-5
854,908,0,-3
284,861,0,-2
674,959,0,-5
756,544,0,-1
862,170,0,-1
798,354,0,-6
869,141,0,-2
374,733,0,-8
972,938,0,-9
735,620,0,-4
125,363,0,-7
355,514,0,-4
78,121,0,-7
439,347,0,-8
963,935,0,-8
163,64,0,-1
754,789,0,-7
677,65,0,-2
55,42,0,-10
306,290,0,-8
224,612,0,-7
75,637,0,-1
561,951,0,-8
461,742,0,-8
677,436,0,-1
516,890,0,-8
306,889,0,-6
26,772,0,-4
765,129,0,-4
567,269,0,-10
240,386,0,-3
360,229,0,-7
221,965,0,-3
558,887,0,-10
54,227,0,-1
805,236,0,-7
563,609,0,-10
651,975,0,-7
222,468,0,-2
561,603,0,-2
685,919,0,-2
399,472,0,-5
216,125,0,-8
464,214,0,-4
880,173,0,-10
328,750,0,-8
887,34,0,-3
149,434,0,-7
397,363,0,-10
12,215,0,-9
206,340,0,-2
513,258,0,-5
355,260,0,-1
959,374,0,-3
493,680,0,-2
911,960,0,-7
674,168,0,-3
5,25,0,-10
371,369,0,-4
205,488,0,-1
93,632,0,-9
543,182,0,-10
682,954,0,-9
460,327,0,-10
502,582,0,-2
947,464,0,-3
230,943,0,-3
347,278,0,-4
203,77,0,-3
396,785,0,-5
221,227,0,-5
758,130,0,-8
658,377,0,-6
709,628,0,-1
538,832,0,-1
785,40,0,-8
445,696,0,-10
814,917,0,-6
365,691,0,-3
478,214,0,-6
895,675,0,-10
445,73,0,-1
253,877,0,-3
225,784,0,-5
66,288,0,-3
301,226,0,-6
365,334,0,-7
194,428,0,-2
789,41,0,-8
143,462,0,-10
623,968,0,-10
345,987,0,-3
500,606,0,-1
530,595,0,-3
839,835,0,-6
519,960,0,-8
996,475,0,-6
588,945,0,-10
905,998,0,-8
142,267,0,-3
273,174,0,-8
484,434,0,-10
86,948,0,-2
86,925,0,-6
909,682,0,-2
150,691,0,-3
638,848,0,-2
15,470,0,-1
283,858,0,-3
37,391,0,-9
885,284,0,-10
659,5,0,-9
92,303,0,-4
965,591,0,-4
931,55,0,-5
313,973,0,-7
573,529,0,-7
776,90,0,-1
931,305,0,-10
677,263,0,-7
365,749,0,-5
897,815,0,-5
871,40,0,-4
891,396,0,-5
761,938,0,-10
929,702,0,-5
778,902,0,-3
199,640,0,-4
44,888,0,-7
72,747,0,-9
965,678,0,-7
692,349,0,-1
499,307,0,-9
45,600,0,-10
987,105,0,-9
440,178,0,-2
605,7,0,-2
856,744,0,-9
419,432,0,-3
436,450,0,-1
651,158,0,-4
403,786,0,-6
202,271,0,-1
54,691,0,-1
901,321,0,-4
793,235,0,-3
104,413,0,-4
219,594,0,-8
303,556,0,-2
133,468,0,-3
899,521,0,-5
762,372,0,-6
77,766,0,-6
345,882,0,-1
214,473,0,-6
148,263,0,-9
306,199,0,-4
641,870,0,-8
851,251,0,-2
128,737,0,-5
458,872,0,-2
182,820,0,-4
915,766,0,-8
104,676,0,-2
733,699,0,-9
168,269,0,-3
646,225,0,-1
32,366,0,-8
934,245,0,-1
341,454,0,-4
676,259,0,-8
297,642,0,-3
446,901,0,-5
168,244,0,-1
99,32,0,-4
762,10,0,-7
743,499,0,-2
730,841,0,-3
530,207,0,-10
486,238,0,-5
915,241,0,-10
703,243,0,-5
968,652,0,-5
721,985,0,-4
68,436,0,-6
263,382,0,-1
154,942,0,-3
584,741,0,-7
503,912,0,-6
131,855,0,-8
148,400,0,-5
330,120,0,-1
475,883,0,-7
339,381,0,-9
458,89,0,-2
791,757,0,-1
605,996,0,-7
134,515,0,-1
319,694,0,-1
18,109,0,-10
994,760,0,-10
430,936,0,-10
271,897,0,-4
532,58,0,-9
356,753,0,-7
473,914,0,-9
27,915,0,-8
70,745,0,-9
501,810,0,-4
196,730,0,-7
757,430,0,-9
119,363,0,-3
82,889,0,-4
857,973,0,-7
265,27,0,-9
616,330,0,-8
89,881,0,-3
901,453,0,-6
338,112,0,-7
452,173,0,-8
192,891,0,-2
931,40,0,-1
840,690,0,-3
212,420,0,-6
217,722,0,-10
747,921,0,-8
214,519,0,-10
988,702,0,-9
941,437,0,-9
604,802,0,-5
179,278,0,-6
207,162,0,-4
704,964,0,-1
390,383,0,-3
952,241,0,-1
799,85,0,-1
294,379,0,-10
830,445,0,-5
653,496,0,-8
495,572,0,-9
1,287,0,-9
984,96,0,-9
162,294,0,-6
765,231,0,-2
52,958,0,-4
424,701,0,-6
167,242,0,-7
288,441,0,-5
674,746,0,-5
973,914,0,-7
947,792,0,-6
752,65,0,-3
495,670,0,-4
612,685,0,-6
411,885,0,-5
146,942,0,-4
675,789,0,-8
240,469,0,-1
584,437,0,-4
105,350,0,-8
955,614,0,-6
875,78,0,-4
84,834,0,-6
491,724,0,-8
954,274,0,-5
333,811,0,-9
523,851,0,-10
27,79,0,-2
3,66,0,-5
269,279,0,-1
580,396,0,-6
400,994,0,-2
907,703,0,-7
92,136,0,-2
22,734,0,-8
16,958,0,-4
441,54,0,-3
349,515,0,-5
288,428,0,-2
831,310,0,-8
896,847,0,-3
497,728,0,-1
59,508,0,-5
527,887,0,-10
332,198,0,-2
50,783,0,-10
893,618,0,-3
132,203,0,-7
918,838,0,-2
712,746,0,-7
100,903,0,-3
418,194,0,-8
288,390,0,-8
130,716,0,-8
711,427,0,-9
338,389,0,-6
455,453,0,-5
160,382,0,-5
678,232,0,-3
969,397,0,-10
511,713,0,-3
766,167,0,-1
193,163,0,-2
226,659,0,-6
104,939,0,-6
285,402,0,-10
239,836,0,-2
761,910,0,-3
153,539,0,-2
90,219,0,-6
117,729,0,-1
99,641,0,-2
504,931,0,-7
715,657,0,-3
879,384,0,-7
388,539,0,-5
130,37,0,-4
168,330,0,-3
319,961,0,-3
16,533,0,-1
118,998,0,-9
220,802,0,-7
876,504,0,-8
588,257,0,-9
150,953,0,-2
331,181,0,-5
417,742,0,-6
825,668,0,-9
329,988,0,-4
965,14,0,-4
854,291,0,-1
959,10,0,-9
944,686,0,-8
472,661,0,-10
283,566,0,-7
807,882,0,-2
597,525,0,-5
933,999,0,-1
568,652,0,-9
730,592,0,-1
969,225,0,-3
566,858,0,-2
899,695,0,-7
864,549,0,-3
19,865,0,-3
121,614,0,-7
318,298,0,-10
941,569,0,-2
798,148,0,-8
270,253,0,-7
121,54,0,-3
34,663,0,-6
600,815,0,-1
754,761,0,-3
582,820,0,-3
753,449,0,-6
443,883,0,-9
963,340,0,-8
740,636,0,-2
398,963,0,-5
118,574,0,-1
906,190,0,-7
540,982,0,-3
774,405,0,-5
483,688,0,-8
216,735,0,-3
319,930,0,-6
354,175,0,-1
598,380,0,-3
69,451,0,-1
752,146,0,-2
482,221,0,-6
964,850,0,-1
427,594,0,-1
976,981,0,-10
578,145,0,-4
964,683,0,-6
665,492,0,-4
216,107,0,-7
743,745,0,-9
21,188,0,-1
713,457,0,-3
882,314,0,-1
530,624,0,-5
499,898,0,-5
865,317,0,-3
553,827,0,-2
569,373,0,-10
571,871,0,-10
228,20,0,-9
647,462,0,-10
580,743,0,-4
705,920,0,-4
600,276,0,-6
696,472,0,-9
256,398,0,-1
933,580,0,-1
891,979,0,-3
442,79,0,-10
639,556,0,-2
192,364,0,-9
731,769,0,-5
167,736,0,-10
711,458,0,-6
824,554,0,-3
916,929,0,-9
462,499,0,-1
647,532,0,-2
443,863,0,-6
114,574,0,-1
876,564,0,-7
16,841,0,-4
984,327,0,-9
585,250,0,-8
268,70,0,-10
357,425,0,-1
603,820,0,-1
632,469,0,-1
352,247,0,-7
205,89,0,-4
532,758,0,-9
407,958,0,-10
573,716,0,-8
552,734,0,-3
886,600,0,-4
267,482,0,-4
401,224,0,-8
720,103,0,-10
148,422,0,-9
68,706,0,-3
199,920,0,-3
171,756,0,-6
763,464,0,-4
908,828,0,-2
440,38,0,-5
178,882,0,-9
350,530,0,-9
540,432,0,-3
210,667,0,-4
776,249,0,-2
780,425,0,-9
796,496,0,-6
55,518,0,-6
842,56,0,-1
332,221,0,-3
241,583,0,-9
653,912,0,-7
368,800,0,-3
671,704,0,-10
426,431,0,-9
850,591,0,-1
575,521,0,-4
256,425,0,-5
326,433,0,-5
846,699,0,-1
767,207,0,-3
387,657,0,-6
144,401,0,-5
235,40,0,-7
99,791,0,-2
366,453,0,-2
986,681,0,-7
852,342,0,-4
625,570,0,-6
699,755,0,-8
856,889,0,-10
499,84,0,-7
991,84,0,-10
929,30,0,-10
71,338,0,-1
516,920,0,-8
563,209,0,-1
264,652,0,-9
963,721,0,-6
409,820,0,-4
162,679,0,-8
770,724,0,-4
371,870,0,-2
397,825,0,-9
24,152,0,-10
316,341,0,-10
10,655,0,-7
513,379,0,-8
410,768,0,-9
36,531,0,-9
604,599,0,-3
934,223,0,-8
153,673,0,-5
625,90,0,-4
535,774,0,-3
427,67,0,-3
200,790,0,-9
824,847,0,-6
434,586,0,-6
342,21,0,-5
318,166,0,-4
901,85,0,-6
206,303,0,-9
627,814,0,-2
945,156,0,-7
461,137,0,-4
782,522,0,-3
55,309,0,-9
866,653,0,-2
538,616,0,-10
570,309,0,-8
595,933,0,-4
829,299,0,-6
444,319,0,-6
226,588,0,-9
894,205,0,-9
286,298,0,-2
392,169,0,-4
614,792,0,-3
652,489,0,-6
641,164,0,-5
463,203,0,-9
498,828,0,-5
709,682,0,-5
142,537,0,-7
229,911,0,-8
824,770,0,-9
399,505,0,-5
46,509,0,-9
393,296,0,-8
829,252,0,-6
898,163,0,-2
999,764,0,-6
560,840,0,-6
519,232,0,-4
421,772,0,-7
439,817,0,-9
813,869,0,-3
389,732,0,-5
965,549,0,-2
998,6,0,-2
756,271,0,-3
11,199,0,-9
754,238,0,-4
730,158,0,-4
330,359,0,-4
52,643,0,-4
237,838,0,-6
823,606,0,-5
655,330,0,-6
477,665,0,-10
578,702,0,-9
355,979,0,-8
889,53,0,-6
442,338,0,-4
847,584,0,-6
527,648,0,-7
325,780,0,-4
432,773,0,-8
699,16,0,-1
284,616,0,-9
225,429,0,-1
497,661,0,-6
282,208,0,-1
988,725,0,-6
198,791,0,-6
299,379,0,-9
631,10,0,-8
977,192,0,-3
782,614,0,-7
703,93,0,-10
62,524,0,-4
748,616,0,-3
499,134,0,-6
806,17,0,-2
391,54,0,-2
991,647,0,-9
641,146,0,-4
721,500,0,-3
546,828,0,-1
558,517,0,-7
686,800,0,-2
828,267,0,-5
634,456,0,-4
333,760,0,-5
395,527,0,-8
300,74,0,-6
364,525,0,-4
149,729,0,-6
589,224,0,-8
732,694,0,-1
326,844,0,-5
680,350,0,-3
417,43,0,-8
162,705,0,-4
676,492,0,-1
621,22,0,-6
972,18,0,-1
456,745,0,-4
897,186,0,-6
237,215,0,-7
576,887,0,-9
973,876,0,-2
203,247,0,-9
233,386,0,-7
463,534,0,-9
242,387,0,-7
644,346,0,-1
257,936,0,-4
247,838,0,-7
573,80,0,-10
919,482,0,-10
533,467,0,-5
83,602,0,-10
332,763,0,-1
128,802,0,-8
160,311,0,-4
284,577,0,-5
315,859,0,-1
300,625,0,-9
413,711,0,-6
69,431,0,-4
914,796,0,-9
439,627,0,-8
694,975,0,-10
691,182,0,-2
633,719,0,-4
213,845,0,-9
41,98,0,-2
251,906,0,-6
226,388,0,-2
370,872,0,-10
729,684,0,-5
811,422,0,-6
940,529,0,-1
786,263,0,-1
573,296,0,-3
911,450,0,-10
964,763,0,-4
941,152,0,-3
54,751,0,-10
115,181,0,-7
455,423,0,-7
34,144,0,-10
113,191,0,-6
912,98,0,-1
983,517,0,-9
153,556,0,-10
920,317,0,-8
79,665,0,-7
761,809,0,-7
542,417,0,-4
626,948,0,-1
766,617,0,-3
808,33,0,-4
469,925,0,-4
122,376,0,-9
92,27,0,-9
696,773,0,-4
146,162,0,-10
308,125,0,-9
448,227,0,-1
541,205,0,-1
228,67,0,-3
24,954,0,-9
19,586,0,-1
596,977,0,-6
392,518,0,-7
400,818,0,-10
888,919,0,-1
521,781,0,-2
54,700,0,-8
228,289,0,-7
763,66,0,-8
961,115,0,-5
389,982,0,-2
506,424,0,-2
431,353,0,-4
449,133,0,-4
293,669,0,-6
467,605,0,-10
50,93,0,-10
302,19,0,-10
780,182,0,-10
173,322,0,-7
983,979,0,-3
656,906,0,-4
607,438,0,-5
831,795,0,-9
694,624,0,-8
212,735,0,-6
655,917,0,-9
837,641,0,-8
132,294,0,-4
850,736,0,-10
81,906,0,-5
562,272,0,-3
682,123,0,-6
637,187,0,-4
569,670,0,-10
193,218,0,-4
205,25,0,-1
872,118,0,-6
536,240,0,-3
457,272,0,-6
724,927,0,-8
885,481,0,-4
179,734,0,-5
621,989,0,-9
76,582,0,-1
875,504,0,-10
226,781,0,-3
269,51,0,-10
244,661,0,-1
54,503,0,-9
616,743,0,-4
510,251,0,-5
444,225,0,-1
836,832,0,-7
693,937,0,-7
555,702,0,-5
331,439,0,-9
412,98,0,-4
300,628,0,-7
169,593,0,-3
388,201,0,-10
402,967,0,-9
268,573,0,-5
42,745,0,-10
769,230,0,-5
631,996,0,-4
751,864,0,-7
440,752,0,-5
185,469,0,-4
831,875,0,-5
552,564,0,-3
852,145,0,-7
36,949,0,-8
866,547,0,-3
819,398,0,-1
248,277,0,-2
712,678,0,-4
137,887,0,-7
216,997,0,-10
840,119,0,-7
37,657,0,-1
343,416,0,-3
805,713,0,-7
997,570,0,-9
172,676,0,-5
544,35,0,-9
495,893,0,-10
790,820,0,-6
339,734,0,-3
403,569,0,-4
110,279,0,-5
334,459,0,-2
489,968,0,-2
628,41,0,-5
498,385,0,-10
185,799,0,-10
941,876,0,-3
565,327,0,-10
693,626,0,-8
182,180,0,-8
305,476,0,-5
582,106,0,-3
110,622,0,-5
910,739,0,-2
611,244,0,-8
957,104,0,-9
950,571,0,-2
987,152,0,-9
665,544,0,-10
90,495,0,-9
36,739,0,-1
328,201,0,-2
932,178,0,-6
282,637,0,-2
381,547,0,-4
137,135,0,-10
228,425,0,-10
192,370,0,-9
172,743,0,-3
404,311,0,-8
427,865,0,-5
812,315,0,-7
759,934,0,-6
826,642,0,-8
45,32,0,-8
891,648,0,-4
982,279,0,-3
361,413,0,-10
113,973,0,-10
716,840,0,-2
91,58,0,-6
899,850,0,-7
195,509,0,-1
655,645,0,-6
423,830,0,-2
261,393,0,-2
964,117,0,-5
231,13,0,-7
624,3,0,-1
378,940,0,-1
677,5,0,-1
747,534,0,-5
581,156,0,-7
133,488,0,-8
372,413,0,-10
764,463,0,-10
43,113,0,-4
38,661,0,-3
82,160,0,-2
621,327,0,-3
519,381,0,-9
396,873,0,-10
242,969,0,-7
424,721,0,-9
84,581,0,-3
583,457,0,-7
85,422,0,-1
805,294,0,-2
799,301,0,-6
817,464,0,-5
956,96,0,-4
513,335,0,-3
275,507,0,-6
773,203,0,-2
475,567,0,-4
572,70,0,-3
184,220,0,-5
376,606,0,-10
167,596,0,-3
155,148,0,-1
157,355,0,-10
264,397,0,-4
223,636,0,-1
83,207,0,-1
248,72,0,-10
111,723,0,-3
245,629,0,-3
484,363,0,-9
96,996,0,-2
997,614,0,-2
976,2,0,-7
861,476,0,-7
909,547,0,-7
428,472,0,-4
142,480,0,-8
746,718,0,-3
655,291,0,-6
629,78,0,-1
434,403,0,-3
64,3,0,-5
361,614,0,-10
297,623,0,-8
568,965,0,-4
154,844,0,-10
526,684,0,-7
803,414,0,-5
204,489,0,-4
442,125,0,-5
433,123,0,-6
416,585,0,-6
567,272,0,-8
505,821,0,-4
124,332,0,-1
997,942,0,-1
18,828,0,-7
767,845,0,-2
108,1000,0,-9
622,422,0,-5
966,699,0,-5
319,947,0,-4
229,989,0,-9
213,339,0,-10
611,272,0,-3
119,860,0,-6
746,150,0,-3
729,182,0,-10
591,74,0,-7
669,937,0,-1
406,234,0,-6
965,29,0,-1
84,216,0,-5
635,368,0,-6
490,251,0,-10
429,501,0,-10
795,526,0,-8
879,11,0,-4
469,546,0,-2
826,393,0,-1
262,530,0,-10
142,183,0,-5
407,443,0,-4
27,694,0,-2
526,880,0,-8
924,773,0,-5
861,351,0,-5
202,666,0,-10
297,767,0,-6
553,180,0,-9
110,297,0,-6
513,919,0,-4
39,78,0,-10
623,303,0,-5
593,339,0,-9
70,369,0,-1
724,798,0,-4
993,693,0,-2
916,449,0,-9
821,523,0,-7
739,607,0,-6
127,245,0,-3
327,87,0,-2
769,184,0,-1
173,338,0,-2
592,48,0,-10
85,154,0,-3
720,259,0,-4
146,601,0,-9
42,563,0,-5
192,771,0,-2
749,192,0,-6
666,156,0,-5
623,928,0,-8
537,813,0,-1
476,357,0,-2
468,634,0,-6
20,274,0,-7
908,391,0,-2
485,626,0,-5
537,21,0,-2
581,345,0,-1
137,263,0,-1
193,27,0,-8
7,643,0,-1
972,51,0,-6
147,746,0,-10
974,5,0,-4
657,741,0,-10
582,56,0,-4
833,971,0,-3
857,362,0,-1
296,258,0,-2
591,876,0,-8
370,198,0,-9
924,177,0,-7
693,250,0,-1
800,332,0,-7
679,113,0,-9
152,773,0,-7
903,622,0,-8
38,610,0,-10
220,111,0,-9
904,683,0,-1
389,752,0,-4
597,48,0,-3
30,276,0,-1
550,152,0,-10
950,730,0,-5
369,164,0,-1
62,283,0,-8
402,860,0,-9
695,146,0,-8
131,79,0,-7
419,100,0,-2
879,913,0,-1
97,26,0,-8
98,444,0,-10
238,18,0,-1
872,640,0,-9
95,862,0,-6
8,85,0,-1
977,105,0,-5
776,268,0,-1
448,929,0,-5
543,125,0,-3
968,131,0,-5
641,71,0,-9
711,937,0,-6
118,239,0,-5
640,980,0,-7
7,152,0,-1
626,422,0,-2
468,280,0,-1
281,520,0,-7
932,691,0,-5
153,487,0,-10
923,973,0,-5
966,198,0,-2
840,502,0,-5
234,54,0,-4
996,64,0,-1
958,823,0,-6
266,235,0,-5
593,696,0,-5
316,540,0,-6
1,59,0,-10
493,860,0,-8
963,394,0,-9
924,873,0,-4
221,268,0,-8
188,513,0,-10
142,20,0,-3
565,5,0,-2
463,164,0,-10
129,826,0,-4
810,451,0,-5
257,792,0,-4
700,969,0,-3
480,858,0,-4
416,517,0,-9
923,194,0,-1
371,751,0,-5
965,407,0,-5
184,524,0,-5
205,646,0,-1
237,738,0,-7
969,200,0,-10
989,33,0,-7
137,237,0,-8
337,481,0,-2
755,102,0,-8
124,644,0,-8
800,599,0,-9
132,908,0,-6
514,606,0,-7
500,453,0,-9
431,489,0,-3
850,1000,0,-8
249,346,0,-6
400,2,0,-8
979,992,0,-10
708,701,0,-9
942,32,0,-10
248,282,0,-3
416,965,0,-7
205,931,0,-6
184,963,0,-10
994,669,0,-2
159,11,0,-1
373,372,0,-4
423,67,0,-3
433,546,0,-10
972,839,0,-5
109,983,0,-4
933,337,0,-5
231,441,0,-6
222,743,0,-9
869,632,0,-9
231,629,0,-6
498,340,0,-5
286,154,0,-6
555,443,0,-4
178,253,0,-3
820,762,0,-8
313,353,0,-4
968,813,0,-3
794,820,0,-4
612,273,0,-1
77,538,0,-5
198,573,0,-9
762,704,0,-6
77,472,0,-1
962,327,0,-9
616,757,0,-2
624,604,0,-3
899,694,0,-7
401,591,0,-4
268,287,0,-9
368,421,0,-1
855,506,0,-2
778,132,0,-10
359,606,0,-8
972,463,0,-5
810,741,0,-4
552,500,0,-9
949,994,0,-3
727,508,0,-2
956,701,0,-9
343,135,0,-5
867,462,0,-5
944,874,0,-9
905,121,0,-8
189,530,0,-3
196,561,0,-7
798,251,0,-1
303,497,0,-8
882,259,0,-9
473,322,0,-8
349,235,0,-8
296,962,0,-9
161,245,0,-6
133,143,0,-3
646,44,0,-10
674,607,0,-4
965,598,0,-8
848,730,0,-1
664,754,0,-7
168,183,0,-5
402,583,0,-8
429,947,0,-3
761,337,0,-5
506,610,0,-9
654,115,0,-4
312,276,0,-4
321,879,0,-4
15,520,0,-4
836,401,0,-9
500,9,0,-9
84,624,0,-9
98,950,0,-7
446,505,0,-8
714,355,0,-2
846,993,0,-3
624,667,0,-3
402,642,0,-9
886,669,0,-8
259,667,0,-5
483,954,0,-8
799,498,0,-4
447,561,0,-6
478,376,0,-3
344,986,0,-2
102,973,0,-3
834,663,0,-8
436,570,0,-10
284,282,0,-6
164,68,0,-6
663,473,0,-9
867,798,0,-8
89,410,0,-6
696,885,0,-7
628,413,0,-8
879,98,0,-6
403,195,0,-5
637,287,0,-8
482,605,0,-3
843,950,0,-4
7,434,0,-7
672,193,0,-3
539,997,0,-3
294,237,0,-2
759,131,0,-3
769,454,0,-10
334,268,0,-6
696,337,0,-10
400,889,0,-5
753,322,0,-7
218,149,0,-6
793,107,0,-1
684,385,0,-10
38,39,0,-6
759,79,0,-8
318,247,0,-1
636,238,0,-6
527,438,0,-5
764,846,0,-3
228,74,0,-5
405,952,0,-9
621,206,0,-1
399,63,0,-7
300,783,0,-3
385,299,0,-3
447,96,0,-7
494,495,0,-9
841,363,0,-8
534,493,0,-6
556,233,0,-4
8,232,0,-5
194,988,0,-1
684,159,0,-1
140,221,0,-1
988,385,0,-2
805,334,0,-8
853,825,0,-2
82,362,0,-5
783,800,0,-5
243,600,0,-3
944,395,0,-3
154,439,0,-4
895,807,0,-4
550,439,0,-7
593,35,0,-10
892,698,0,-4
545,264,0,-8
554,489,0,-3
174,437,0,-5
963,555,0,-3
979,342,0,-1
865,223,0,-1
126,527,0,-6
319,734,0,-6
735,251,0,-10
646,482,0,-7
816,298,0,-8
598,768,0,-2
889,266,0,-5
79,928,0,-7
195,82,0,-7
799,898,0,-1
767,285,0,-2
950,16,0,-8
779,983,0,-6
384,119,0,-8
270,86,0,-5
541,551,0,-2
39,352,0,-8
922,491,0,-3
958,524,0,-10
42,947,0,-8
636,521,0,-2
77,717,0,-6
85,961,0,-1
188,704,0,-10
237,202,0,-2
947,506,0,-3
82,54,0,-7
280,844,0,-8
386,912,0,-5
31,424,0,-4
398,60,0,-3
146,117,0,-3
585,937,0,-1
897,2,0,-4
533,436,0,-9
1000,234,0,-3
833,169,0,-5
110,984,0,-3
361,887,0,-10
113,387,0,-7
2,666,0,-6
129,104,0,-3
142,10,0,-7
519,498,0,-6
293,207,0,-6
651,994,0,-7
797,182,0,-10
714,330,0,-1
242,951,0,-7
796,122,0,-8
902,836,0,-2
964,525,0,-8
246,503,0,-6
80,627,0,-5
512,201,0,-1
54,296,0,-5
96,348,0,-1
643,914,0,-1
143,156,0,-3
279,705,0,-3
473,239,0,-8
670,701,0,-10
343,33,0,-4
368,809,0,-9
816,575,0,-7
317,332,0,-1
175,951,0,-5
767,498,0,-3
362,86,0,-5
462,466,0,-8
963,44,0,-4
985,146,0,-3
621,783,0,-2
693,429,0,-9
955,382,0,-6
138,555,0,-7
253,829,0,-9
483,383,0,-3
595,647,0,-3
733,740,0,-1
482,750,0,-2
691,95,0,-7
30,836,0,-9
263,237,0,-2
54,694,0,-10
207,215,0,-6
28,271,0,-6
470,755,0,-4
736,837,0,-6
602,860,0,-9
854,812,0,-5
698,412,0,-2
838,572,0,-7
568,901,0,-4
718,763,0,-6
597,752,0,-2
656,127,0,-1
199,857,0,-8
463,3,0,-3
546,505,0,-2
721,221,0,-5
859,988,0,-7
259,411,0,-4
216,31,0,-1
748,432,0,-3
703,267,0,-2
615,738,0,-5
315,57,0,-6
39,113,0,-9
510,764,0,-6
127,329,0,-6
18,84,0,-9
330,688,0,-1
138,37,0,-6
662,308,0,-3
187,403,0,-2
711,751,0,-9
990,833,0,-5
381,191,0,-7
39,504,0,-10
861,791,0,-4
715,278,0,-6
733,732,0,-7
467,611,0,-2
613,76,0,-2
987,468,0,-10
848,114,0,-9
85,791,0,-5
525,976,0,-8
558,445,0,-10
274,180,0,-8
967,426,0,-8
925,30,0,-6
523,916,0,-9
345,939,0,-3
964,659,0,-7
736,651,0,-5
433,286,0,-8
539,506,0,-2
707,733,0,-4
603,369,0,-7
825,695,0,-5
632,253,0,-8
529,781,0,-5
498,898,0,-5
115,478,0,-7
313,264,0,-5
537,933,0,-6
491,518,0,-6
526,6,0,-1
997,212,0,-5
155,356,0,-4
3,892,0,-8
567,3,0,-1
983,102,0,-7
152,615,0,-8
66,543,0,-5
178,493,0,-2
820,529,0,-1
395,423,0,-8
334,54,0,-8
358,510,0,-6
996,548,0,-3
475,52,0,-1
389,241,0,-4
59,904,0,-1
894,967,0,-2
382,577,0,-9
851,48,0,-7
553,278,0,-7
829,994,0,-1
465,296,0,-2
577,927,0,-8
929,606,0,-2
982,261,0,-7
980,509,0,-5
579,535,0,-1
769,857,0,-6
758,78,0,-5
182,22,0,-10
938,626,0,-4
636,442,0,-6
775,596,0,-7
718,788,0,-7
858,139,0,-5
171,59,0,-9
60,668,0,-10
279,792,0,-8
910,229,0,-2
370,69,0,-7
352,583,0,-2
225,324,0,-10
543,154,0,-10
908,709,0,-8
716,311,0,-2
76,3,0,-4
13,551,0,-10
903,719,0,-7
205,172,0,-1
187,168,0,-5
181,285,0,-1
786,391,0,-5
222,273,0,-3
23,585,0,-9
272,320,0,-8
263,224,0,-9
54,976,0,-6
779,607,0,-10
919,61,0,-4
968,420,0,-7
854,195,0,-2
533,357,0,-7
898,780,0,-5
95,181,0,-9
902,220,0,-9
46,975,0,-9
261,559,0,-6
50,345,0,-5
504,905,0,-4
97,959,0,-1
496,885,0,-8
336,292,0,-3
169,859,0,-10
936,138,0,-5
359,688,0,-6
78,543,0,-2
180,65,0,-4
32,430,0,-3
663,17,0,-9
847,214,0,-1
275,339,0,-3
423,319,0,-10
178,515,0,-10
895,762,0,-2
301,124,0,-6
348,720,0,-2
568,668,0,-10
312,640,0,-7
615,86,0,-8
645,756,0,-7
640,986,0,-1
686,9,0,-5
137,412,0,-10
957,835,0,-8
945,758,0,-1
953,882,0,-9
676,17,0,-9
995,596,0,-5
796,872,0,-8
633,708,0,-1
32,255,0,-1
807,800,0,-10
897,992,0,-4
537,893,0,-6
899,155,0,-10
788,535,0,-2
74,903,0,-6
341,834,0,-5
520,620,0,-5
506,258,0,-7
41,159,0,-10
638,436,0,-3
888,956,0,-6
432,861,0,-9
841,772,0,-5
1,532,0,-5
977,75,0,-10
634,275,0,-1
695,268,0,-3
290,17,0,-3
723,975,0,-5
952,915,0,-7
790,56,0,-2
210,741,0,-7
176,744,0,-10
158,809,0,-6
193,116,0,-4
920,259,0,-2
359,237,0,-5
282,399,0,-2
54,105,0,-1
983,406,0,-6
902,451,0,-2
230,295,0,-10
885,200,0,-6
848,523,0,-3
482,16,0,-7
872,533,0,-10
537,550,0,-3
651,103,0,-4
743,403,0,-4
164,923,0,-7
949,763,0,-10
658,875,0,-4
713,653,0,-9
29,763,0,-3
547,314,0,-5
221,256,0,-10
231,510,0,-6
458,463,0,-3
901,378,0,-9
400,938,0,-2
651,660,0,-4
763,528,0,-3
645,898,0,-3
179,576,0,-4
698,869,0,-10
498,835,0,-4
509,589,0,-3
837,651,0,-3
27,542,0,-5
7,538,0,-2
527,166,0,-7
860,961,0,-4
537,917,0,-6
941,161,0,-1
796,971,0,-1
858,666,0,-7
97,597,0,-5
747,87,0,-4
780,1000,0,-1
143,833,0,-10
985,437,0,-2
733,639,0,-10
933,382,0,-7
689,862,0,-5
423,447,0,-8
879,106,0,-10
508,921,0,-2
644,707,0,-3
121,852,0,-4
380,344,0,-10
19,219,0,-6
679,398,0,-6
314,76,0,-1
565,992,0,-6
147,119,0,-9
450,777,0,-2
474,142,0,-8
286,947,0,-4
104,195,0,-10
224,730,0,-1
452,923,0,-9
386,671,0,-5
149,363,0,-9
100,408,0,-7
423,241,0,-9
848,322,0,-10
289,426,0,-1
748,202,0,-6
603,855,0,-2
786,940,0,-1
770,825,0,-5
662,626,0,-4
536,907,0,-6
503,173,0,-3
334,548,0,-10
740,96,0,-8
828,834,0,-3
73,811,0,-4
885,142,0,-5
628,60,0,-4
64,839,0,-8
10,41,0,-4
915,165,0,-8
414,433,0,-6
222,672,0,-1
718,396,0,-3
486,852,0,-7
790,264,0,-6
977,201,0,-4
6,439,0,-3
521,53,0,-9
905,359,0,-9
988,453,0,-3
679,825,0,-6
463,881,0,-8
334,930,0,-7
259,735,0,-7
229,377,0,-5
991,389,0,-10
752,609,0,-8
497,62,0,-2
217,746,0,-1
313,818,0,-3
121,246,0,-10
625,288,0,-3
792,140,0,-9
715,685,0,-8
970,321,0,-9
23,701,0,-4
916,139,0,-4
535,501,0,-2
428,477,0,-9
373,858,0,-8
509,971,0,-1
830,149,0,-7
137,389,0,-1
944,351,0,-1
600,522,0,-2
812,766,0,-10
399,849,0,-1
801,135,0,-1
505,166,0,-10
18,887,0,-4
713,583,0,-10
480,859,0,-7
324,32,0,-9
451,215,0,-3
24,881,0,-9
392,63,0,-5
217,97,0,-3
38,642,0,-6
190,799,0,-10
385,657,0,-6
871,453,0,-6
93,477,0,-8
690,558,0,-6
974,68,0,-10
358,810,0,-10
685,719,0,-10
675,133,0,-10
553,63,0,-8
909,956,0,-9
392,651,0,-7
153,80,0,-2
65,374,0,-10
560,103,0,-6
619,262,0,-4
201,835,0,-6
91,724,0,-1
453,115,0,-4
105,515,0,-9
263,376,0,-5
843,245,0,-4
137,363,0,-8
329,251,0,-3
272,761,0,-7
186,932,0,-9
275,716,0,-7
980,548,0,-1
839,206,0,-10
495,961,0,-6
744,930,0,-7
501,381,0,-7
82,602,0,-5
972,417,0,-7
635,951,0,-5
851,939,0,-4
808,356,0,-7
116,37,0,-3
764,432,0,-5
115,402,0,-8
363,943,0,-3
592,637,0,-1
940,760,0,-6
504,484,0,-3
47,309,0,-8
930,431,0,-8
786,219,0,-3
870,558,0,-7
938,113,0,-10
808,704,0,-4
938,411,0,-10
169,657,0,-9
328,737,0,-4
261,375,0,-6
849,974,0,-2
831,441,0,-7
852,844,0,-5
715,757,0,-1
546,865,0,-5
911,89,0,-2
347,251,0,-8
531,16,0,-5
932,530,0,-5
708,869,0,-3
342,892,0,-5
565,960,0,-1
603,994,0,-9
710,361,0,-3
25,78,0,-2
479,162,0,-7
701,77,0,-10
741,329,0,-10
899,66,0,-4
139,234,0,-8
673,475,0,-7
695,191,0,-1
104,679,0,-3
875,224,0,-7
617,192,0,-7
921,71,0,-4
379,533,0,-7
787,417,0,-6
393,943,0,-3
776,6,0,-7
510,787,0,-4
184,819,0,-2
238,502,0,-6
88,125,0,-8
316,790,0,-1
976,772,0,-10
948,953,0,-4
831,359,0,-6
45,955,0,-8
969,543,0,-1
943,288,0,-4
452,301,0,-7
546,342,0,-6
94,578,0,-1
935,375,0,-6
633,768,0,-1
673,418,0,-5
236,35,0,-7
260,991,0,-10
160,661,0,-3
737,956,0,-9
227,988,0,-5
151,18,0,-10
881,280,0,-4
6,924,0,-9
524,765,0,-10
614,293,0,-4
764,17,0,-9
576,206,0,-9
797,451,0,-10
784,598,0,-3
952,459,0,-4
527,151,0,-7
202,817,0,-3
539,372,0,-5
793,663,0,-9
128,115,0,-8
153,664,0,-4
42,635,0,-6
437,438,0,-4
711,444,0,-10
273,525,0,-3
279,894,0,-7
93,867,0,-8
282,835,0,-10
646,392,0,-1
418,380,0,-9
28,336,0,-4
367,822,0,-6
919,901,0,-7
158,465,0,-5
215,558,0,-9
221,588,0,-3
154,409,0,-6
585,617,0,-5
14,542,0,-4
392,527,0,-6
86,610,0,-3
250,492,0,-9
845,218,0,-7
480,513,0,-10
725,427,0,-4
375,954,0,-8
393,257,0,-1
563,913,0,-3
606,615,0,-6
588,809,0,-1
195,452,0,-6
936,686,0,-1
514,288,0,-3
448,555,0,-2
265,88,0,-1
377,653,0,-7
491,534,0,-10
429,549,0,-1
37,76,0,-6
581,516,0,-9
873,725,0,-5
737,491,0,-2
646,327,0,-9
480,803,0,-3
504,917,0,-3
941,774,0,-4
115,971,0,-10
6,722,0,-3
69,362,0,-10
886,677,0,-10
179,453,0,-7
204,495,0,-7
274,138,0,-8
971,743,0,-8
807,409,0,-3
352,136,0,-10
628,87,0,-9
872,34,0,-8
6,759,0,-3
769,407,0,-2
334,720,0,-3
256,358,0,-1
465,322,0,-2
471,272,0,-2
20,395,0,-9
831,803,0,-3
467,893,0,-5
79,81,0,-4
633,602,0,-4
491,179,0,-10
811,895,0,-5
937,775,0,-6
469,387,0,-4
377,532,0,-6
603,919,0,-1
69,871,0,-10
337,916,0,-9
148,669,0,-4
791,959,0,-5
279,562,0,-3
795,164,0,-4
654,558,0,-9
443,329,0,-9
139,819,0,-8
584,717,0,-8
605,965,0,-1
263,748,0,-4
594,742,0,-6
357,785,0,-8
377,346,0,-6
687,531,0,-2
93,933,0,-7
176,435,0,-2
946,499,0,-9
576,483,0,-9
982,14,0,-9
518,843,0,-9
408,554,0,-2
986,758,0,-6
146,864,0,-4
229,536,0,-6
221,688,0,-3
892,270,0,-4
218,541,0,-5
159,824,0,-4
963,831,0,-8
601,822,0,-7
473,894,0,-9
612,867,0,-4
826,295,0,-10
246,350,0,-1
695,249,0,-8
63,354,0,-2
568,373,0,-1
759,499,0,-9
382,833,0,-4
976,939,0,-4
33,84,0,-3
72,307,0,-1
945,206,0,-10
689,696,0,-3
684,125,0,-8
898,553,0,-3
9,592,0,-3
690,809,0,-1
164,437,0,-8
153,116,0,-8
626,222,0,-9
900,436,0,-6
457,482,0,-9
88,689,0,-8
674,432,0,-7
340,783,0,-2
734,131,0,-8
499,644,0,-7
589,979,0,-9
831,337,0,-7
693,90,0,-2
136,752,0,-10
175,786,0,-2
557,261,0,-8
818,813,0,-4
948,554,0,-4
616,983,0,-10
780,159,0,-5
389,230,0,-7
244,171,0,-3
68,599,0,-1
201,717,0,-6
455,130,0,-1
683,558,0,-3
999,712,0,-5
811,827,0,-9
17,269,0,-6
530,950,0,-9
377,291,0,-3
309,191,0,-10
72,62,0,-5
416,581,0,-7
339,559,0,-9
735,432,0,-2
225,800,0,-1
352,431,0,-7
205,718,0,-2
703,578,0,-8
714,675,0,-6
621,642,0,-6
758,527,0,-7
148,331,0,-10
772,333,0,-4
82,610,0,-5
340,937,0,-3
813,608,0,-5
281,344,0,-7
17,95,0,-10
211,99,0,-9
439,23,0,-3
215,791,0,-7
828,956,0,-4
251,104,0,-3
990,611,0,-3
52,424,0,-3
377,403,0,-2
624,297,0,-2
991,463,0,-10
248,554,0,-5
566,479,0,-1
731,491,0,-2
494,993,0,-2
412,423,0,-7
798,685,0,-4
324,679,0,-3
205,163,0,-10
577,450,0,-10
261,243,0,-8
983,403,0,-1
310,810,0,-2
39,925,0,-1
727,63,0,-3
543,864,0,-4
601,652,0,-1
834,802,0,-5
761,540,0,-6
92,684,0,-1
123,900,0,-10
698,806,0,-4
302,151,0,-4
736,148,0,-10
889,813,0,-5
254,571,0,-4
599,634,0,-2
582,527,0,-7
983,742,0,-1
367,766,0,-4
1,48,0,-3
47,869,0,-6
742,84,0,-2
730,594,0,-8
322,288,0,-7
152,478,0,-9
609,567,0,-4
589,719,0,-3
121,809,0,-7
445,411,0,-4
962,685,0,-8
317,71,0,-9
548,199,0,-5
732,792,0,-7
771,151,0,-5
721,319,0,-2
255,585,0,-3
891,79,0,-9
745,809,0,-1
402,704,0,-6
682,25,0,-8
597,724,0,-8
814,362,0,-3
226,683,0,-2
737,510,0,-4
380,537,0,-1
12,70,0,-8
463,260,0,-4
76,868,0,-6
592,875,0,-10
149,695,0,-8
145,334,0,-1
932,887,0,-7
727,127,0,-5
18,575,0,-4
732,849,0,-1
375,869,0,-10
390,342,0,-1
411,882,0,-1
619,447,0,-3
277,345,0,-6
733,86,0,-4
950,576,0,-9
50,826,0,-9
902,2,0,-6
225,256,0,-4
995,124,0,-8
590,660,0,-5
138,368,0,-1
666,527,0,-7
762,981,0,-6
810,977,0,-9
163,199,0,-8
704,165,0,-8
792,550,0,-1
750,59,0,-9
846,980,0,-4
951,44,0,-9
179,842,0,-5
142,547,0,-9
867,627,0,-7
54,757,0,-2
226,249,0,-9
368,348,0,-9
674,333,0,-7
550,869,0,-7
660,519,0,-8
337,651,0,-3
379,219,0,-9
552,599,0,-10
51,525,0,-8
788,821,0,-5
51,577,0,-8
737,755,0,-5
991,302,0,-5
2,740,0,-4
79,510,0,-3
935,839,0,-1
881,2,0,-3
188,410,0,-8
977,618,0,-3
755,89,0,-3
304,89,0,-2
571,73,0,-6
845,356,0,-2
188,218,0,-10
52,761,0,-3
637,917,0,-5
383,251,0,-8
372,238,0,-6
467,93,0,-4
485,476,0,-3
717,306,0,-9
415,299,0,-7
174,944,0,-8
506,494,0,-1
95,609,0,-3
361,688,0,-9
126,561,0,-5
788,238,0,-5
782,197,0,-5
371,458,0,-10
596,34,0,-3
3,454,0,-3
80,24,0,-1
689,296,0,-5
130,167,0,-5
799,558,0,-6
394,955,0,-10
760,985,0,-9
33,530,0,-5
866,747,0,-10
847,107,0,-5
513,811,0,-4
599,960,0,-1
201,752,0,-7
97,657,0,-5
550,531,0,-3
710,780,0,-3
196,704,0,-2
115,215,0,-6
28,778,0,-8
638,696,0,-1
72,303,0,-8
952,553,0,-6
321,200,0,-5
642,466,0,-10
959,121,0,-7
308,491,0,-4
809,60,0,-6
473,859,0,-2
289,816,0,-1
422,92,0,-2
59,718,0,-10
63,554,0,-4
859,302,0,-4
958,234,0,-1
505,417,0,-10
754,847,0,-10
186,113,0,-7
607,877,0,-3
831,415,0,-4
487,484,0,-2
80,398,0,-3
750,632,0,-3
528,941,0,-5
814,555,0,-3
498,900,0,-8
316,53,0,-7
409,162,0,-9
540,954,0,-9
839,160,0,-8
741,728,0,-2
916,609,0,-4
891,998,0,-8
327,879,0,-2
306,797,0,-7
202,931,0,-9
453,866,0,-3
709,198,0,-5
193,1,0,-4
540,829,0,-8
607,603,0,-9
257,624,0,-10
16,389,0,-3
729,318,0,-9
970,826,0,-1
394,881,0,-10
478,25,0,-4
609,542,0,-1
470,490,0,-8
710,215,0,-9
203,748,0,-2
394,148,0,-6
449,45,0,-6
894,226,0,-10
702,445,0,-2
719,351,0,-7
695,288,0,-9
270,350,0,-1
110,399,0,-4
467,193,0,-6
41,589,0,-1
944,414,0,-5
964,840,0,-6
646,49,0,-8
374,965,0,-3
923,543,0,-8
147,483,0,-10
951,66,0,-10
107,605,0,-9
171,39,0,-9
559,57,0,-7
696,70,0,-9
807,620,0,-7
31,20,0,-10
549,738,0,-8
400,518,0,-9
404,500,0,-9
564,742,0,-6
18,188,0,-10
593,592,0,-8
755,402,0,-10
353,53,0,-2
180,769,0,-7
905,57,0,-1
949,684,0,-6
470,472,0,-7
433,760,0,-4
739,463,0,-5
903,520,0,-8
937,374,0,-8
136,51,0,-10
470,1,0,-7
775,428,0,-4
502,686,0,-5
38,255,0,-8
543,463,0,-10
10,139,0,-6
540,86,0,-1
302,674,0,-8
748,293,0,-5
506,252,0,-8
417,943,0,-1
211,763,0,-4
254,500,0,-1
564,29,0,-6
556,542,0,-2
930,581,0,-8
846,601,0,-8
854,406,0,-3
484,62,0,-7
374,695,0,-7
155,365,0,-4
602,114,0,-2
37,481,0,-7
529,396,0,-2
886,154,0,-9
841,47,0,-5
890,946,0,-4
452,832,0,-10
792,988,0,-5
961,79,0,-4
184,262,0,-1
904,237,0,-1
616,596,0,-10
643,13,0,-3
556,359,0,-6
232,855,0,-7
973,810,0,-8
34,175,0,-10
303,982,0,-4
74,514,0,-4
864,422,0,-1
458,611,0,-8
527,52,0,-6
888,733,0,-5
418,318,0,-2
746,365,0,-3
697,214,0,-3
774,433,0,-10
916,45,0,-5
203,915,0,-5
365,869,0,-1
777,113,0,-6
897,517,0,-3
150,552,0,-7
294,699,0,-8
573,946,0,-1
292,74,0,-6
821,909,0,-4
887,143,0,-5
495,705,0,-3
345,210,0,-10
88,701,0,-10
539,44,0,-5
75,547,0,-8
343,992,0,-4
93,202,0,-6
97,468,0,-5
170,107,0,-5
758,148,0,-1
526,415,0,-1
390,337,0,-4
243,565,0,-3
759,174,0,-8
30,116,0,-2
318,851,0,-4
115,600,0,-2
600,408,0,-10
428,909,0,-4
228,539,0,-2
560,505,0,-10
263,80,0,-10
324,616,0,-6
281,277,0,-8
202,143,0,-4
990,826,0,-8
485,277,0,-5
73,657,0,-3
585,522,0,-6
660,452,0,-3
765,844,0,-9
341,871,0,-1
715,146,0,-8
128,845,0,-8
519,600,0,-9
680,854,0,-8
384,231,0,-1
894,464,0,-6
142,957,0,-4
7,157,0,-5
927,528,0,-8
211,872,0,-2
58,647,0,-4
972,75,0,-1
378,850,0,-6
878,60,0,-7
888,516,0,-4
603,282,0,-8
286,180,0,-1
521,14,0,-5
360,812,0,-1
667,191,0,-9
360,52,0,-10
590,43,0,-4
539,847,0,-5
157,647,0,-6
838,147,0,-5
411,21,0,-4
62,390,0,-7
75,271,0,-5
745,929,0,-4
304,39,0,-10
87,587,0,-2
518,19,0,-6
414,655,0,-6
598,344,0,-9
691,448,0,-6
743,328,0,-4
528,117,0,-10
814,37,0,-3
379,80,0,-3
203,999,0,-6
84,617,0,-2
467,382,0,-6
412,234,0,-3
943,723,0,-9
52,389,0,-5
112,1,0,-9
951,308,0,-1
633,632,0,-1
533,269,0,-2
22,320,0,-6
671,475,0,-1
965,373,0,-6
315,930,0,-10
222,904,0,-1
27,738,0,-3
175,955,0,-5
255,347,0,-2
664,416,0,-5
830,890,0,-5
769,38,0,-9
402,30,0,-4
770,544,0,-7
882,755,0,-5
824,488,0,-10
859,532,0,-1
158,124,0,-5
385,827,0,-9
732,141,0,-2
561,52,0,-4
330,635,0,-2
381,294,0,-9
350,898,0,-2
239,822,0,-9
944,185,0,-5
63,236,0,-6
87,973,0,-8
495,338,0,-10
730,922,0,-8
212,805,0,-7
393,533,0,-7
56,113,0,-2
387,566,0,-8
827,977,0,-1
79,551,0,-7
654,72,0,-1
214,427,0,-2
185,896,0,-8
272,17,0,-1
676,453,0,-8
585,149,0,-2
786,15,0,-6
977,52,0,-5
613,173,0,-1
743,478,0,-7
941,773,0,-2
137,774,0,-6
612,269,0,-2
69,60,0,-4
992,125,0,-9
749,422,0,-10
60,910,0,-6
685,753,0,-3
523,34,0,-9
648,140,0,-9
525,319,0,-10
994,772,0,-7
298,494,0,-5
585,641,0,-7
507,209,0,-8
768,361,0,-4
459,417,0,-6
476,613,0,-8
963,222,0,-8
359,421,0,-9
720,950,0,-1
367,66,0,-2
500,535,0,-6
413,850,0,-2
382,798,0,-5
722,855,0,-7
252,110,0,-3
352,194,0,-7
169,555,0,-5
791,404,0,-1
938,703,0,-2
413,31,0,-5
669,999,0,-7
717,178,0,-10
379,272,0,-9
82,244,0,-4
934,895,0,-6
56,67,0,-5
50,182,0,-10
429,636,0,-4
174,931,0,-9
700,581,0,-6
156,635,0,-7
769,257,0,-8
981,654,0,-3
847,8,0,-10
644,168,0,-2
869,93,0,-6
881,124,0,-9
526,781,0,-4
619,504,0,-3
869,628,0,-8
908,914,0,-4
812,638,0,-3
423,132,0,-9
477,71,0,-6
105,875,0,-2
791,211,0,-4
362,180,0,-6
699,125,0,-5
289,105,0,-7
820,974,0,-10
505,543,0,-6
291,945,0,-9
885,50,0,-10
695,663,0,-5
375,908,0,-5
757,15,0,-8
216,662,0,-3
967,942,0,-5
698,148,0,-10
660,982,0,-5
289,11,0,-7
461,979,0,-9
975,88,0,-4
280,781,0,-2
958,154,0,-1
665,566,0,-6
659,409,0,-3
572,775,0,-1
572,163,0,-9
272,149,0,-8
525,727,0,-5
458,911,0,-10
988,58,0,-10
78,771,0,-6
769,639,0,-3
836,360,0,-7
489,312,0,-3
470,192,0,-9
927,849,0,-1
328,659,0,-5
5,276,0,-1
758,612,0,-5
342,865,0,-8
475,420,0,-2
521,342,0,-3
143,356,0,-9
202,887,0,-3
495,246,0,-9
127,185,0,-3
559,976,0,-1
770,622,0,-9
217,155,0,-9
384,588,0,-10
259,459,0,-6
29,61,0,-9
671,679,0,-2
97,165,0,-7
708,138,0,-7
221,610,0,-1
60,596,0,-3
915,904,0,-7
132,608,0,-1
702,310,0,-6
414,151,0,-2
117,482,0,-4
390,34,0,-2
752,582,0,-3
621,576,0,-6
245,546,0,-5
292,64,0,-8
737,565,0,-7
533,954,0,-4
836,860,0,-1
292,714,0,-10
973,830,0,-6
376,24,0,-2
201,822,0,-10
714,679,0,-8
242,963,0,-8
269,903,0,-3
72,172,0,-10
227,144,0,-2
862,276,0,-7
834,916,0,-8
912,862,0,-5
898,125,0,-2
155,101,0,-8
682,422,0,-6
976,472,0,-4
329,401,0,-2
892,461,0,-9
358,954,0,-10
865,946,0,-1
397,27,0,-6
589,447,0,-4
597,822,0,-1
662,888,0,-6
714,313,0,-6
33,535,0,-10
767,974,0,-5
246,221,0,-2
281,792,0,-8
754,16,0,-7
794,717,0,-10
242,325,0,-2
230,276,0,-5
32,891,0,-7
62,723,0,-10
425,872,0,-2
973,708,0,-1
865,386,0,-6
446,33,0,-1
342,555,0,-4
544,823,0,-3
671,688,0,-1
225,172,0,-9
815,190,0,-6
849,697,0,-4
311,510,0,-3
326,740,0,-8
795,700,0,-4
279,795,0,-10
142,405,0,-2
405,881,0,-10
111,327,0,-5
549,867,0,-10
701,632,0,-1
719,774,0,-10
538,591,0,-8
382,367,0,-7
147,748,0,-9
303,597,0,-7
46,353,0,-7
646,478,0,-10
867,704,0,-4
986,288,0,-6
793,241,0,-7
272,443,0,-1
333,937,0,-5
622,560,0,-7
714,689,0,-4
193,528,0,-10
16,695,0,-3
565,44,0,-10
151,153,0,-4
101,240,0,-2
230,240,0,-7
264,811,0,-5
987,619,0,-6
793,790,0,-8
949,189,0,-5
238,589,0,-4
823,982,0,-10
694,657,0,-1
50,452,0,-2
403,179,0,-9
882,547,0,-4
24,93,0,-10
833,302,0,-5
762,817,0,-10
322,270,0,-1
338,411,0,-10
835,270,0,-10
310,551,0,-2
880,230,0,-5
38,468,0,-8
475,828,0,-6
262,917,0,-5
222,794,0,-5
16,469,0,-5
424,958,0,-1
211,973,0,-5
909,33,0,-3
183,594,0,-5
460,900,0,-9
924,491,0,-7
738,926,0,-6
516,85,0,-1
327,469,0,-8
372,754,0,-3
890,858,0,-3
415,473,0,-3
748,827,0,-8
741,535,0,-5
602,877,0,-9
800,320,0,-8
957,683,0,-9
474,658,0,-4
540,996,0,-8
778,460,0,-2
543,173,0,-2
359,184,0,-10
775,710,0,-5
692,933,0,-9
484,670,0,-3
165,293,0,-10
169,279,0,-8
148,69,0,-7
645,721,0,-7
254,877,0,-1
263,776,0,-6
902,803,0,-5
439,455,0,-8
608,940,0,-1
813,638,0,-2
158,634,0,-6
169,992,0,-2
937,586,0,-1
206,110,0,-7
648,204,0,-9
60,744,0,-9
813,748,0,-2
549,510,0,-5
21,865,0,-10
633,596,0,-3
68,871,0,-9
911,651,0,-4
949,304,0,-8
603,344,0,-8
662,861,0,-9
89,815,0,-6
93,75,0,-8
383,564,0,-9
61,644,0,-6
552,123,0,-3
771,263,0,-9
117,775,0,-6
640,378,0,-3
465,708,0,-2
62,256,0,-6
465,461,0,-9
101,523,0,-10
197,565,0,-7
724,75,0,-10
354,795,0,-8
304,223,0,-7
748,92,0,-8
363,764,0,-10
318,293,0,-4
206,104,0,-6
347,390,0,-9
37,193,0,-5
986,220,0,-5
517,911,0,-9
139,301,0,-2
720,517,0,-3
899,522,0,-1
135,334,0,-2
185,973,0,-6
82,375,0,-8
575,279,0,-7
198,990,0,-3
117,66,0,-10
383,159,0,-3
972,906,0,-3
288,865,0,-1
611,88,0,-4
828,308,0,-2
676,98,0,-3
291,819,0,-2
638,107,0,-5
644,162,0,-7
864,269,0,-9
934,140,0,-5
322,419,0,-9
869,598,0,-7
862,983,0,-5
19,18,0,-6
485,529,0,-10
291,121,0,-2
718,845,0,-5
753,384,0,-7
869,861,0,-9
124,557,0,-3
213,37,0,-5
983,383,0,-3
31,531,0,-10
399,867,0,-7
101,26,0,-4
938,210,0,-3
337,618,0,-1
337,131,0,-4
744,143,0,-5
706,658,0,-5
12,8,0,-1
253,514,0,-1
831,147,0,-7
11,201,0,-10
211,873,0,-7
196,420,0,-1
280,444,0,-1
971,291,0,-9
338,229,0,-3
132,212,0,-5
951,354,0,-2
20,622,0,-1
971,302,0,-1
179,375,0,-1
428,196,0,-5
596,134,0,-6
537,73,0,-3
352,97,0,-8
18,673,0,-7
920,325,0,-5
84,777,0,-8
164,632,0,-9
609,245,0,-1
279,24,0,-4
130,188,0,-6
171,843,0,-9
222,44,0,-7
725,938,0,-9
344,282,0,-4
401,848,0,-7
498,345,0,-9
698,291,0,-8
36,956,0,-10
17,203,0,-10
327,415,0,-3
410,606,0,-6
849,452,0,-6
601,476,0,-3
768,154,0,-2
292,436,0,-10
52,294,0,-2
24,55,0,-3
998,900,0,-3
545,812,0,-1
452,52,0,-6
719,625,0,-10
697,9,0,-4
941,600,0,-8
524,92,0,-9
937,739,0,-6
845,559,0,-10
316,245,0,-6
108,315,0,-7
408,435,0,-9
972,402,0,-3
251,901,0,-1
522,481,0,-6
204,830,0,-2
313,525,0,-9
827,187,0,-2
329,275,0,-2
203,383,0,-2
937,593,0,-2
229,303,0,-1
125,142,0,-2
430,10,0,-6
564,33,0,-8
501,583,0,-10
821,44,0,-2
143,951,0,-6
579,915,0,-6
818,438,0,-4
889,521,0,-7
367,330,0,-6
559,292,0,-1
885,710,0,-1
375,452,0,-4
852,322,0,-9
683,38,0,-4
120,604,0,-4
124,72,0,-2
202,890,0,-10
802,221,0,-8
349,303,0,-6
232,544,0,-5
27,67,0,-9
897,857,0,-10
78,184,0,-2
299,548,0,-5
187,873,0,-2
523,732,0,-3
892,5,0,-5
375,137,0,-10
824,216,0,-5
843,611,0,-3
970,780,0,-9
720,887,0,-9
459,847,0,-4
583,556,0,-3
704,186,0,-7
604,981,0,-6
817,710,0,-7
944,518,0,-4
280,620,0,-1
543,381,0,-1
444,390,0,-5
952,512,0,-10
131,452,0,-9
720,1000,0,-3
3,871,0,-8
311,374,0,-10
352,116,0,-10
284,572,0,-9
321,348,0,-6
356,699,0,-9
332,572,0,-1
809,709,0,-4
747,391,0,-4
804,489,0,-6
653,936,0,-1
153,740,0,-6
755,405,0,-1
525,235,0,-7
196,107,0,-1
350,72,0,-9
620,252,0,-10
298,798,0,-10
607,549,0,-5
862,841,0,-7
499,158,0,-8
444,1000,0,-9
988,651,0,-10
749,921,0,-7
752,69,0,-3
224,74,0,-9
628,924,0,-8
10,416,0,-10
426,525,0,-9
128,238,0,-5
690,411,0,-6
924,512,0,-9
629,538,0,-8
601,970,0,-6
320,909,0,-4
699,255,0,-10
178,35,0,-3
623,943,0,-8
164,742,0,-10
660,856,0,-3
175,972,0,-4
85,902,0,-8
791,792,0,-1
730,487,0,-6
859,481,0,-4
331,614,0,-1
38,309,0,-7
752,208,0,-4
537,386,0,-1
937,845,0,-4
575,649,0,-1
554,301,0,-9
59,359,0,-10
203,287,0,-8
593,679,0,-2
292,380,0,-4
142,111,0,-2
388,681,0,-7
896,288,0,-10
86,646,0,-8
973,712,0,-2
933,647,0,-1
962,455,0,-7
982,550,0,-10
395,651,0,-3
495,993,0,-4
814,966,0,-3
555,998,0,-9
526,187,0,-1
33,601,0,-1
596,471,0,-1
986,780,0,-8
843,279,0,-8
406,61,0,-3
268,526,0,-10
754,736,0,-4
99,534,0,-8
501,864,0,-7
209,98,0,-2
571,697,0,-4
646,841,0,-5
841,307,0,-10
109,180,0,-5
386,616,0,-9
879,275,0,-5
777,887,0,-5
334,353,0,-9
677,592,0,-9
885,278,0,-5
629,542,0,-8
913,907,0,-3
618,547,0,-8
787,879,0,-1
757,919,0,-8
107,336,0,-5
563,677,0,-6
549,571,0,-3
319,111,0,-4
705,284,0,-8
541,82,0,-6
587,555,0,-9
897,16,0,-9
68,377,0,-8
806,297,0,-10
947,158,0,-6
150,397,0,-6
687,515,0,-3
921,977,0,-3
1000,647,0,-9
736,497,0,-7
535,342,0,-5
162,629,0,-9
862,269,0,-5
81,126,0,-5
633,549,0,-8
434,658,0,-7
521,607,0,-6
700,658,0,-5
477,697,0,-6
203,701,0,-7
926,223,0,-3
129,545,0,-5
824,393,0,-2
527,613,0,-3
120,675,0,-6
579,449,0,-5
871,223,0,-4
148,542,0,-5
502,423,0,-1
897,751,0,-3
243,61,0,-4
123,456,0,-9
113,626,0,-6
856,420,0,-9
133,662,0,-8
906,850,0,-1
784,570,0,-6
987,352,0,-8
173,84,0,-4
546,835,0,-7
249,333,0,-2
869,360,0,-5
508,146,0,-4
133,784,0,-2
879,610,0,-7
885,105,0,-8
472,108,0,-3
409,382,0,-4
399,405,0,-10
775,899,0,-9
200,881,0,-7
977,279,0,-8
298,933,0,-1
950,284,0,-5
456,818,0,-10
598,492,0,-2
234,772,0,-4
397,755,0,-1
510,373,0,-3
172,793,0,-3
609,592,0,-6
290,294,0,-1
683,278,0,-7
85,80,0,-10
895,855,0,-7
227,338,0,-5
445,388,0,-1
300,445,0,-5
906,589,0,-1
603,388,0,-6
891,754,0,-6
986,254,0,-4
882,839,0,-2
240,141,0,-2
987,845,0,-3
257,208,0,-1
306,729,0,-9
464,339,0,-6
896,180,0,-7
89,456,0,-2
266,563,0,-5
609,604,0,-9
626,55,0,-4
388,169,0,-6
874,106,0,-4
81,542,0,-9
497,651,0,-4
27,702,0,-9
816,668,0,-3
54,94,0,-10
775,950,0,-6
194,818,0,-4
160,989,0,-4
188,238,0,-1
245,671,0,-1
338,354,0,-8
730,919,0,-6
232,185,0,-9
344,385,0,-3
217,904,0,-8
963,673,0,-3
553,437,0,-9
403,369,0,-9
827,243,0,-2
423,964,0,-9
465,589,0,-5
981,134,0,-6
392,617,0,-5
2,810,0,-9
465,597,0,-5
487,475,0,-10
3,976,0,-9
161,323,0,-2
40,908,0,-5
438,837,0,-3
96,667,0,-7
816,810,0,-9
616,225,0,-6
516,586,0,-2
746,922,0,-4
345,11,0,-7
450,781,0,-5
990,971,0,-5
73,315,0,-5
