98,598,0,3
261,761,0,7
395,895,0,9
426,926,0,3
480,980,0,5
254,375,0,-6
383,254,0,-6
247,383,0,-8
375,487,0,-7
470,254,0,-5
487,156,0,-8
375,499,0,-7
375,371,0,-2
156,388,0,-9
388,78,0,-5
443,388,0,-10
78,344,0,-9
231,254,0,-6
185,388,0,-8
443,197,0,-7
331,156,0,-5
197,444,0,-4
443,192,0,-4
121,444,0,-9
344,266,0,-7
247,2,0,-8
120,344,0,-9
247,204,0,-7
354,375,0,-4
29,354,0,-2
371,102,0,-9
371,403,0,-6
133,354,0,-8
135,2,0,-3
133,144,0,-3
78,104,0,-10
248,2,0,-3
106,354,0,-1
104,49,0,-8
382,204,0,-4
102,313,0,-2
391,231,0,-5
135,176,0,-4
239,197,0,-4
144,208,0,-4
71,208,0,-1
133,74,0,-8
499,19,0,-3
74,233,0,-9
391,145,0,-10
248,447,0,-6
19,168,0,-2
185,350,0,-7
20,208,0,-7
192,397,0,-10
341,266,0,-3
216,49,0,-10
29,243,0,-1
288,106,0,-9
347,192,0,-3
90,156,0,-6
133,392,0,-10
46,192,0,-10
145,432,0,-8
211,288,0,-3
470,62,0,-8
127,192,0,-3
182,156,0,-5
197,41,0,-2
29,181,0,-7
211,164,0,-3
491,382,0,-5
247,448,0,-5
470,37,0,-9
447,330,0,-10
247,47,0,-7
178,499,0,-3
217,47,0,-10
97,392,0,-6
89,254,0,-8
247,404,0,-2
144,385,0,-9
444,59,0,-3
102,214,0,-5
91,404,0,-5
54,192,0,-4
350,283,0,-1
30,432,0,-9
46,264,0,-8
265,2,0,-4
391,367,0,-3
392,270,0,-8
265,408,0,-2
133,363,0,-8
307,121,0,-5
52,216,0,-3
232,391,0,-2
431,367,0,-6
126,135,0,-2
431,457,0,-5
62,169,0,-1
432,262,0,-5
447,85,0,-8
363,452,0,-8
252,283,0,-2
214,137,0,-1
455,499,0,-9
197,467,0,-1
107,448,0,-10
91,177,0,-3
211,327,0,-8
204,23,0,-9
182,112,0,-4
270,222,0,-8
144,409,0,-9
345,248,0,-6
157,345,0,-9
500,29,0,-6
347,79,0,-7
68,443,0,-4
388,498,0,-5
364,181,0,-10
156,370,0,-3
133,425,0,-1
457,80,0,-9
222,334,0,-3
375,285,0,-9
167,266,0,-10
22,97,0,-1
300,211,0,-9
422,341,0,-9
71,160,0,-6
127,361,0,-1
270,458,0,-2
429,107,0,-1
346,144,0,-9
82,404,0,-1
269,354,0,-8
238,432,0,-5
54,280,0,-4
30,246,0,-4
59,213,0,-2
214,87,0,-7
443,405,0,-2
222,387,0,-6
389,425,0,-6
381,354,0,-3
3,444,0,-2
431,489,0,-5
407,185,0,-9
65,387,0,-6
246,289,0,-4
347,272,0,-6
269,124,0,-6
182,462,0,-6
491,304,0,-8
192,324,0,-3
90,193,0,-6
388,28,0,-5
160,416,0,-6
244,54,0,-7
70,182,0,-1
431,8,0,-9
55,364,0,-5
56,239,0,-8
214,305,0,-2
87,351,0,-10
375,125,0,-8
444,415,0,-7
6,90,0,-5
476,127,0,-3
134,49,0,-5
265,287,0,-4
84,133,0,-9
46,281,0,-9
329,89,0,-2
169,218,0,-7
119,216,0,-4
138,397,0,-1
245,125,0,-9
448,355,0,-4
159,307,0,-4
258,182,0,-3
160,108,0,-1
165,120,0,-5
47,163,0,-5
489,479,0,-4
383,12,0,-7
224,37,0,-9
106,43,0,-8
494,382,0,-7
55,105,0,-9
308,177,0,-1
256,499,0,-3
464,222,0,-10
131,135,0,-8
242,354,0,-3
40,452,0,-9
500,411,0,-3
250,22,0,-3
466,500,0,-2
290,135,0,-10
316,239,0,-2
181,342,0,-6
388,5,0,-6
267,341,0,-1
470,10,0,-9
6,175,0,-7
280,158,0,-10
184,350,0,-6
86,68,0,-8
477,489,0,-6
180,245,0,-6
109,388,0,-2
300,384,0,-2
71,469,0,-1
124,249,0,-9
486,144,0,-9
159,219,0,-6
341,67,0,-8
187,91,0,-8
417,239,0,-5
280,15,0,-3
93,250,0,-10
271,499,0,-2
441,248,0,-5
181,81,0,-2
108,386,0,-2
60,403,0,-8
347,449,0,-7
420,182,0,-4
394,324,0,-3
223,109,0,-9
471,231,0,-10
372,71,0,-3
222,203,0,-7
358,74,0,-7
420,485,0,-7
150,40,0,-4
290,460,0,-1
489,399,0,-9
23,199,0,-7
473,494,0,-10
398,381,0,-1
256,400,0,-3
90,237,0,-8
268,489,0,-8
335,3,0,-5
112,357,0,-1
261,203,0,-3
466,88,0,-3
128,28,0,-3
24,91,0,-6
366,239,0,-6
319,208,0,-6
363,17,0,-2
431,421,0,-10
8,34,0,-2
317,112,0,-1
279,425,0,-2
339,366,0,-4
185,468,0,-1
21,491,0,-8
14,258,0,-5
56,395,0,-9
255,134,0,-1
210,17,0,-2
391,492,0,-2
68,454,0,-7
151,71,0,-1
311,49,0,-4
241,462,0,-7
405,368,0,-9
275,405,0,-2
130,409,0,-8
168,337,0,-7
395,172,0,-10
406,460,0,-1
195,283,0,-8
189,361,0,-7
492,61,0,-7
470,57,0,-5
78,76,0,-9
217,53,0,-9
475,319,0,-2
261,179,0,-8
398,412,0,-7
376,425,0,-9
214,48,0,-4
259,144,0,-7
74,13,0,-4
380,280,0,-5
98,289,0,-6
266,200,0,-4
146,189,0,-6
211,320,0,-5
277,134,0,-9
60,333,0,-7
451,98,0,-2
326,391,0,-1
413,107,0,-8
219,196,0,-9
101,62,0,-7
160,113,0,-8
98,365,0,-6
165,297,0,-5
411,315,0,-10
392,198,0,-10
400,301,0,-10
231,220,0,-1
227,270,0,-4
383,229,0,-3
117,268,0,-1
478,6,0,-10
202,54,0,-4
334,296,0,-7
59,450,0,-3
274,17,0,-10
31,432,0,-7
273,247,0,-6
297,318,0,-7
433,432,0,-8
291,429,0,-9
89,136,0,-4
17,1,0,-6
155,389,0,-5
402,31,0,-6
140,242,0,-1
338,238,0,-4
260,195,0,-8
369,89,0,-3
276,6,0,-1
430,195,0,-10
207,159,0,-4
435,89,0,-4
397,194,0,-3
419,2,0,-10
337,360,0,-2
124,240,0,-8
392,129,0,-9
163,410,0,-10
312,360,0,-5
481,193,0,-2
460,66,0,-4
193,63,0,-10
395,39,0,-5
272,390,0,-9
217,379,0,-2
118,404,0,-5
497,214,0,-4
38,98,0,-4
393,361,0,-2
263,15,0,-9
411,314,0,-6
64,185,0,-1
176,205,0,-6
57,173,0,-9
181,418,0,-4
194,50,0,-1
182,161,0,-3
143,145,0,-8
209,66,0,-6
108,114,0,-1
139,237,0,-1
427,240,0,-7
254,493,0,-3
328,157,0,-8
392,286,0,-3
44,370,0,-8
144,332,0,-2
364,170,0,-1
178,321,0,-9
445,368,0,-3
201,79,0,-4
230,62,0,-10
277,96,0,-5
377,85,0,-2
110,338,0,-9
21,83,0,-7
251,177,0,-1
249,73,0,-7
84,295,0,-2
471,190,0,-6
95,366,0,-2
320,349,0,-6
297,142,0,-9
495,317,0,-2
147,345,0,-9
194,18,0,-10
417,438,0,-4
401,351,0,-5
299,317,0,-1
384,336,0,-9
75,61,0,-10
267,111,0,-9
221,67,0,-5
343,237,0,-1
70,474,0,-8
106,226,0,-1
378,499,0,-10
183,177,0,-4
491,58,0,-1
308,45,0,-2
424,88,0,-2
293,118,0,-5
359,420,0,-8
419,446,0,-2
436,93,0,-10
478,191,0,-8
113,472,0,-8
99,280,0,-3
38,437,0,-10
85,488,0,-1
490,361,0,-6
54,25,0,-1
395,302,0,-10
491,353,0,-5
297,282,0,-9
337,484,0,-9
392,32,0,-1
466,373,0,-6
153,10,0,-4
434,390,0,-10
186,96,0,-10
465,494,0,-10
246,92,0,-5
206,458,0,-7
384,322,0,-4
321,362,0,-2
495,42,0,-7
456,406,0,-9
453,415,0,-5
161,309,0,-4
473,325,0,-6
149,313,0,-3
125,51,0,-6
175,496,0,-4
256,16,0,-5
419,141,0,-8
251,426,0,-7
477,72,0,-5
94,495,0,-7
235,381,0,-4
374,365,0,-6
225,353,0,-1
116,300,0,-9
186,396,0,-4
9,49,0,-1
33,419,0,-10
284,380,0,-1
289,253,0,-10
77,101,0,-5
414,494,0,-2
257,377,0,-2
310,265,0,-5
323,50,0,-1
353,7,0,-3
192,212,0,-10
480,198,0,-7
58,340,0,-8
122,398,0,-2
203,440,0,-6
236,128,0,-2
159,103,0,-9
475,278,0,-6
37,35,0,-10
203,234,0,-10
215,61,0,-10
312,306,0,-10
439,169,0,-5
228,404,0,-10
69,65,0,-9
477,148,0,-6
4,189,0,-5
437,303,0,-8
73,482,0,-9
342,356,0,-1
339,171,0,-7
58,442,0,-9
100,395,0,-4
188,407,0,-3
192,36,0,-8
162,414,0,-1
427,428,0,-9
71,294,0,-10
285,26,0,-3
320,352,0,-4
27,481,0,-10
463,54,0,-1
129,174,0,-10
348,169,0,-6
166,418,0,-1
319,459,0,-9
454,154,0,-4
238,115,0,-5
398,152,0,-6
375,11,0,-4
210,483,0,-6
292,382,0,-2
132,419,0,-2
423,312,0,-3
271,461,0,-5
298,274,0,-5
58,123,0,-1
183,235,0,-1
5,110,0,-8
211,406,0,-6
444,73,0,-9
168,148,0,-10
264,485,0,-5
235,417,0,-3
137,270,0,-4
140,475,0,-7
478,157,0,-5
412,301,0,-1
217,114,0,-7
425,292,0,-2
78,40,0,-7
358,158,0,-2
117,30,0,-6
348,435,0,-3
123,366,0,-6
260,402,0,-8
407,99,0,-7
496,36,0,-1
496,453,0,-6
16,358,0,-10
75,123,0,-4
145,346,0,-7
410,179,0,-5
187,66,0,-9
446,178,0,-5
246,34,0,-10
319,437,0,-1
320,75,0,-8
40,280,0,-9
371,92,0,-10
407,140,0,-2
321,198,0,-8
53,272,0,-6
324,404,0,-7
69,122,0,-3
411,321,0,-6
35,63,0,-9
286,361,0,-10
216,467,0,-9
13,93,0,-10
380,469,0,-3
180,81,0,-9
374,7,0,-2
471,69,0,-5
499,299,0,-10
53,497,0,-5
452,436,0,-6
164,165,0,-2
423,90,0,-4
44,62,0,-9
419,485,0,-7
108,380,0,-1
63,279,0,-2
119,167,0,-9
407,298,0,-1
484,347,0,-6
83,263,0,-3
225,14,0,-7
403,447,0,-1
66,95,0,-1
116,58,0,-1
428,120,0,-7
491,441,0,-2
212,415,0,-8
339,334,0,-1
178,68,0,-7
341,16,0,-2
334,435,0,-4
392,399,0,-1
162,351,0,-7
355,38,0,-6
198,190,0,-2
438,396,0,-9
106,255,0,-8
254,10,0,-7
412,477,0,-3
366,195,0,-1
406,226,0,-6
195,49,0,-4
222,216,0,-4
276,328,0,-9
94,2,0,-4
280,389,0,-2
270,484,0,-3
170,39,0,-2
27,318,0,-1
151,118,0,-1
487,332,0,-7
151,331,0,-9
173,410,0,-10
77,161,0,-2
305,335,0,-3
456,33,0,-9
408,67,0,-5
447,136,0,-2
279,296,0,-8
495,141,0,-2
127,78,0,-6
27,454,0,-6
22,425,0,-6
136,380,0,-5
140,171,0,-9
461,42,0,-8
465,117,0,-8
322,371,0,-5
342,183,0,-4
174,334,0,-7
86,304,0,-7
281,367,0,-8
314,140,0,-10
256,296,0,-2
239,57,0,-8
166,230,0,-10
28,204,0,-5
117,299,0,-8
383,56,0,-3
126,393,0,-9
107,331,0,-3
292,387,0,-3
264,432,0,-3
56,245,0,-5
298,225,0,-3
132,372,0,-1
318,475,0,-10
51,415,0,-5
20,468,0,-4
479,214,0,-3
245,254,0,-8
215,55,0,-4
204,80,0,-4
198,206,0,-9
176,426,0,-6
233,353,0,-2
311,113,0,-10
77,234,0,-1
361,38,0,-9
96,361,0,-2
132,261,0,-4
268,207,0,-7
90,458,0,-5
204,307,0,-5
458,409,0,-3
497,390,0,-9
447,168,0,-9
110,146,0,-8
185,451,0,-5
190,327,0,-1
395,217,0,-10
490,279,0,-4
296,493,0,-6
2,481,0,-7
362,91,0,-3
453,452,0,-5
123,362,0,-2
434,364,0,-1
456,488,0,-9
195,497,0,-9
372,434,0,-6
42,402,0,-5
73,313,0,-4
325,146,0,-1
268,97,0,-4
496,405,0,-10
450,306,0,-7
420,415,0,-9
23,285,0,-10
477,471,0,-3
134,175,0,-5
498,391,0,-10
355,192,0,-10
215,348,0,-6
24,488,0,-1
270,485,0,-2
188,387,0,-9
303,394,0,-2
471,222,0,-7
191,338,0,-7
279,184,0,-3
73,350,0,-3
223,176,0,-3
307,411,0,-6
56,462,0,-10
179,400,0,-5
163,96,0,-7
19,430,0,-9
362,97,0,-7
63,494,0,-4
192,498,0,-2
324,228,0,-8
286,172,0,-9
497,500,0,-8
253,341,0,-6
390,161,0,-10
400,53,0,-6
135,498,0,-3
236,347,0,-2
38,308,0,-6
250,343,0,-9
70,428,0,-7
27,265,0,-6
189,116,0,-8
499,385,0,-6
400,342,0,-7
51,395,0,-7
437,121,0,-8
2,366,0,-7
70,390,0,-2
189,82,0,-1
278,212,0,-9
12,75,0,-6
296,373,0,-6
163,484,0,-10
369,489,0,-5
24,368,0,-8
312,457,0,-1
360,428,0,-5
447,142,0,-3
238,142,0,-5
241,109,0,-4
446,300,0,-5
210,433,0,-1
179,226,0,-2
172,139,0,-3
468,64,0,-1
304,267,0,-10
487,148,0,-7
426,266,0,-3
450,339,0,-9
465,198,0,-2
268,201,0,-8
482,11,0,-5
198,55,0,-7
249,403,0,-6
74,445,0,-2
360,336,0,-1
224,109,0,-5
473,86,0,-10
85,59,0,-8
323,466,0,-2
354,223,0,-7
279,387,0,-10
45,18,0,-10
35,310,0,-5
60,70,0,-6
444,476,0,-8
188,18,0,-4
80,76,0,-4
441,176,0,-10
8,250,0,-7
319,50,0,-6
234,157,0,-1
340,499,0,-3
244,19,0,-9
90,343,0,-1
300,153,0,-8
124,346,0,-1
63,8,0,-2
96,350,0,-9
223,331,0,-2
82,151,0,-7
134,160,0,-5
444,291,0,-10
39,278,0,-7
470,381,0,-9
229,480,0,-6
61,19,0,-1
391,63,0,-3
363,298,0,-9
124,426,0,-7
195,416,0,-9
136,275,0,-3
254,42,0,-1
77,214,0,-2
130,241,0,-5
399,481,0,-2
80,375,0,-4
485,119,0,-5
407,236,0,-7
350,106,0,-8
142,334,0,-7
294,382,0,-7
263,438,0,-6
18,120,0,-2
147,107,0,-3
394,346,0,-5
344,132,0,-10
394,432,0,-9
435,227,0,-5
321,12,0,-3
419,168,0,-5
247,243,0,-7
1,261,0,-2
403,141,0,-7
209,435,0,-4
151,59,0,-1
92,358,0,-5
387,308,0,-5
49,217,0,-3
285,394,0,-8
392,179,0,-3
271,1,0,-1
244,485,0,-1
94,203,0,-1
472,64,0,-5
269,308,0,-6
419,67,0,-9
326,152,0,-6
221,377,0,-7
387,194,0,-6
93,89,0,-5
69,302,0,-3
486,424,0,-6
246,261,0,-2
46,13,0,-3
422,75,0,-10
452,463,0,-8
53,368,0,-6
103,308,0,-6
453,433,0,-1
181,98,0,-6
97,289,0,-2
45,69,0,-7
192,490,0,-1
22,407,0,-8
168,195,0,-5
15,274,0,-4
441,313,0,-6
191,185,0,-10
266,103,0,-1
304,26,0,-5
46,443,0,-10
46,279,0,-3
46,27,0,-7
404,358,0,-4
241,330,0,-4
407,59,0,-6
308,384,0,-8
27,492,0,-2
245,395,0,-6
161,466,0,-4
498,406,0,-1
155,407,0,-6
269,82,0,-1
281,222,0,-1
132,254,0,-6
445,127,0,-3
148,59,0,-5
347,105,0,-10
98,128,0,-1
265,14,0,-10
116,493,0,-7
219,47,0,-10
177,239,0,-10
250,358,0,-8
272,138,0,-7
213,493,0,-9
123,45,0,-9
321,327,0,-6
11,251,0,-3
191,489,0,-5
174,56,0,-10
165,346,0,-3
438,194,0,-6
386,48,0,-6
21,287,0,-9
145,227,0,-5
269,6,0,-9
365,344,0,-8
419,155,0,-4
462,234,0,-4
169,334,0,-4
392,92,0,-10
482,175,0,-10
265,417,0,-1
311,78,0,-3
362,411,0,-9
338,232,0,-6
301,308,0,-1
15,212,0,-3
461,194,0,-5
307,148,0,-9
29,253,0,-5
196,50,0,-2
247,8,0,-9
299,212,0,-4
169,312,0,-7
293,45,0,-4
139,160,0,-9
404,420,0,-4
59,251,0,-3
200,176,0,-3
51,176,0,-3
108,101,0,-7
331,111,0,-10
169,266,0,-10
252,138,0,-1
403,192,0,-8
397,329,0,-10
11,113,0,-8
122,47,0,-3
380,429,0,-3
7,56,0,-2
258,9,0,-3
63,152,0,-5
201,57,0,-2
20,260,0,-9
159,7,0,-9
394,359,0,-10
239,288,0,-3
495,498,0,-3
282,400,0,-10
273,345,0,-4
479,287,0,-4
134,197,0,-2
105,164,0,-10
100,111,0,-8
468,500,0,-6
289,344,0,-4
483,33,0,-7
408,459,0,-5
156,384,0,-10
427,250,0,-7
401,220,0,-3
181,451,0,-5
277,137,0,-9
419,41,0,-9
433,496,0,-4
335,157,0,-9
223,198,0,-3
135,443,0,-1
307,262,0,-6
31,475,0,-1
394,251,0,-9
420,395,0,-6
139,453,0,-8
159,72,0,-8
286,79,0,-4
14,98,0,-3
147,420,0,-2
55,44,0,-7
149,97,0,-6
294,351,0,-2
387,123,0,-4
423,484,0,-4
327,231,0,-2
234,82,0,-10
79,200,0,-9
427,146,0,-1
83,196,0,-8
334,442,0,-10
97,322,0,-6
257,367,0,-7
190,277,0,-6
314,71,0,-2
245,287,0,-1
450,56,0,-3
282,169,0,-4
271,445,0,-10
164,189,0,-9
396,142,0,-2
96,420,0,-1
298,14,0,-3
334,461,0,-8
479,99,0,-1
52,443,0,-10
342,23,0,-9
202,188,0,-2
328,464,0,-8
136,11,0,-8
46,294,0,-3
473,300,0,-7
8,140,0,-7
382,124,0,-3
80,61,0,-3
429,20,0,-3
274,107,0,-3
71,352,0,-6
271,279,0,-7
55,429,0,-4
190,151,0,-5
186,151,0,-8
411,264,0,-5
13,215,0,-2
116,74,0,-10
91,119,0,-7
229,367,0,-8
126,199,0,-9
322,114,0,-10
234,156,0,-2
436,168,0,-6
124,316,0,-6
484,479,0,-6
147,410,0,-3
346,439,0,-3
284,414,0,-7
158,370,0,-4
12,221,0,-4
460,175,0,-7
