3,503,0,84
15,515,0,29
18,518,0,53
29,529,0,47
43,543,0,97
64,564,0,97
73,573,0,74
76,576,0,24
77,577,0,57
78,578,0,66
83,583,0,4
84,584,0,94
89,589,0,88
114,614,0,11
118,618,0,69
123,623,0,33
129,629,0,33
130,630,0,73
132,632,0,74
133,633,0,15
145,645,0,79
146,646,0,70
154,654,0,70
156,656,0,79
157,657,0,78
188,688,0,65
190,690,0,85
191,691,0,93
194,694,0,63
203,703,0,34
204,704,0,16
209,709,0,23
215,715,0,19
216,716,0,34
217,717,0,33
218,718,0,62
224,724,0,19
237,737,0,54
240,740,0,4
241,741,0,63
246,746,0,24
249,749,0,92
254,754,0,8
261,761,0,97
264,764,0,59
265,765,0,86
271,771,0,55
276,776,0,6
284,784,0,32
298,798,0,26
309,809,0,71
311,811,0,65
335,835,0,86
340,840,0,74
342,842,0,34
344,844,0,58
349,849,0,97
357,857,0,75
360,860,0,50
363,863,0,77
380,880,0,56
387,887,0,74
400,900,0,22
408,908,0,66
409,909,0,97
414,914,0,45
421,921,0,43
425,925,0,71
433,933,0,12
437,937,0,55
439,939,0,63
440,940,0,26
442,942,0,8
448,948,0,29
449,949,0,77
451,951,0,72
476,976,0,51
481,981,0,74
489,989,0,94
493,993,0,23
496,996,0,9
498,998,0,41
500,1000,0,18
498,255,0,-7
264,498,0,-8
381,498,0,-4
264,193,0,-8
278,255,0,-8
264,271,0,-4
465,271,0,-4
278,281,0,-5
465,305,0,-8
281,354,0,-9
465,496,0,-10
498,34,0,-7
465,466,0,-6
465,131,0,-1
272,381,0,-10
272,418,0,-8
280,271,0,-6
305,492,0,-3
278,340,0,-4
466,212,0,-3
496,238,0,-4
145,281,0,-8
146,340,0,-7
418,141,0,-5
348,466,0,-9
348,306,0,-10
425,271,0,-7
156,425,0,-8
272,273,0,-9
366,492,0,-6
212,222,0,-8
90,496,0,-3
232,465,0,-10
91,232,0,-1
91,163,0,-6
224,255,0,-8
498,491,0,-5
110,305,0,-1
416,418,0,-2
403,418,0,-6
23,498,0,-5
387,222,0,-4
306,108,0,-8
201,496,0,-6
306,376,0,-8
489,491,0,-9
249,496,0,-5
272,134,0,-2
212,117,0,-6
381,181,0,-9
232,124,0,-4
255,482,0,-9
203,117,0,-4
137,201,0,-7
366,447,0,-2
387,164,0,-10
110,473,0,-9
355,238,0,-5
3,348,0,-6
13,141,0,-3
48,473,0,-5
239,181,0,-3
379,239,0,-4
416,234,0,-3
466,86,0,-5
131,53,0,-9
426,273,0,-2
262,447,0,-10
6,156,0,-9
23,12,0,-6
272,423,0,-10
222,350,0,-7
376,478,0,-3
388,203,0,-3
478,43,0,-7
156,133,0,-10
476,133,0,-4
496,87,0,-5
393,491,0,-7
19,91,0,-7
381,325,0,-2
492,171,0,-2
497,91,0,-7
423,469,0,-9
238,499,0,-6
281,132,0,-8
471,234,0,-4
376,129,0,-1
48,111,0,-7
373,340,0,-4
320,6,0,-5
331,131,0,-3
495,478,0,-1
172,212,0,-1
64,34,0,-6
475,496,0,-7
425,364,0,-8
234,184,0,-4
39,471,0,-2
390,117,0,-4
388,5,0,-6
43,420,0,-7
163,38,0,-8
181,241,0,-8
399,201,0,-8
222,195,0,-3
192,23,0,-9
242,91,0,-3
447,353,0,-9
21,482,0,-10
167,353,0,-10
12,479,0,-2
472,38,0,-9
5,189,0,-10
313,381,0,-9
133,116,0,-2
86,31,0,-9
497,318,0,-1
308,203,0,-10
116,17,0,-10
331,122,0,-9
163,464,0,-10
335,350,0,-6
82,425,0,-3
366,289,0,-9
369,249,0,-6
175,489,0,-9
134,488,0,-8
277,3,0,-1
251,262,0,-3
366,24,0,-10
129,144,0,-9
489,449,0,-7
474,163,0,-5
473,326,0,-2
338,369,0,-4
477,272,0,-3
132,10,0,-10
379,56,0,-4
481,184,0,-2
439,420,0,-10
10,188,0,-6
195,351,0,-2
175,357,0,-9
339,48,0,-5
78,232,0,-5
270,305,0,-8
251,480,0,-9
195,206,0,-10
438,403,0,-7
24,98,0,-2
243,212,0,-5
90,233,0,-1
383,48,0,-3
434,277,0,-7
216,86,0,-1
167,246,0,-4
98,314,0,-9
425,336,0,-7
278,250,0,-5
348,405,0,-9
191,264,0,-10
226,239,0,-2
16,473,0,-3
420,299,0,-8
462,376,0,-10
336,67,0,-2
364,431,0,-7
69,272,0,-5
154,13,0,-3
39,63,0,-8
339,446,0,-9
271,349,0,-1
142,108,0,-10
83,350,0,-3
320,456,0,-9
333,122,0,-2
207,438,0,-9
158,238,0,-8
90,414,0,-5
272,170,0,-9
314,155,0,-6
437,383,0,-8
478,367,0,-2
272,176,0,-10
88,387,0,-5
479,103,0,-8
122,25,0,-3
169,335,0,-5
425,382,0,-1
260,188,0,-2
163,47,0,-6
158,290,0,-7
414,372,0,-5
18,38,0,-2
486,354,0,-3
363,439,0,-2
23,284,0,-10
92,31,0,-4
116,140,0,-9
478,245,0,-8
479,96,0,-10
290,328,0,-6
388,254,0,-1
301,357,0,-3
47,125,0,-4
121,188,0,-1
471,112,0,-5
458,390,0,-3
141,341,0,-2
16,9,0,-3
377,116,0,-10
140,312,0,-10
237,469,0,-8
228,447,0,-7
465,428,0,-2
292,464,0,-7
171,50,0,-5
81,103,0,-10
61,191,0,-10
303,167,0,-3
367,442,0,-3
416,392,0,-9
255,342,0,-1
226,453,0,-1
36,418,0,-3
348,236,0,-7
74,438,0,-10
443,357,0,-9
199,92,0,-7
200,348,0,-7
73,479,0,-9
19,99,0,-2
455,250,0,-7
315,170,0,-5
161,124,0,-7
415,426,0,-3
311,181,0,-3
118,326,0,-3
58,193,0,-9
338,227,0,-7
85,24,0,-7
26,170,0,-9
431,105,0,-2
151,73,0,-1
479,218,0,-7
346,426,0,-8
223,188,0,-1
215,90,0,-2
499,52,0,-8
234,487,0,-10
494,489,0,-2
98,68,0,-1
138,24,0,-4
374,103,0,-10
200,153,0,-3
392,123,0,-2
61,28,0,-4
98,89,0,-5
179,153,0,-10
342,409,0,-3
269,273,0,-1
239,77,0,-1
284,177,0,-3
330,73,0,-3
16,114,0,-2
482,412,0,-8
293,350,0,-7
185,192,0,-8
494,319,0,-6
499,252,0,-10
443,396,0,-2
303,397,0,-2
339,148,0,-7
277,352,0,-6
106,167,0,-5
247,434,0,-2
422,138,0,-8
154,445,0,-4
206,202,0,-8
408,31,0,-9
355,235,0,-1
197,420,0,-6
10,94,0,-4
417,242,0,-8
83,279,0,-7
144,334,0,-4
337,482,0,-9
102,52,0,-2
448,480,0,-4
327,179,0,-6
42,340,0,-7
328,485,0,-4
148,79,0,-7
240,412,0,-1
430,369,0,-5
217,301,0,-1
272,150,0,-3
406,36,0,-8
27,132,0,-1
439,266,0,-7
239,371,0,-1
423,295,0,-6
238,194,0,-2
216,229,0,-2
74,2,0,-3
116,253,0,-10
319,451,0,-1
37,271,0,-8
389,390,0,-9
51,13,0,-9
177,57,0,-6
436,372,0,-4
344,138,0,-5
327,248,0,-5
9,231,0,-6
220,235,0,-6
32,19,0,-7
252,358,0,-4
398,293,0,-9
63,139,0,-5
480,130,0,-3
343,382,0,-3
186,364,0,-10
87,190,0,-1
84,193,0,-3
144,450,0,-9
59,353,0,-6
184,410,0,-5
113,406,0,-1
166,83,0,-1
14,231,0,-3
296,106,0,-1
20,84,0,-6
240,302,0,-6
430,401,0,-2
188,285,0,-3
437,429,0,-5
68,115,0,-9
38,15,0,-3
281,196,0,-2
295,104,0,-4
329,270,0,-10
368,416,0,-6
143,148,0,-3
347,131,0,-8
42,427,0,-8
472,283,0,-10
288,340,0,-1
477,30,0,-8
132,444,0,-9
301,35,0,-9
142,317,0,-2
356,190,0,-8
294,425,0,-1
308,324,0,-3
103,261,0,-9
219,231,0,-2
174,496,0,-10
458,394,0,-2
309,437,0,-1
100,335,0,-8
213,290,0,-1
494,183,0,-2
297,199,0,-1
327,149,0,-5
70,324,0,-3
121,259,0,-10
244,144,0,-1
263,455,0,-8
124,391,0,-4
434,304,0,-8
244,411,0,-7
123,419,0,-10
217,214,0,-1
323,223,0,-6
33,412,0,-8
413,176,0,-2
459,223,0,-10
388,211,0,-7
498,93,0,-2
184,375,0,-3
121,54,0,-5
310,61,0,-4
187,174,0,-1
295,365,0,-8
361,308,0,-2
178,27,0,-4
89,490,0,-3
468,39,0,-2
487,208,0,-9
384,229,0,-8
80,492,0,-10
58,256,0,-1
180,311,0,-3
367,298,0,-8
84,484,0,-10
286,150,0,-10
493,399,0,-3
195,258,0,-7
326,11,0,-4
6,136,0,-6
257,106,0,-1
44,387,0,-3
500,352,0,-5
113,424,0,-4
433,337,0,-1
26,45,0,-7
255,60,0,-3
380,12,0,-7
111,49,0,-6
465,400,0,-9
405,1,0,-2
276,174,0,-2
123,126,0,-2
9,421,0,-4
163,22,0,-2
495,46,0,-4
66,328,0,-8
429,173,0,-8
470,257,0,-1
97,64,0,-2
192,395,0,-4
388,457,0,-3
71,405,0,-7
74,119,0,-5
454,30,0,-9
118,300,0,-9
320,120,0,-8
435,455,0,-2
421,461,0,-1
267,197,0,-3
91,157,0,-2
209,132,0,-6
72,492,0,-5
440,320,0,-5
402,320,0,-8
360,186,0,-6
369,441,0,-7
198,273,0,-5
336,29,0,-8
321,2,0,-4
143,385,0,-10
279,160,0,-9
63,359,0,-10
80,404,0,-1
318,230,0,-4
291,141,0,-5
282,17,0,-8
80,345,0,-10
452,143,0,-7
277,107,0,-2
147,382,0,-5
305,287,0,-3
282,8,0,-7
316,212,0,-5
160,265,0,-9
210,243,0,-8
425,268,0,-1
332,85,0,-1
135,498,0,-6
15,7,0,-4
225,170,0,-6
467,252,0,-1
232,76,0,-4
101,84,0,-2
69,322,0,-7
55,68,0,-7
460,172,0,-8
221,365,0,-2
447,275,0,-9
352,162,0,-3
123,40,0,-6
438,204,0,-1
75,104,0,-4
62,262,0,-6
155,65,0,-2
432,249,0,-2
146,307,0,-5
378,13,0,-3
159,484,0,-8
108,182,0,-3
196,152,0,-3
165,20,0,-9
410,463,0,-3
168,263,0,-4
278,4,0,-9
274,494,0,-10
95,192,0,-5
483,206,0,-2
414,109,0,-4
175,407,0,-1
20,362,0,-7
205,174,0,-10
54,370,0,-2
128,335,0,-3
386,293,0,-3
127,303,0,-9
293,41,0,-5
385,338,0,-9
138,77,0,-10
427,216,0,-4
203,81,0,-1
488,179,0,-6
400,431,0,-9
121,366,0,-9
219,27,0,-2
188,173,0,-9
98,360,0,-9
401,406,0,-2
177,103,0,-5
102,292,0,-3
144,465,0,-10
321,43,0,-1
205,281,0,-2
198,208,0,-3
241,246,0,-5
98,210,0,-7
470,345,0,-3
353,39,0,-3
256,464,0,-8
361,364,0,-2
390,65,0,-1
126,220,0,-4
88,120,0,-10
146,390,0,-2
56,268,0,-7
69,273,0,-9
71,308,0,-6
231,377,0,-6
204,448,0,-7
484,376,0,-4
478,33,0,-6
13,320,0,-7
5,81,0,-8
176,315,0,-6
5,40,0,-2
127,298,0,-5
396,130,0,-1
373,309,0,-7
116,355,0,-10
455,454,0,-7
296,73,0,-3
284,472,0,-7
491,290,0,-10
215,193,0,-6
271,387,0,-1
80,229,0,-6
371,247,0,-10
86,254,0,-7
154,460,0,-9
354,308,0,-3
166,473,0,-4
84,472,0,-4
363,264,0,-7
117,285,0,-3
53,265,0,-7
210,417,0,-4
235,11,0,-6
136,197,0,-10
7,147,0,-1
256,148,0,-2
438,410,0,-9
342,228,0,-4
417,214,0,-7
33,223,0,-3
345,225,0,-1
91,246,0,-10
474,289,0,-3
354,82,0,-7
224,274,0,-9
316,189,0,-6
341,302,0,-9
348,6,0,-2
3,475,0,-6
66,38,0,-2
384,197,0,-10
300,92,0,-3
72,224,0,-4
196,383,0,-5
246,59,0,-7
362,311,0,-10
142,135,0,-8
164,332,0,-7
201,164,0,-9
265,266,0,-10
369,128,0,-2
117,384,0,-8
169,40,0,-5
464,159,0,-2
2,474,0,-5
434,351,0,-4
258,163,0,-7
12,36,0,-6
454,416,0,-3
271,300,0,-1
135,379,0,-4
406,495,0,-9
366,362,0,-4
283,90,0,-3
474,372,0,-8
214,189,0,-8
30,213,0,-10
150,98,0,-4
452,426,0,-6
146,375,0,-8
483,341,0,-5
164,108,0,-1
488,405,0,-8
9,140,0,-6
45,348,0,-3
373,403,0,-8
254,394,0,-5
106,371,0,-5
330,392,0,-10
47,257,0,-9
233,278,0,-4
292,109,0,-10
171,160,0,-1
150,410,0,-5
132,289,0,-6
485,494,0,-9
106,470,0,-1
447,409,0,-9
356,220,0,-1
