1,501,0,41
5,505,0,75
6,506,0,81
7,507,0,63
10,510,0,30
12,512,0,59
13,513,0,73
14,514,0,19
17,517,0,45
18,518,0,47
19,519,0,31
20,520,0,69
22,522,0,80
26,526,0,32
27,527,0,77
31,531,0,66
32,532,0,74
35,535,0,3
36,536,0,63
37,537,0,77
38,538,0,6
39,539,0,5
41,541,0,80
42,542,0,75
45,545,0,6
47,547,0,79
48,548,0,67
50,550,0,70
55,555,0,65
58,558,0,32
60,560,0,67
62,562,0,68
64,564,0,94
65,565,0,17
69,569,0,63
72,572,0,41
76,576,0,77
77,577,0,84
79,579,0,94
81,581,0,88
82,582,0,72
83,583,0,83
84,584,0,33
85,585,0,90
88,588,0,23
92,592,0,66
93,593,0,4
94,594,0,22
96,596,0,33
98,598,0,66
100,600,0,44
101,601,0,88
103,603,0,92
104,604,0,93
107,607,0,24
108,608,0,33
110,610,0,88
112,612,0,82
117,617,0,55
118,618,0,86
119,619,0,37
120,620,0,62
122,622,0,30
123,623,0,11
126,626,0,29
127,627,0,24
128,628,0,8
129,629,0,41
130,630,0,85
131,631,0,40
134,634,0,37
135,635,0,34
137,637,0,93
140,640,0,24
142,642,0,3
143,643,0,19
151,651,0,28
152,652,0,4
153,653,0,57
156,656,0,17
158,658,0,74
161,661,0,54
162,662,0,61
164,664,0,76
165,665,0,37
166,666,0,22
170,670,0,84
171,671,0,10
174,674,0,63
177,677,0,55
179,679,0,71
181,681,0,74
186,686,0,6
188,688,0,55
190,690,0,77
192,692,0,11
193,693,0,49
194,694,0,25
197,697,0,78
201,701,0,62
203,703,0,13
208,708,0,20
209,709,0,10
210,710,0,26
211,711,0,28
212,712,0,34
215,715,0,74
216,716,0,69
219,719,0,50
220,720,0,23
221,721,0,45
225,725,0,26
226,726,0,47
228,728,0,3
229,729,0,43
231,731,0,39
233,733,0,38
234,734,0,35
235,735,0,69
236,736,0,91
238,738,0,62
241,741,0,44
245,745,0,50
246,746,0,93
247,747,0,32
250,750,0,5
252,752,0,97
253,753,0,90
255,755,0,40
257,757,0,12
261,761,0,16
264,764,0,79
268,768,0,74
269,769,0,65
270,770,0,16
271,771,0,27
272,772,0,77
274,774,0,97
275,775,0,68
276,776,0,2
277,777,0,84
278,778,0,5
282,782,0,31
283,783,0,26
284,784,0,66
285,785,0,55
287,787,0,88
288,788,0,33
290,790,0,90
293,793,0,47
295,795,0,70
296,796,0,65
299,799,0,9
302,802,0,61
306,806,0,54
308,808,0,34
309,809,0,97
310,810,0,38
311,811,0,85
318,818,0,73
319,819,0,94
320,820,0,34
321,821,0,29
325,825,0,99
326,826,0,78
331,831,0,98
333,833,0,62
334,834,0,92
336,836,0,76
339,839,0,90
340,840,0,56
341,841,0,67
342,842,0,56
343,843,0,22
345,845,0,66
346,846,0,12
352,852,0,97
354,854,0,14
355,855,0,96
356,856,0,4
360,860,0,53
361,861,0,89
362,862,0,9
364,864,0,2
367,867,0,7
372,872,0,14
374,874,0,1
375,875,0,69
378,878,0,55
382,882,0,58
385,885,0,93
386,886,0,58
387,887,0,33
388,888,0,23
389,889,0,93
390,890,0,58
391,891,0,43
392,892,0,85
394,894,0,97
395,895,0,56
399,899,0,41
400,900,0,98
401,901,0,7
404,904,0,1
405,905,0,8
407,907,0,45
410,910,0,42
416,916,0,17
419,919,0,6
420,920,0,38
422,922,0,16
426,926,0,80
427,927,0,98
432,932,0,94
435,935,0,19
437,937,0,13
438,938,0,99
442,942,0,59
445,945,0,1
451,951,0,62
452,952,0,82
454,954,0,30
455,955,0,86
456,956,0,20
458,958,0,65
459,959,0,53
461,961,0,43
462,962,0,13
463,963,0,3
464,964,0,94
466,966,0,42
467,967,0,18
468,968,0,26
470,970,0,15
472,972,0,61
474,974,0,43
475,975,0,55
479,979,0,41
480,980,0,39
482,982,0,13
483,983,0,71
484,984,0,6
486,986,0,4
487,987,0,59
488,988,0,51
490,990,0,70
495,995,0,15
497,997,0,91
498,998,0,50
499,999,0,65
41,107,0,-10
41,469,0,-7
41,392,0,-6
151,392,0,-8
117,151,0,-9
391,41,0,-10
41,397,0,-6
117,454,0,-10
117,293,0,-3
455,107,0,-7
391,225,0,-10
186,392,0,-1
399,454,0,-8
392,426,0,-9
281,41,0,-4
469,160,0,-2
350,117,0,-2
454,355,0,-2
204,355,0,-10
128,392,0,-1
399,17,0,-6
151,299,0,-4
351,391,0,-6
455,446,0,-4
187,391,0,-1
79,299,0,-7
151,23,0,-2
195,117,0,-4
499,187,0,-2
83,79,0,-3
426,146,0,-10
350,65,0,-6
409,83,0,-8
392,470,0,-4
246,160,0,-5
4,83,0,-5
399,357,0,-5
191,351,0,-4
409,370,0,-6
144,225,0,-4
188,160,0,-5
476,350,0,-3
469,340,0,-7
76,392,0,-7
271,469,0,-8
152,499,0,-8
315,397,0,-2
272,152,0,-10
76,106,0,-8
152,200,0,-1
101,23,0,-1
146,478,0,-2
474,79,0,-5
17,276,0,-8
270,370,0,-6
488,355,0,-7
345,357,0,-5
46,469,0,-9
74,204,0,-9
315,125,0,-3
104,225,0,-8
146,341,0,-9
187,108,0,-10
340,344,0,-10
345,483,0,-7
250,23,0,-6
235,455,0,-2
77,272,0,-3
428,125,0,-7
436,428,0,-9
399,312,0,-9
246,60,0,-9
41,262,0,-10
67,355,0,-2
88,478,0,-4
445,474,0,-3
470,149,0,-2
400,436,0,-7
488,69,0,-7
379,187,0,-4
288,144,0,-7
212,350,0,-1
365,186,0,-10
470,418,0,-3
429,499,0,-5
99,379,0,-8
409,274,0,-7
41,438,0,-4
67,260,0,-10
351,451,0,-5
340,489,0,-1
396,60,0,-1
429,239,0,-7
81,370,0,-4
108,153,0,-6
146,123,0,-7
266,83,0,-5
451,2,0,-10
499,141,0,-5
455,249,0,-6
489,487,0,-2
24,451,0,-3
96,239,0,-7
409,316,0,-9
79,214,0,-9
420,117,0,-8
416,396,0,-1
82,83,0,-6
400,131,0,-2
401,60,0,-1
345,491,0,-8
397,145,0,-8
122,195,0,-6
350,201,0,-6
48,399,0,-4
392,33,0,-5
88,179,0,-8
37,418,0,-2
125,253,0,-2
99,389,0,-4
323,340,0,-1
67,484,0,-1
312,410,0,-4
432,488,0,-3
79,211,0,-9
108,224,0,-10
389,364,0,-7
12,357,0,-3
395,401,0,-10
115,141,0,-3
332,46,0,-7
412,410,0,-3
489,283,0,-6
455,356,0,-4
468,152,0,-2
172,396,0,-3
436,176,0,-3
398,186,0,-8
197,88,0,-4
474,241,0,-10
123,376,0,-2
128,435,0,-5
46,10,0,-5
77,121,0,-7
452,483,0,-4
164,145,0,-10
197,268,0,-3
318,149,0,-10
281,380,0,-7
46,1,0,-5
69,317,0,-2
140,370,0,-8
99,325,0,-3
77,472,0,-1
288,114,0,-10
45,392,0,-9
164,408,0,-6
218,211,0,-2
125,245,0,-7
460,4,0,-3
115,36,0,-4
32,65,0,-8
465,445,0,-7
9,401,0,-2
145,112,0,-8
29,469,0,-2
390,131,0,-4
449,315,0,-10
140,322,0,-2
17,40,0,-7
382,420,0,-5
488,213,0,-4
463,224,0,-4
292,316,0,-3
304,426,0,-9
16,357,0,-5
170,312,0,-5
170,13,0,-4
477,397,0,-1
324,188,0,-8
487,320,0,-10
129,48,0,-4
356,337,0,-1
231,239,0,-9
112,199,0,-3
265,488,0,-8
330,432,0,-2
487,492,0,-2
344,294,0,-7
270,173,0,-8
421,123,0,-5
180,274,0,-8
69,202,0,-10
383,83,0,-7
49,288,0,-6
214,297,0,-4
438,439,0,-1
414,33,0,-5
423,104,0,-9
296,160,0,-7
493,420,0,-1
423,386,0,-8
93,160,0,-1
381,82,0,-8
263,429,0,-1
447,99,0,-8
25,435,0,-7
33,216,0,-10
87,249,0,-9
484,331,0,-10
413,499,0,-8
96,441,0,-1
223,492,0,-6
169,432,0,-6
356,182,0,-1
481,131,0,-3
297,404,0,-4
173,228,0,-5
398,126,0,-4
38,67,0,-9
273,228,0,-7
237,409,0,-7
10,368,0,-2
328,200,0,-3
120,368,0,-4
291,322,0,-10
158,265,0,-6
485,337,0,-7
188,80,0,-4
360,404,0,-6
7,487,0,-8
198,451,0,-1
181,288,0,-1
188,20,0,-3
463,261,0,-7
76,90,0,-2
451,443,0,-4
454,73,0,-4
5,499,0,-2
266,375,0,-4
21,365,0,-8
169,203,0,-6
103,344,0,-8
226,470,0,-5
241,124,0,-6
192,81,0,-2
85,451,0,-4
105,438,0,-9
172,127,0,-4
450,195,0,-9
287,198,0,-4
368,282,0,-1
249,142,0,-7
490,246,0,-6
195,327,0,-6
319,355,0,-3
36,431,0,-8
291,71,0,-7
108,6,0,-8
168,88,0,-10
414,11,0,-4
446,464,0,-1
190,164,0,-1
64,390,0,-10
411,99,0,-8
367,282,0,-5
417,410,0,-6
135,355,0,-10
78,287,0,-7
321,191,0,-4
351,310,0,-2
398,119,0,-3
477,456,0,-6
267,10,0,-10
89,103,0,-2
347,360,0,-4
424,123,0,-2
221,424,0,-7
401,116,0,-10
202,387,0,-10
132,270,0,-8
78,68,0,-8
491,302,0,-8
357,232,0,-6
204,374,0,-5
223,366,0,-9
43,16,0,-7
160,139,0,-4
104,444,0,-2
346,153,0,-8
435,66,0,-5
158,27,0,-10
433,413,0,-6
470,495,0,-10
290,2,0,-5
103,242,0,-6
400,91,0,-6
70,484,0,-10
417,422,0,-4
72,270,0,-6
207,23,0,-1
475,493,0,-9
317,220,0,-2
187,54,0,-10
340,280,0,-7
306,4,0,-5
375,243,0,-4
497,226,0,-4
102,5,0,-7
187,371,0,-8
430,478,0,-7
206,302,0,-7
102,394,0,-1
36,163,0,-8
432,244,0,-5
500,114,0,-9
483,165,0,-10
38,278,0,-5
185,401,0,-5
227,296,0,-9
125,307,0,-9
491,92,0,-10
61,337,0,-10
277,13,0,-8
179,51,0,-8
428,427,0,-7
363,123,0,-2
425,108,0,-8
118,81,0,-8
335,164,0,-4
98,351,0,-7
326,204,0,-2
5,415,0,-6
387,148,0,-10
254,125,0,-4
392,258,0,-1
196,253,0,-9
482,164,0,-6
50,144,0,-3
342,237,0,-4
499,137,0,-10
302,440,0,-6
83,95,0,-5
292,34,0,-4
459,444,0,-4
238,455,0,-5
208,191,0,-6
269,60,0,-1
339,78,0,-10
349,117,0,-6
251,497,0,-10
391,155,0,-3
266,28,0,-7
214,111,0,-7
461,387,0,-2
261,298,0,-3
451,8,0,-1
51,305,0,-1
219,335,0,-10
357,19,0,-8
53,152,0,-2
255,60,0,-8
317,86,0,-9
22,121,0,-2
389,402,0,-6
123,42,0,-4
333,487,0,-2
165,14,0,-10
419,380,0,-3
284,367,0,-3
272,372,0,-1
495,157,0,-1
76,448,0,-3
211,358,0,-5
159,428,0,-4
469,309,0,-6
63,80,0,-1
373,149,0,-1
408,336,0,-7
200,384,0,-10
166,324,0,-2
173,236,0,-5
20,406,0,-9
295,120,0,-2
227,259,0,-9
72,229,0,-1
177,452,0,-9
167,155,0,-10
152,75,0,-6
149,275,0,-3
443,286,0,-8
415,175,0,-4
161,131,0,-10
243,110,0,-6
343,142,0,-3
133,463,0,-9
217,427,0,-6
174,397,0,-9
388,243,0,-3
66,353,0,-5
428,26,0,-4
237,362,0,-4
301,146,0,-8
318,311,0,-9
32,94,0,-7
226,147,0,-1
67,3,0,-4
154,374,0,-4
7,405,0,-6
235,494,0,-1
138,495,0,-7
495,348,0,-1
59,304,0,-1
378,196,0,-7
61,369,0,-1
95,264,0,-2
178,28,0,-9
452,31,0,-6
171,402,0,-8
193,443,0,-4
83,84,0,-1
334,302,0,-8
70,210,0,-3
189,484,0,-4
57,481,0,-3
496,349,0,-3
150,351,0,-7
162,102,0,-7
59,247,0,-9
155,403,0,-9
395,359,0,-4
205,238,0,-7
142,97,0,-9
143,493,0,-3
113,440,0,-8
365,134,0,-1
180,279,0,-4
341,248,0,-3
79,314,0,-5
168,130,0,-7
259,434,0,-9
193,354,0,-3
13,44,0,-1
393,299,0,-5
257,427,0,-1
377,34,0,-9
222,235,0,-8
471,369,0,-1
272,233,0,-4
447,100,0,-4
391,462,0,-4
329,354,0,-1
194,213,0,-7
479,168,0,-7
195,300,0,-8
498,326,0,-2
30,218,0,-4
473,225,0,-7
289,377,0,-5
260,480,0,-7
156,464,0,-5
153,338,0,-3
458,341,0,-1
377,52,0,-7
80,56,0,-4
230,76,0,-4
323,308,0,-1
256,438,0,-5
303,11,0,-1
410,285,0,-9
204,209,0,-9
15,355,0,-5
185,453,0,-6
21,442,0,-4
457,304,0,-7
371,407,0,-3
35,108,0,-7
261,313,0,-10
18,393,0,-5
399,215,0,-6
154,486,0,-8
252,374,0,-3
58,453,0,-4
337,183,0,-3
62,142,0,-7
109,493,0,-3
218,437,0,-4
51,466,0,-9
2,136,0,-1
63,39,0,-4
310,184,0,-1
352,378,0,-8
400,361,0,-4
467,256,0,-4
356,385,0,-7
395,47,0,-8
63,234,0,-9
240,368,0,-9
261,55,0,-8
186,226,0,-8
16,483,0,-3
42,17,0,-3
193,348,0,-1
76,270,0,-4
97,380,0,-8
406,196,0,-10
81,316,0,-9
368,339,0,-5
21,270,0,-3
468,497,0,-1
346,3,0,-6
496,54,0,-6
13,181,0,-8
101,165,0,-7
453,13,0,-6
468,315,0,-4
263,277,0,-10
175,173,0,-10
355,97,0,-8
217,78,0,-9
95,32,0,-6
34,447,0,-10
389,46,0,-2
81,210,0,-9
20,203,0,-1
307,343,0,-2
53,446,0,-2
13,478,0,-1
397,432,0,-9
271,262,0,-8
361,86,0,-8
149,184,0,-6
230,490,0,-4
370,291,0,-2
331,444,0,-9
357,409,0,-3
3,55,0,-9
483,196,0,-10
340,473,0,-9
443,139,0,-2
450,471,0,-5
90,116,0,-7
105,52,0,-7
54,63,0,-4
52,246,0,-3
317,381,0,-9
11,161,0,-3
157,187,0,-8
80,183,0,-9
105,167,0,-9
76,415,0,-4
79,249,0,-6
357,7,0,-2
167,305,0,-10
97,283,0,-9
221,238,0,-7
120,429,0,-7
125,16,0,-10
347,13,0,-4
33,45,0,-3
379,252,0,-4
219,142,0,-2
17,264,0,-2
31,208,0,-3
402,283,0,-8
262,283,0,-7
74,232,0,-8
378,101,0,-5
128,420,0,-7
201,38,0,-8
144,412,0,-3
260,390,0,-5
177,368,0,-4
391,325,0,-3
351,174,0,-7
474,173,0,-5
148,59,0,-10
487,108,0,-3
337,394,0,-7
247,251,0,-10
427,84,0,-6
78,305,0,-3
359,353,0,-4
85,227,0,-9
74,418,0,-2
329,109,0,-3
462,161,0,-4
49,393,0,-8
44,434,0,-2
181,471,0,-3
371,112,0,-6
234,162,0,-5
81,2,0,-9
479,298,0,-2
53,162,0,-8
445,209,0,-1
85,448,0,-10
356,445,0,-10
315,375,0,-8
62,9,0,-6
216,27,0,-3
358,441,0,-6
9,101,0,-9
226,327,0,-3
364,16,0,-6
324,41,0,-8
206,336,0,-6
103,93,0,-2
390,34,0,-2
316,183,0,-10
2,285,0,-7
17,304,0,-2
356,487,0,-3
329,212,0,-10
44,85,0,-10
459,244,0,-10
261,97,0,-3
214,485,0,-7
397,293,0,-1
44,478,0,-1
380,356,0,-8
382,357,0,-3
146,104,0,-9
26,216,0,-7
238,380,0,-8
