9,509,0,6
12,512,0,9
13,513,0,19
17,517,0,51
19,519,0,18
20,520,0,8
26,526,0,59
29,529,0,15
30,530,0,79
32,532,0,33
36,536,0,74
41,541,0,55
46,546,0,73
50,550,0,4
54,554,0,63
64,564,0,50
74,574,0,72
77,577,0,71
80,580,0,45
87,587,0,71
88,588,0,34
99,599,0,16
101,601,0,63
103,603,0,79
115,615,0,26
116,616,0,97
119,619,0,86
127,627,0,33
134,634,0,97
139,639,0,70
145,645,0,34
147,647,0,43
148,648,0,97
152,652,0,23
157,657,0,11
163,663,0,86
175,675,0,69
178,678,0,84
183,683,0,8
186,686,0,70
187,687,0,55
195,695,0,33
200,700,0,94
203,703,0,94
211,711,0,65
224,724,0,22
227,727,0,23
232,732,0,65
235,735,0,24
246,746,0,97
248,748,0,77
261,761,0,93
262,762,0,88
272,772,0,63
274,774,0,56
280,780,0,29
282,782,0,19
283,783,0,97
284,784,0,74
301,801,0,75
305,805,0,29
316,816,0,74
321,821,0,24
332,832,0,41
350,850,0,32
354,854,0,85
361,861,0,74
363,863,0,58
372,872,0,4
376,876,0,54
386,886,0,53
402,902,0,74
414,914,0,34
429,929,0,78
431,931,0,12
432,932,0,66
439,939,0,92
450,950,0,47
470,970,0,57
471,971,0,62
476,976,0,26
480,980,0,77
490,990,0,66
123,191,0,-5
123,379,0,-6
191,425,0,-2
191,21,0,-6
21,266,0,-8
256,21,0,-2
289,191,0,-3
234,21,0,-8
266,184,0,-1
234,359,0,-5
256,180,0,-7
359,42,0,-9
379,486,0,-4
63,191,0,-2
276,359,0,-8
381,276,0,-5
254,266,0,-9
379,380,0,-3
271,123,0,-4
449,276,0,-10
123,314,0,-9
238,289,0,-4
42,279,0,-2
246,21,0,-10
63,235,0,-2
108,234,0,-5
454,191,0,-7
486,487,0,-4
171,279,0,-10
266,38,0,-1
381,135,0,-1
487,448,0,-2
364,238,0,-6
256,436,0,-8
223,314,0,-3
449,62,0,-6
409,487,0,-2
369,289,0,-10
256,301,0,-1
425,103,0,-10
370,301,0,-5
18,235,0,-9
435,63,0,-8
436,300,0,-1
163,18,0,-6
238,241,0,-8
447,364,0,-10
359,355,0,-8
123,121,0,-1
337,300,0,-7
235,416,0,-6
369,58,0,-3
246,209,0,-5
135,68,0,-9
49,235,0,-2
66,337,0,-7
251,235,0,-10
276,152,0,-3
483,381,0,-4
234,100,0,-1
454,30,0,-2
486,64,0,-6
32,234,0,-10
62,194,0,-2
372,251,0,-5
483,493,0,-3
425,342,0,-9
360,364,0,-5
276,374,0,-6
372,110,0,-5
404,68,0,-9
181,301,0,-4
387,486,0,-1
425,443,0,-6
447,412,0,-1
238,415,0,-4
78,486,0,-7
488,483,0,-3
469,42,0,-9
66,11,0,-9
461,11,0,-9
366,301,0,-5
370,400,0,-10
245,374,0,-5
279,6,0,-6
369,39,0,-5
251,40,0,-10
482,21,0,-7
373,209,0,-8
342,233,0,-1
139,404,0,-3
163,189,0,-9
114,66,0,-3
447,357,0,-7
373,411,0,-10
276,302,0,-2
400,113,0,-8
66,156,0,-4
447,127,0,-1
291,487,0,-6
244,300,0,-7
306,380,0,-10
39,94,0,-4
139,455,0,-10
210,180,0,-9
455,128,0,-6
128,477,0,-4
242,163,0,-5
405,233,0,-10
359,268,0,-1
276,406,0,-7
483,484,0,-6
386,246,0,-8
470,223,0,-2
244,170,0,-9
352,42,0,-1
484,429,0,-6
483,203,0,-5
312,123,0,-4
374,269,0,-1
106,238,0,-6
268,56,0,-9
254,84,0,-4
360,403,0,-2
412,500,0,-3
267,233,0,-3
484,59,0,-1
254,52,0,-5
214,386,0,-4
341,127,0,-1
387,310,0,-9
58,465,0,-10
301,201,0,-2
456,39,0,-2
306,197,0,-8
58,260,0,-4
455,169,0,-2
373,257,0,-4
90,260,0,-3
328,184,0,-1
487,253,0,-10
314,265,0,-2
334,189,0,-3
369,149,0,-6
66,414,0,-5
482,418,0,-6
477,111,0,-8
264,387,0,-7
165,223,0,-2
208,381,0,-3
15,256,0,-5
139,476,0,-4
419,128,0,-3
84,262,0,-8
430,443,0,-1
344,68,0,-4
455,273,0,-6
8,264,0,-8
240,149,0,-4
453,342,0,-2
39,325,0,-4
238,474,0,-10
472,415,0,-9
272,269,0,-5
187,246,0,-5
454,227,0,-5
78,126,0,-3
168,493,0,-1
279,96,0,-9
153,49,0,-10
433,430,0,-7
153,14,0,-8
32,440,0,-9
338,170,0,-8
64,278,0,-1
253,259,0,-10
374,34,0,-8
412,335,0,-3
11,460,0,-10
113,88,0,-5
258,273,0,-7
146,447,0,-7
488,473,0,-4
64,159,0,-2
445,460,0,-8
59,107,0,-1
346,240,0,-4
63,458,0,-3
455,142,0,-8
377,168,0,-6
118,276,0,-6
23,272,0,-4
202,469,0,-2
22,235,0,-2
66,362,0,-3
389,377,0,-3
273,397,0,-2
395,373,0,-4
193,165,0,-5
417,440,0,-7
447,212,0,-2
183,443,0,-6
415,140,0,-3
223,2,0,-1
110,348,0,-8
210,36,0,-10
58,498,0,-6
429,492,0,-1
101,121,0,-1
227,431,0,-7
325,55,0,-10
259,174,0,-7
32,353,0,-4
432,183,0,-9
71,473,0,-6
260,396,0,-1
5,470,0,-5
286,242,0,-4
112,449,0,-3
404,67,0,-6
187,367,0,-9
27,246,0,-5
265,176,0,-8
36,283,0,-3
300,442,0,-6
202,1,0,-5
402,52,0,-7
299,411,0,-4
486,91,0,-9
397,371,0,-1
359,69,0,-7
293,126,0,-10
386,437,0,-1
103,239,0,-3
369,231,0,-1
186,449,0,-5
285,203,0,-7
439,257,0,-4
387,92,0,-1
184,471,0,-1
365,271,0,-3
450,36,0,-3
2,358,0,-6
107,211,0,-1
252,300,0,-2
387,54,0,-2
359,45,0,-6
180,363,0,-6
83,59,0,-8
52,97,0,-2
151,260,0,-8
280,128,0,-2
36,155,0,-4
350,56,0,-8
491,312,0,-5
323,439,0,-8
322,15,0,-10
135,136,0,-5
391,90,0,-5
407,283,0,-10
19,254,0,-7
472,89,0,-7
441,189,0,-5
98,89,0,-6
446,265,0,-9
445,144,0,-7
259,61,0,-4
195,449,0,-1
457,68,0,-10
275,89,0,-8
160,45,0,-7
24,366,0,-9
104,121,0,-1
357,4,0,-6
156,351,0,-6
382,346,0,-9
491,43,0,-8
186,33,0,-4
392,310,0,-1
250,431,0,-4
132,36,0,-5
232,174,0,-7
114,438,0,-2
378,78,0,-3
266,255,0,-5
435,307,0,-1
40,65,0,-4
105,387,0,-9
9,246,0,-2
477,178,0,-10
173,403,0,-3
389,44,0,-3
126,236,0,-1
143,307,0,-9
279,413,0,-1
402,290,0,-10
164,493,0,-9
131,169,0,-10
123,75,0,-4
127,281,0,-8
492,138,0,-4
276,277,0,-7
270,21,0,-10
485,350,0,-1
225,325,0,-7
170,82,0,-5
196,59,0,-9
128,47,0,-5
423,201,0,-9
61,261,0,-8
345,71,0,-3
444,483,0,-4
97,190,0,-9
499,341,0,-5
316,285,0,-4
109,334,0,-10
70,437,0,-4
390,328,0,-10
215,245,0,-3
495,240,0,-5
230,78,0,-7
462,201,0,-6
46,214,0,-4
19,427,0,-1
265,158,0,-5
100,308,0,-8
116,46,0,-2
295,40,0,-6
271,385,0,-8
196,35,0,-7
32,141,0,-4
150,240,0,-5
148,215,0,-5
424,397,0,-1
344,343,0,-3
136,16,0,-3
270,368,0,-1
432,53,0,-6
161,132,0,-10
445,226,0,-9
336,212,0,-2
100,347,0,-10
256,248,0,-9
87,366,0,-10
467,416,0,-1
243,127,0,-8
173,220,0,-9
187,434,0,-5
494,27,0,-3
291,410,0,-10
479,214,0,-10
52,274,0,-9
119,334,0,-1
110,26,0,-8
379,326,0,-7
7,39,0,-2
306,185,0,-4
77,49,0,-9
379,383,0,-4
265,420,0,-5
468,404,0,-5
476,192,0,-7
74,271,0,-1
201,157,0,-6
125,461,0,-9
2,408,0,-5
226,304,0,-1
297,67,0,-5
27,288,0,-2
331,316,0,-8
228,449,0,-5
491,329,0,-7
480,88,0,-8
194,10,0,-1
48,8,0,-8
95,244,0,-9
340,465,0,-7
45,20,0,-2
330,355,0,-10
148,475,0,-5
117,131,0,-7
38,496,0,-6
352,229,0,-3
126,332,0,-7
192,426,0,-5
318,125,0,-5
484,213,0,-8
394,164,0,-8
319,151,0,-1
346,217,0,-2
354,385,0,-3
164,99,0,-4
422,484,0,-2
322,398,0,-2
48,162,0,-4
86,343,0,-10
57,403,0,-2
81,453,0,-1
177,325,0,-2
153,298,0,-3
375,336,0,-5
222,485,0,-8
29,214,0,-3
437,172,0,-7
105,321,0,-10
25,91,0,-9
327,168,0,-6
249,429,0,-5
399,61,0,-9
134,222,0,-8
452,470,0,-1
405,167,0,-6
85,453,0,-1
199,354,0,-1
476,93,0,-6
320,235,0,-5
193,333,0,-6
295,376,0,-2
384,149,0,-5
382,129,0,-9
83,305,0,-7
426,37,0,-8
411,145,0,-8
284,181,0,-1
471,130,0,-3
436,13,0,-5
176,287,0,-2
315,153,0,-9
464,239,0,-7
28,268,0,-8
110,102,0,-5
319,263,0,-6
237,287,0,-2
379,393,0,-1
237,292,0,-5
281,200,0,-9
49,205,0,-9
72,457,0,-10
428,83,0,-5
262,60,0,-6
317,149,0,-3
267,490,0,-9
154,252,0,-4
7,463,0,-4
313,333,0,-3
122,465,0,-6
253,219,0,-7
218,386,0,-2
13,206,0,-2
248,478,0,-8
179,180,0,-1
3,337,0,-8
94,247,0,-7
237,50,0,-1
61,73,0,-8
264,204,0,-6
303,2,0,-7
189,79,0,-4
451,364,0,-1
192,311,0,-10
324,439,0,-8
224,225,0,-10
147,338,0,-4
6,31,0,-3
417,188,0,-10
383,388,0,-6
102,309,0,-1
292,120,0,-7
41,333,0,-1
175,415,0,-3
126,182,0,-2
11,497,0,-5
356,377,0,-10
466,146,0,-2
361,127,0,-5
353,294,0,-3
282,259,0,-7
76,466,0,-8
166,306,0,-8
349,468,0,-4
51,407,0,-1
17,117,0,-7
124,392,0,-2
401,498,0,-5
12,120,0,-9
350,296,0,-2
146,339,0,-5
198,48,0,-5
412,207,0,-6
84,459,0,-10
115,79,0,-7
80,488,0,-2
137,78,0,-2
133,329,0,-6
421,29,0,-7
481,201,0,-7
221,387,0,-8
126,489,0,-3
449,216,0,-9
317,416,0,-3
236,350,0,-7
385,421,0,-8
20,387,0,-9
168,131,0,-10
473,168,0,-5
213,327,0,-2
175,163,0,-6
97,10,0,-1
110,408,0,-2
311,124,0,-8
20,97,0,-7
119,199,0,-7
252,474,0,-9
295,291,0,-7
264,379,0,-7
28,26,0,-5
68,206,0,-8
233,385,0,-7
8,459,0,-6
68,456,0,-1
5,20,0,-5
300,35,0,-6
146,494,0,-2
195,323,0,-4
396,474,0,-4
59,2,0,-6
383,492,0,-6
380,114,0,-9
408,5,0,-4
301,52,0,-6
203,32,0,-3
166,289,0,-3
341,396,0,-7
25,82,0,-1
8,290,0,-4
303,206,0,-3
29,52,0,-6
111,483,0,-2
338,143,0,-3
241,275,0,-6
483,389,0,-8
491,114,0,-7
236,268,0,-10
385,286,0,-2
461,7,0,-10
458,405,0,-8
83,408,0,-2
287,310,0,-7
147,489,0,-6
108,268,0,-5
404,242,0,-6
314,257,0,-1
263,21,0,-4
132,431,0,-6
376,223,0,-9
351,328,0,-10
28,372,0,-1
345,153,0,-4
71,194,0,-9
192,84,0,-8
281,11,0,-2
288,469,0,-10
253,369,0,-7
148,220,0,-4
413,170,0,-4
136,188,0,-10
305,246,0,-10
13,91,0,-5
294,421,0,-4
408,111,0,-9
137,66,0,-8
128,409,0,-6
474,291,0,-3
298,55,0,-4
126,36,0,-8
433,361,0,-3
146,114,0,-7
333,34,0,-3
108,22,0,-10
350,343,0,-8
462,210,0,-10
272,255,0,-6
361,487,0,-6
268,341,0,-7
74,206,0,-8
221,48,0,-9
90,316,0,-10
105,309,0,-9
296,395,0,-1
243,225,0,-4
109,272,0,-5
146,175,0,-3
250,172,0,-4
306,3,0,-3
250,283,0,-8
425,286,0,-10
72,391,0,-7
226,154,0,-10
273,174,0,-2
195,31,0,-5
219,167,0,-3
421,99,0,-10
57,17,0,-1
424,293,0,-9
393,328,0,-4
350,193,0,-10
96,225,0,-5
446,390,0,-3
442,371,0,-8
190,445,0,-2
310,2,0,-10
86,246,0,-8
123,79,0,-1
435,287,0,-5
397,21,0,-4
152,480,0,-2
46,480,0,-10
60,290,0,-3
470,364,0,-3
77,401,0,-9
21,428,0,-1
493,328,0,-2
385,494,0,-7
200,433,0,-10
91,363,0,-3
196,50,0,-10
357,181,0,-5
360,430,0,-2
384,340,0,-4
331,462,0,-2
238,253,0,-8
331,225,0,-8
380,342,0,-8
147,288,0,-9
118,409,0,-3
438,2,0,-6
210,264,0,-9
103,419,0,-1
403,422,0,-5
485,157,0,-9
404,285,0,-7
371,74,0,-3
137,243,0,-4
385,406,0,-10
66,170,0,-6
357,5,0,-6
365,439,0,-4
272,302,0,-1
253,135,0,-5
192,460,0,-8
251,401,0,-4
355,251,0,-9
383,86,0,-3
489,340,0,-2
82,197,0,-1
380,55,0,-10
32,253,0,-2
347,275,0,-6
79,357,0,-8
235,110,0,-7
452,124,0,-2
255,212,0,-2
107,306,0,-3
319,322,0,-4
180,272,0,-1
464,226,0,-10
43,136,0,-7
499,6,0,-2
157,203,0,-4
190,475,0,-10
380,165,0,-3
118,78,0,-7
255,336,0,-4
321,115,0,-3
388,166,0,-3
117,88,0,-5
498,150,0,-6
192,271,0,-3
234,441,0,-3
338,415,0,-9
252,202,0,-8
380,256,0,-9
198,146,0,-5
484,283,0,-9
164,137,0,-8
211,349,0,-3
469,364,0,-10
412,369,0,-8
333,491,0,-10
205,162,0,-2
71,278,0,-6
242,481,0,-3
247,175,0,-6
92,301,0,-4
45,43,0,-9
350,34,0,-7
362,108,0,-5
414,442,0,-8
483,392,0,-3
210,475,0,-10
305,276,0,-10
269,70,0,-5
401,267,0,-9
373,182,0,-9
336,187,0,-1
157,240,0,-9
7,269,0,-1
258,77,0,-4
191,39,0,-3
294,8,0,-10
16,151,0,-10
98,440,0,-6
266,164,0,-8
69,278,0,-7
314,404,0,-2
445,273,0,-7
491,263,0,-9
130,140,0,-5
128,466,0,-6
445,129,0,-10
494,456,0,-5
374,397,0,-8
361,222,0,-2
323,471,0,-1
194,48,0,-8
146,76,0,-7
212,147,0,-4
2,220,0,-6
26,109,0,-8
90,89,0,-2
490,171,0,-6
370,421,0,-10
275,342,0,-6
303,496,0,-6
266,73,0,-8
219,81,0,-8
489,323,0,-6
145,14,0,-8
262,44,0,-1
230,234,0,-10
270,372,0,-9
148,31,0,-6
230,497,0,-7
33,133,0,-7
83,254,0,-8
102,197,0,-5
315,373,0,-8
152,72,0,-3
104,8,0,-6
440,498,0,-1
447,214,0,-1
259,395,0,-7
26,137,0,-6
181,224,0,-9
236,315,0,-4
332,40,0,-4
454,224,0,-1
467,448,0,-1
487,478,0,-7
446,461,0,-9
371,441,0,-8
284,103,0,-1
31,89,0,-7
207,91,0,-2
249,45,0,-4
420,263,0,-5
363,17,0,-7
262,439,0,-2
352,2,0,-2
343,179,0,-6
125,165,0,-1
199,353,0,-3
42,138,0,-8
103,147,0,-2
179,18,0,-10
442,79,0,-9
400,373,0,-6
441,479,0,-9
22,232,0,-8
363,154,0,-8
436,5,0,-7
149,272,0,-6
111,463,0,-5
358,399,0,-5
380,6,0,-5
413,209,0,-1
217,202,0,-4
463,281,0,-7
3,178,0,-6
452,63,0,-5
270,284,0,-4
320,488,0,-10
216,286,0,-2
379,245,0,-7
303,466,0,-4
115,496,0,-5
225,217,0,-2
75,159,0,-9
423,496,0,-7
392,332,0,-6
86,441,0,-6
36,401,0,-6
307,485,0,-4
283,185,0,-5
335,381,0,-3
17,430,0,-4
381,152,0,-10
203,17,0,-6
148,392,0,-1
441,41,0,-8
219,363,0,-5
177,167,0,-6
178,378,0,-7
420,94,0,-6
403,264,0,-7
481,457,0,-8
342,212,0,-3
457,148,0,-6
434,59,0,-4
395,157,0,-4
176,271,0,-2
44,470,0,-8
393,190,0,-5
401,436,0,-2
271,51,0,-9
113,362,0,-6
385,68,0,-7
1,131,0,-2
348,314,0,-10
151,179,0,-5
361,372,0,-9
198,147,0,-3
349,120,0,-2
310,496,0,-2
306,168,0,-10
477,434,0,-6
138,324,0,-5
86,160,0,-6
489,480,0,-5
84,476,0,-2
138,57,0,-4
1,296,0,-5
272,491,0,-2
497,135,0,-10
435,179,0,-6
319,344,0,-1
375,172,0,-3
497,334,0,-5
376,310,0,-6
417,488,0,-8
382,135,0,-2
163,250,0,-5
235,426,0,-5
232,139,0,-2
355,110,0,-2
316,82,0,-6
73,475,0,-4
430,120,0,-7
280,82,0,-7
287,40,0,-4
200,315,0,-3
89,358,0,-9
211,5,0,-4
27,207,0,-7
154,447,0,-2
400,176,0,-9
302,229,0,-2
133,10,0,-3
46,42,0,-7
223,195,0,-6
254,447,0,-8
331,447,0,-4
393,225,0,-3
151,311,0,-8
441,301,0,-8
373,53,0,-10
302,20,0,-4
453,28,0,-9
474,466,0,-3
477,447,0,-10
156,250,0,-6
434,299,0,-2
310,139,0,-2
82,393,0,-5
279,343,0,-8
330,284,0,-7
474,296,0,-3
332,234,0,-5
157,223,0,-5
180,160,0,-3
49,68,0,-9
130,295,0,-3
304,243,0,-1
437,17,0,-4
142,282,0,-6
346,163,0,-3
418,271,0,-7
51,35,0,-1
399,307,0,-8
323,407,0,-5
432,300,0,-1
458,276,0,-5
458,189,0,-2
315,365,0,-2
95,115,0,-3
376,46,0,-10
215,189,0,-3
329,303,0,-2
148,122,0,-7
255,423,0,-9
363,128,0,-1
301,378,0,-7
145,191,0,-7
124,321,0,-10
179,451,0,-1
244,101,0,-9
194,490,0,-1
24,263,0,-6
89,38,0,-6
88,326,0,-9
105,153,0,-5
150,180,0,-6
430,341,0,-2
447,65,0,-2
16,443,0,-3
193,432,0,-6
319,99,0,-9
159,496,0,-4
138,337,0,-10
13,151,0,-7
74,307,0,-3
325,162,0,-1
498,427,0,-10
347,71,0,-5
398,189,0,-7
113,403,0,-10
168,275,0,-5
201,253,0,-1
49,381,0,-2
437,54,0,-3
344,466,0,-7
226,75,0,-6
246,15,0,-3
75,257,0,-6
476,250,0,-10
331,347,0,-8
83,36,0,-10
155,287,0,-8
390,266,0,-3
245,204,0,-3
282,357,0,-10
487,241,0,-1
456,299,0,-2
27,398,0,-3
489,86,0,-8
499,263,0,-5
166,394,0,-6
486,251,0,-6
386,221,0,-1
327,336,0,-2
16,433,0,-7
466,74,0,-4
417,83,0,-10
19,422,0,-2
261,80,0,-1
28,84,0,-8
431,234,0,-5
277,314,0,-3
497,335,0,-10
4,339,0,-9
229,392,0,-4
178,114,0,-3
275,50,0,-9
312,454,0,-10
148,300,0,-8
68,114,0,-7
336,159,0,-5
315,421,0,-7
421,454,0,-2
257,405,0,-4
229,446,0,-8
361,368,0,-2
249,493,0,-5
27,416,0,-3
6,388,0,-2
92,31,0,-2
105,265,0,-3
326,68,0,-8
305,497,0,-2
296,482,0,-6
207,94,0,-10
189,191,0,-2
382,168,0,-1
32,93,0,-6
418,70,0,-4
465,372,0,-5
64,349,0,-7
279,473,0,-3
397,286,0,-1
241,276,0,-2
