1,1001,0,97
5,1005,0,43
7,1007,0,6
8,1008,0,37
9,1009,0,5
10,1010,0,3
14,1014,0,67
20,1020,0,4
21,1021,0,27
22,1022,0,49
23,1023,0,94
29,1029,0,62
30,1030,0,30
31,1031,0,36
32,1032,0,45
34,1034,0,93
35,1035,0,9
37,1037,0,33
38,1038,0,62
39,1039,0,76
40,1040,0,96
42,1042,0,17
43,1043,0,76
44,1044,0,23
45,1045,0,86
47,1047,0,85
48,1048,0,73
49,1049,0,43
51,1051,0,73
52,1052,0,64
55,1055,0,69
57,1057,0,4
58,1058,0,9
60,1060,0,1
63,1063,0,19
64,1064,0,54
66,1066,0,62
69,1069,0,14
70,1070,0,87
74,1074,0,84
75,1075,0,76
77,1077,0,99
78,1078,0,43
79,1079,0,28
80,1080,0,5
81,1081,0,85
83,1083,0,16
85,1085,0,65
88,1088,0,61
91,1091,0,4
94,1094,0,87
98,1098,0,26
99,1099,0,19
100,1100,0,13
101,1101,0,8
102,1102,0,65
104,1104,0,27
105,1105,0,13
107,1107,0,64
108,1108,0,67
109,1109,0,61
110,1110,0,3
111,1111,0,97
112,1112,0,31
114,1114,0,83
115,1115,0,47
117,1117,0,51
120,1120,0,77
121,1121,0,87
122,1122,0,56
123,1123,0,48
125,1125,0,34
127,1127,0,41
128,1128,0,2
129,1129,0,88
130,1130,0,32
131,1131,0,82
132,1132,0,82
134,1134,0,79
136,1136,0,10
139,1139,0,5
140,1140,0,52
145,1145,0,37
149,1149,0,78
151,1151,0,50
159,1159,0,71
160,1160,0,33
161,1161,0,17
162,1162,0,43
164,1164,0,15
166,1166,0,57
167,1167,0,24
170,1170,0,44
172,1172,0,4
179,1179,0,28
183,1183,0,62
186,1186,0,47
188,1188,0,26
190,1190,0,43
192,1192,0,7
193,1193,0,32
194,1194,0,61
195,1195,0,55
198,1198,0,20
200,1200,0,58
204,1204,0,73
205,1205,0,55
207,1207,0,74
208,1208,0,69
209,1209,0,58
210,1210,0,61
211,1211,0,70
216,1216,0,38
217,1217,0,36
218,1218,0,10
233,1233,0,78
234,1234,0,67
237,1237,0,23
238,1238,0,34
239,1239,0,93
240,1240,0,50
243,1243,0,17
245,1245,0,90
247,1247,0,65
248,1248,0,84
252,1252,0,33
254,1254,0,13
255,1255,0,41
256,1256,0,45
259,1259,0,45
265,1265,0,40
267,1267,0,54
272,1272,0,47
273,1273,0,97
274,1274,0,14
276,1276,0,68
277,1277,0,1
278,1278,0,26
279,1279,0,98
281,1281,0,15
282,1282,0,71
283,1283,0,40
285,1285,0,40
286,1286,0,74
287,1287,0,14
288,1288,0,97
295,1295,0,43
298,1298,0,14
302,1302,0,76
305,1305,0,9
307,1307,0,62
309,1309,0,38
311,1311,0,79
312,1312,0,42
314,1314,0,52
316,1316,0,54
318,1318,0,6
319,1319,0,71
320,1320,0,77
321,1321,0,90
328,1328,0,93
329,1329,0,73
330,1330,0,1
333,1333,0,81
334,1334,0,2
335,1335,0,71
337,1337,0,35
338,1338,0,38
340,1340,0,70
342,1342,0,61
344,1344,0,84
345,1345,0,88
346,1346,0,9
348,1348,0,80
349,1349,0,98
351,1351,0,4
356,1356,0,5
358,1358,0,72
359,1359,0,26
360,1360,0,94
362,1362,0,77
368,1368,0,81
372,1372,0,73
374,1374,0,96
375,1375,0,55
376,1376,0,75
377,1377,0,11
378,1378,0,99
381,1381,0,77
384,1384,0,30
386,1386,0,56
387,1387,0,5
391,1391,0,75
394,1394,0,16
395,1395,0,71
396,1396,0,26
398,1398,0,92
400,1400,0,20
403,1403,0,39
404,1404,0,12
406,1406,0,41
407,1407,0,18
411,1411,0,66
412,1412,0,22
414,1414,0,94
415,1415,0,58
416,1416,0,89
420,1420,0,47
421,1421,0,85
423,1423,0,43
424,1424,0,97
427,1427,0,31
428,1428,0,51
432,1432,0,68
435,1435,0,19
440,1440,0,24
441,1441,0,93
442,1442,0,11
445,1445,0,56
447,1447,0,80
448,1448,0,26
449,1449,0,20
450,1450,0,90
452,1452,0,49
455,1455,0,39
457,1457,0,25
458,1458,0,12
460,1460,0,32
462,1462,0,30
463,1463,0,36
464,1464,0,83
465,1465,0,44
466,1466,0,41
468,1468,0,51
469,1469,0,24
470,1470,0,77
471,1471,0,35
472,1472,0,66
473,1473,0,54
474,1474,0,8
475,1475,0,65
476,1476,0,41
478,1478,0,15
479,1479,0,59
483,1483,0,78
484,1484,0,53
485,1485,0,23
486,1486,0,43
488,1488,0,39
491,1491,0,47
492,1492,0,6
493,1493,0,63
494,1494,0,66
496,1496,0,34
497,1497,0,30
498,1498,0,31
499,1499,0,90
503,1503,0,74
504,1504,0,84
507,1507,0,74
514,1514,0,68
515,1515,0,11
516,1516,0,73
518,1518,0,96
520,1520,0,4
522,1522,0,27
523,1523,0,38
524,1524,0,49
526,1526,0,55
527,1527,0,80
528,1528,0,40
531,1531,0,79
532,1532,0,55
533,1533,0,94
534,1534,0,93
535,1535,0,15
536,1536,0,98
538,1538,0,8
541,1541,0,4
545,1545,0,47
546,1546,0,34
547,1547,0,88
548,1548,0,99
550,1550,0,68
551,1551,0,65
552,1552,0,67
553,1553,0,11
555,1555,0,21
556,1556,0,47
557,1557,0,88
561,1561,0,24
562,1562,0,66
563,1563,0,94
566,1566,0,34
567,1567,0,96
568,1568,0,74
570,1570,0,99
571,1571,0,18
572,1572,0,97
573,1573,0,33
574,1574,0,52
576,1576,0,73
579,1579,0,76
581,1581,0,43
582,1582,0,92
584,1584,0,67
587,1587,0,6
590,1590,0,34
595,1595,0,80
596,1596,0,88
597,1597,0,92
600,1600,0,7
601,1601,0,9
604,1604,0,82
605,1605,0,69
607,1607,0,86
609,1609,0,79
612,1612,0,36
614,1614,0,84
615,1615,0,70
617,1617,0,59
618,1618,0,65
621,1621,0,42
625,1625,0,58
627,1627,0,71
629,1629,0,35
630,1630,0,49
633,1633,0,95
635,1635,0,13
636,1636,0,51
639,1639,0,16
640,1640,0,44
641,1641,0,24
648,1648,0,69
649,1649,0,85
651,1651,0,59
653,1653,0,18
654,1654,0,34
656,1656,0,63
658,1658,0,5
659,1659,0,42
661,1661,0,63
663,1663,0,92
665,1665,0,92
666,1666,0,62
668,1668,0,2
670,1670,0,65
673,1673,0,19
675,1675,0,4
679,1679,0,55
680,1680,0,2
684,1684,0,98
690,1690,0,1
692,1692,0,22
694,1694,0,3
695,1695,0,76
696,1696,0,54
699,1699,0,97
703,1703,0,17
705,1705,0,45
707,1707,0,57
708,1708,0,58
710,1710,0,37
711,1711,0,3
713,1713,0,1
714,1714,0,96
715,1715,0,69
716,1716,0,26
717,1717,0,75
718,1718,0,16
720,1720,0,59
721,1721,0,38
723,1723,0,62
724,1724,0,53
725,1725,0,78
727,1727,0,89
728,1728,0,37
729,1729,0,85
733,1733,0,93
734,1734,0,16
736,1736,0,69
737,1737,0,56
742,1742,0,55
743,1743,0,86
745,1745,0,50
747,1747,0,2
750,1750,0,23
751,1751,0,55
754,1754,0,66
756,1756,0,81
759,1759,0,90
763,1763,0,68
765,1765,0,73
766,1766,0,58
770,1770,0,4
773,1773,0,97
774,1774,0,6
777,1777,0,43
781,1781,0,81
783,1783,0,90
785,1785,0,97
787,1787,0,68
788,1788,0,44
789,1789,0,14
790,1790,0,73
792,1792,0,2
794,1794,0,59
796,1796,0,61
797,1797,0,38
798,1798,0,35
799,1799,0,17
804,1804,0,88
805,1805,0,57
807,1807,0,80
810,1810,0,11
811,1811,0,6
812,1812,0,29
813,1813,0,76
814,1814,0,16
815,1815,0,34
818,1818,0,53
820,1820,0,45
824,1824,0,7
830,1830,0,1
832,1832,0,13
833,1833,0,22
835,1835,0,47
837,1837,0,17
839,1839,0,67
842,1842,0,86
843,1843,0,29
847,1847,0,17
848,1848,0,42
855,1855,0,25
868,1868,0,67
870,1870,0,19
872,1872,0,63
874,1874,0,13
875,1875,0,86
876,1876,0,91
877,1877,0,18
878,1878,0,20
879,1879,0,15
880,1880,0,88
881,1881,0,28
882,1882,0,15
883,1883,0,6
884,1884,0,33
885,1885,0,33
887,1887,0,63
889,1889,0,10
891,1891,0,38
894,1894,0,13
897,1897,0,74
902,1902,0,41
904,1904,0,82
908,1908,0,31
910,1910,0,41
913,1913,0,88
915,1915,0,94
916,1916,0,55
917,1917,0,62
919,1919,0,97
922,1922,0,70
923,1923,0,80
924,1924,0,55
925,1925,0,8
926,1926,0,41
928,1928,0,77
932,1932,0,57
934,1934,0,31
938,1938,0,78
943,1943,0,31
945,1945,0,77
948,1948,0,17
949,1949,0,65
950,1950,0,3
954,1954,0,56
955,1955,0,58
958,1958,0,19
961,1961,0,58
962,1962,0,6
963,1963,0,33
964,1964,0,8
966,1966,0,97
969,1969,0,64
971,1971,0,87
972,1972,0,28
973,1973,0,24
974,1974,0,53
978,1978,0,37
980,1980,0,10
981,1981,0,7
982,1982,0,26
983,1983,0,79
984,1984,0,91
985,1985,0,93
987,1987,0,44
993,1993,0,77
1000,2000,0,97
480,965,0,-5
965,397,0,-7
480,880,0,-4
505,965,0,-1
480,445,0,-1
270,505,0,-6
238,397,0,-8
898,238,0,-4
937,480,0,-5
505,597,0,-2
270,604,0,-5
480,189,0,-1
238,559,0,-10
77,397,0,-4
397,511,0,-8
397,710,0,-10
386,937,0,-9
258,965,0,-3
872,710,0,-2
445,792,0,-7
154,898,0,-3
13,965,0,-6
710,686,0,-4
11,189,0,-8
480,738,0,-3
87,154,0,-4
366,511,0,-6
689,397,0,-4
511,305,0,-9
189,45,0,-8
559,268,0,-7
191,386,0,-2
386,55,0,-4
673,386,0,-9
559,245,0,-4
245,777,0,-10
245,107,0,-2
189,657,0,-2
690,13,0,-7
271,258,0,-3
854,777,0,-4
349,854,0,-5
317,13,0,-2
351,898,0,-3
505,491,0,-8
805,268,0,-8
480,217,0,-10
258,581,0,-6
113,581,0,-10
926,55,0,-2
777,542,0,-8
366,891,0,-7
930,738,0,-8
926,235,0,-9
581,681,0,-6
197,926,0,-9
491,572,0,-8
265,657,0,-6
645,154,0,-9
323,45,0,-6
188,45,0,-4
805,908,0,-1
955,268,0,-7
827,270,0,-5
738,16,0,-9
891,711,0,-4
535,154,0,-1
572,700,0,-1
711,51,0,-8
863,686,0,-1
891,520,0,-5
604,575,0,-6
561,604,0,-9
615,505,0,-3
51,640,0,-4
134,511,0,-5
33,445,0,-5
351,879,0,-5
466,505,0,-3
711,767,0,-1
955,336,0,-2
686,510,0,-4
480,401,0,-3
191,607,0,-4
832,258,0,-5
700,636,0,-8
864,336,0,-3
336,468,0,-5
626,238,0,-4
590,581,0,-7
51,494,0,-2
466,769,0,-7
466,599,0,-1
559,292,0,-10
792,948,0,-4
561,766,0,-10
542,759,0,-3
805,815,0,-1
16,579,0,-4
506,965,0,-8
738,981,0,-3
815,158,0,-6
535,414,0,-9
597,752,0,-5
656,955,0,-1
576,937,0,-10
181,468,0,-6
815,222,0,-9
948,582,0,-3
213,292,0,-3
686,729,0,-10
827,180,0,-7
454,292,0,-4
841,197,0,-10
114,33,0,-1
700,385,0,-10
191,450,0,-5
4,948,0,-2
245,157,0,-1
985,656,0,-2
769,987,0,-7
361,401,0,-8
859,189,0,-8
662,450,0,-8
766,294,0,-6
542,419,0,-6
314,879,0,-9
543,604,0,-1
483,891,0,-6
890,766,0,-2
75,759,0,-2
506,146,0,-7
158,713,0,-8
271,623,0,-10
11,168,0,-4
917,759,0,-4
217,676,0,-9
760,511,0,-9
737,729,0,-7
410,323,0,-2
962,270,0,-5
350,597,0,-2
839,700,0,-1
314,479,0,-9
13,538,0,-1
196,880,0,-6
154,889,0,-6
890,257,0,-10
175,645,0,-10
292,151,0,-7
52,217,0,-8
180,178,0,-2
841,994,0,-6
146,761,0,-5
468,995,0,-6
16,545,0,-9
51,274,0,-6
361,447,0,-9
385,663,0,-1
447,57,0,-10
604,892,0,-10
414,182,0,-2
394,839,0,-6
33,691,0,-6
704,4,0,-2
206,294,0,-2
965,884,0,-2
463,711,0,-8
222,925,0,-5
476,760,0,-1
356,925,0,-6
149,317,0,-9
689,784,0,-7
597,613,0,-10
351,566,0,-4
326,761,0,-4
985,406,0,-1
784,86,0,-9
188,539,0,-9
962,914,0,-8
939,704,0,-8
136,542,0,-2
769,135,0,-7
240,158,0,-4
611,336,0,-10
505,275,0,-7
319,581,0,-10
960,406,0,-2
951,197,0,-3
113,313,0,-1
543,982,0,-2
993,270,0,-10
763,270,0,-2
326,499,0,-5
710,219,0,-2
591,146,0,-10
365,859,0,-3
687,559,0,-2
79,361,0,-4
178,715,0,-9
351,851,0,-7
662,893,0,-4
786,450,0,-3
40,394,0,-10
312,499,0,-6
867,597,0,-2
558,686,0,-8
649,948,0,-6
254,663,0,-5
462,313,0,-5
97,135,0,-9
259,590,0,-3
33,315,0,-3
692,326,0,-3
760,646,0,-9
452,864,0,-6
270,751,0,-1
178,296,0,-3
210,305,0,-5
535,637,0,-2
808,317,0,-10
334,275,0,-7
148,613,0,-3
649,324,0,-1
141,476,0,-8
966,336,0,-6
98,761,0,-2
874,107,0,-3
687,932,0,-7
512,491,0,-1
952,499,0,-10
662,694,0,-8
564,713,0,-10
598,146,0,-1
715,998,0,-6
788,512,0,-10
689,931,0,-2
56,168,0,-8
994,670,0,-10
892,457,0,-8
320,356,0,-3
296,550,0,-1
838,623,0,-10
972,296,0,-6
765,135,0,-3
656,672,0,-4
841,644,0,-9
168,497,0,-10
831,235,0,-1
190,210,0,-6
135,731,0,-7
993,152,0,-6
414,187,0,-10
176,763,0,-4
186,520,0,-9
140,323,0,-10
694,557,0,-10
572,9,0,-5
552,107,0,-3
463,899,0,-8
314,521,0,-8
174,206,0,-1
663,34,0,-5
52,772,0,-5
254,278,0,-1
610,197,0,-1
107,400,0,-9
294,726,0,-1
721,40,0,-9
326,942,0,-1
563,447,0,-2
960,267,0,-7
828,386,0,-2
715,824,0,-6
660,951,0,-5
937,618,0,-3
720,726,0,-4
854,659,0,-3
463,753,0,-1
83,217,0,-3
167,995,0,-3
197,1000,0,-4
767,490,0,-6
334,376,0,-8
214,457,0,-8
398,410,0,-7
454,873,0,-2
879,913,0,-5
91,214,0,-9
151,485,0,-5
232,349,0,-4
659,71,0,-9
808,27,0,-10
785,563,0,-3
19,485,0,-6
509,292,0,-5
540,180,0,-2
212,539,0,-10
885,966,0,-9
1000,583,0,-1
840,79,0,-2
566,70,0,-7
651,981,0,-8
764,191,0,-4
56,799,0,-5
772,48,0,-2
670,868,0,-3
114,736,0,-5
151,169,0,-3
651,716,0,-1
880,901,0,-5
351,355,0,-2
323,225,0,-9
220,901,0,-4
430,462,0,-9
672,458,0,-8
44,468,0,-2
946,75,0,-7
156,317,0,-2
221,690,0,-2
86,327,0,-9
708,839,0,-1
223,219,0,-6
814,854,0,-6
569,254,0,-3
659,287,0,-6
965,531,0,-9
252,511,0,-1
884,553,0,-4
236,993,0,-3
180,104,0,-2
421,113,0,-2
581,577,0,-3
416,506,0,-8
834,569,0,-10
934,466,0,-4
427,637,0,-5
321,657,0,-6
26,219,0,-1
552,68,0,-1
580,925,0,-6
294,291,0,-7
414,797,0,-5
822,657,0,-2
678,751,0,-7
323,331,0,-7
531,567,0,-2
522,254,0,-6
568,785,0,-6
151,309,0,-4
684,899,0,-7
885,666,0,-8
710,345,0,-5
568,643,0,-10
781,960,0,-1
211,731,0,-2
842,893,0,-10
548,511,0,-3
964,764,0,-1
179,874,0,-9
785,621,0,-9
427,422,0,-3
535,515,0,-3
573,278,0,-6
597,701,0,-3
801,86,0,-10
732,726,0,-8
20,660,0,-8
242,568,0,-2
11,379,0,-10
106,16,0,-5
698,908,0,-10
767,928,0,-2
121,834,0,-4
156,209,0,-3
56,813,0,-6
121,984,0,-1
637,601,0,-3
405,512,0,-10
896,220,0,-3
468,900,0,-3
492,321,0,-7
987,989,0,-8
935,759,0,-8
674,497,0,-3
693,419,0,-4
983,175,0,-2
268,368,0,-10
555,257,0,-7
125,965,0,-4
530,291,0,-4
890,734,0,-9
287,201,0,-8
498,576,0,-9
316,334,0,-10
926,122,0,-1
711,22,0,-2
660,905,0,-2
635,483,0,-8
793,890,0,-2
660,533,0,-6
732,163,0,-9
333,494,0,-9
599,244,0,-10
836,258,0,-9
721,439,0,-6
861,351,0,-1
878,430,0,-2
580,848,0,-7
114,204,0,-8
494,883,0,-3
33,974,0,-10
964,912,0,-4
985,130,0,-5
839,269,0,-3
687,856,0,-1
460,416,0,-7
38,873,0,-4
807,827,0,-7
793,449,0,-2
496,225,0,-2
543,474,0,-4
843,951,0,-7
711,906,0,-3
575,911,0,-6
837,321,0,-7
747,635,0,-2
29,312,0,-2
714,720,0,-1
915,964,0,-3
765,441,0,-7
666,66,0,-7
27,641,0,-10
992,334,0,-4
66,730,0,-4
980,492,0,-10
579,246,0,-4
892,768,0,-7
691,773,0,-5
749,463,0,-5
28,178,0,-2
531,276,0,-5
531,845,0,-3
70,986,0,-4
703,781,0,-5
890,7,0,-2
694,669,0,-8
749,682,0,-2
41,786,0,-10
25,55,0,-5
247,320,0,-4
311,995,0,-10
991,210,0,-2
373,569,0,-8
151,322,0,-6
854,436,0,-4
60,590,0,-3
572,464,0,-8
314,602,0,-6
80,955,0,-3
15,912,0,-5
257,758,0,-8
685,552,0,-3
766,818,0,-1
620,350,0,-7
99,966,0,-2
636,779,0,-3
210,442,0,-1
454,61,0,-10
734,830,0,-2
840,94,0,-6
403,419,0,-6
731,648,0,-8
741,447,0,-10
6,980,0,-3
223,725,0,-7
315,218,0,-9
294,858,0,-3
78,121,0,-5
829,60,0,-6
370,985,0,-10
415,210,0,-7
936,597,0,-4
954,209,0,-4
233,19,0,-8
729,100,0,-7
775,210,0,-7
631,9,0,-3
502,319,0,-9
498,478,0,-5
888,912,0,-1
797,35,0,-7
585,316,0,-6
403,549,0,-10
136,560,0,-8
340,535,0,-3
319,516,0,-4
957,779,0,-9
572,318,0,-10
835,848,0,-6
786,947,0,-6
373,31,0,-10
427,812,0,-1
735,692,0,-7
449,664,0,-10
847,494,0,-9
465,292,0,-3
433,492,0,-9
371,15,0,-10
980,755,0,-8
964,407,0,-2
744,320,0,-8
198,995,0,-3
289,548,0,-8
22,453,0,-7
94,456,0,-6
269,384,0,-3
802,509,0,-3
209,608,0,-4
958,561,0,-7
110,51,0,-2
156,547,0,-7
250,982,0,-9
459,599,0,-9
524,269,0,-9
552,750,0,-1
494,85,0,-6
828,823,0,-5
353,908,0,-1
274,54,0,-3
37,626,0,-8
785,286,0,-7
340,226,0,-6
542,754,0,-6
541,463,0,-4
482,439,0,-1
904,835,0,-2
984,395,0,-7
998,709,0,-5
416,941,0,-3
428,664,0,-6
776,406,0,-1
929,204,0,-2
935,444,0,-3
758,120,0,-2
700,216,0,-9
6,325,0,-3
477,931,0,-7
328,710,0,-2
237,620,0,-3
62,309,0,-3
108,33,0,-9
277,385,0,-4
170,983,0,-2
757,100,0,-9
444,300,0,-7
231,345,0,-5
944,75,0,-3
989,417,0,-6
182,288,0,-5
792,424,0,-5
948,816,0,-7
271,609,0,-1
735,999,0,-9
916,385,0,-1
689,921,0,-7
571,515,0,-7
153,609,0,-10
923,793,0,-4
235,897,0,-1
109,981,0,-5
334,500,0,-2
851,971,0,-7
138,51,0,-4
217,224,0,-9
908,950,0,-4
278,595,0,-3
274,402,0,-8
147,716,0,-1
996,710,0,-3
263,436,0,-10
343,130,0,-2
548,789,0,-2
795,198,0,-8
139,769,0,-10
792,124,0,-3
586,620,0,-3
695,734,0,-2
198,471,0,-2
969,773,0,-6
139,243,0,-2
741,712,0,-8
289,21,0,-10
928,526,0,-2
562,768,0,-7
242,367,0,-6
397,967,0,-3
834,961,0,-3
940,397,0,-10
56,688,0,-3
853,842,0,-9
998,432,0,-7
295,841,0,-8
479,849,0,-1
919,843,0,-1
403,200,0,-4
237,791,0,-2
518,984,0,-1
594,957,0,-5
505,127,0,-1
74,813,0,-6
855,240,0,-5
859,629,0,-7
539,596,0,-7
329,521,0,-8
961,363,0,-2
995,102,0,-5
652,836,0,-7
1,644,0,-8
903,732,0,-5
151,448,0,-10
294,166,0,-2
544,611,0,-7
335,759,0,-7
803,700,0,-1
302,803,0,-9
119,278,0,-9
569,680,0,-8
8,506,0,-6
403,96,0,-2
571,330,0,-2
238,437,0,-10
554,75,0,-9
352,545,0,-7
493,213,0,-6
685,959,0,-3
406,628,0,-4
332,802,0,-8
97,408,0,-9
990,863,0,-5
809,453,0,-1
462,963,0,-6
421,192,0,-6
295,513,0,-7
127,866,0,-4
694,173,0,-5
696,693,0,-10
608,249,0,-7
322,202,0,-2
939,143,0,-3
799,49,0,-5
323,337,0,-9
653,459,0,-10
978,601,0,-6
134,171,0,-9
698,804,0,-2
72,190,0,-10
932,251,0,-8
215,547,0,-10
871,209,0,-9
262,827,0,-9
667,384,0,-9
566,617,0,-6
642,693,0,-4
443,828,0,-9
188,895,0,-6
569,364,0,-7
507,538,0,-3
5,345,0,-7
88,125,0,-2
756,414,0,-10
850,853,0,-9
935,733,0,-7
960,164,0,-5
299,569,0,-8
937,481,0,-4
181,728,0,-4
223,81,0,-2
342,320,0,-3
148,389,0,-3
440,545,0,-10
581,112,0,-2
467,628,0,-8
627,538,0,-4
255,151,0,-8
170,603,0,-2
619,206,0,-3
807,924,0,-3
63,466,0,-9
167,625,0,-1
844,652,0,-7
441,128,0,-10
477,411,0,-5
684,927,0,-6
404,325,0,-10
993,391,0,-7
217,639,0,-8
193,733,0,-9
241,191,0,-10
214,413,0,-8
495,485,0,-6
738,14,0,-1
853,819,0,-4
212,239,0,-7
714,396,0,-3
16,970,0,-7
545,145,0,-5
814,647,0,-4
801,126,0,-8
724,651,0,-7
977,289,0,-5
381,57,0,-8
489,458,0,-1
648,354,0,-2
816,943,0,-6
624,714,0,-6
792,256,0,-3
880,369,0,-5
161,404,0,-8
949,355,0,-2
71,39,0,-6
725,261,0,-1
710,675,0,-1
406,165,0,-8
739,662,0,-8
546,13,0,-4
150,924,0,-10
655,828,0,-4
229,424,0,-8
483,429,0,-7
20,671,0,-7
365,723,0,-8
91,976,0,-10
881,868,0,-10
952,377,0,-6
729,90,0,-9
746,147,0,-7
646,382,0,-5
741,869,0,-1
372,752,0,-1
320,857,0,-6
488,174,0,-6
633,596,0,-4
562,67,0,-8
404,574,0,-8
875,437,0,-1
177,353,0,-2
20,451,0,-10
285,488,0,-6
668,814,0,-8
59,222,0,-8
88,69,0,-7
683,942,0,-7
63,32,0,-8
977,248,0,-7
17,859,0,-9
950,360,0,-1
123,219,0,-3
600,808,0,-5
307,708,0,-1
904,503,0,-6
576,375,0,-5
953,959,0,-2
306,573,0,-1
234,460,0,-10
762,890,0,-7
688,378,0,-4
118,932,0,-1
259,719,0,-10
128,612,0,-9
958,117,0,-10
769,115,0,-2
821,196,0,-10
250,532,0,-3
335,722,0,-10
876,989,0,-9
842,973,0,-3
64,145,0,-10
718,726,0,-4
658,567,0,-7
391,344,0,-4
945,730,0,-3
786,907,0,-6
167,205,0,-6
612,36,0,-9
50,969,0,-5
795,909,0,-1
640,717,0,-7
280,334,0,-10
322,159,0,-5
455,411,0,-10
234,423,0,-2
121,290,0,-8
601,95,0,-8
103,602,0,-4
387,916,0,-2
799,665,0,-4
246,933,0,-5
458,393,0,-10
588,276,0,-3
610,979,0,-4
376,780,0,-7
132,752,0,-4
230,440,0,-9
627,638,0,-7
833,124,0,-2
581,820,0,-10
43,168,0,-5
930,348,0,-6
505,473,0,-7
192,266,0,-9
208,239,0,-8
160,170,0,-8
67,475,0,-7
630,130,0,-10
362,268,0,-5
89,168,0,-5
230,514,0,-3
434,294,0,-10
241,10,0,-4
582,699,0,-3
541,501,0,-4
552,826,0,-4
224,534,0,-8
386,882,0,-8
472,130,0,-8
944,938,0,-5
228,915,0,-7
508,928,0,-2
204,770,0,-7
396,308,0,-4
810,640,0,-10
679,688,0,-1
115,12,0,-8
438,992,0,-2
347,479,0,-3
27,790,0,-9
313,589,0,-10
142,729,0,-9
677,501,0,-2
112,131,0,-10
288,425,0,-4
504,94,0,-1
298,934,0,-5
2,828,0,-4
375,817,0,-9
331,551,0,-2
508,58,0,-9
73,663,0,-6
525,629,0,-9
105,17,0,-10
79,297,0,-5
778,491,0,-9
253,953,0,-7
739,527,0,-4
284,526,0,-9
461,512,0,-7
341,510,0,-4
616,734,0,-9
861,23,0,-2
528,244,0,-6
824,392,0,-3
134,446,0,-10
343,988,0,-6
53,145,0,-3
704,794,0,-2
374,425,0,-5
34,910,0,-9
922,146,0,-6
37,782,0,-10
216,865,0,-9
887,292,0,-2
787,732,0,-3
769,956,0,-10
279,853,0,-9
413,359,0,-9
689,783,0,-10
825,836,0,-10
227,784,0,-10
144,763,0,-4
9,357,0,-1
743,429,0,-9
380,564,0,-1
774,803,0,-4
41,650,0,-10
19,614,0,-4
593,247,0,-5
848,194,0,-6
282,779,0,-1
921,101,0,-7
83,894,0,-2
774,388,0,-4
273,978,0,-7
601,172,0,-9
841,264,0,-7
196,137,0,-8
920,149,0,-6
434,556,0,-9
957,310,0,-6
634,801,0,-2
915,860,0,-7
129,12,0,-7
745,32,0,-8
910,47,0,-9
852,998,0,-2
990,195,0,-4
43,418,0,-1
60,431,0,-9
798,290,0,-8
188,862,0,-1
46,456,0,-7
792,565,0,-1
975,226,0,-1
412,696,0,-1
341,399,0,-2
918,644,0,-9
283,876,0,-3
505,529,0,-3
748,601,0,-9
101,76,0,-8
356,968,0,-10
183,105,0,-1
661,347,0,-3
796,891,0,-9
961,3,0,-2
470,867,0,-8
619,487,0,-10
184,291,0,-8
304,369,0,-5
800,842,0,-4
705,691,0,-1
632,128,0,-3
179,358,0,-3
24,547,0,-6
567,30,0,-3
420,510,0,-9
811,813,0,-3
449,207,0,-2
702,965,0,-9
260,298,0,-7
670,517,0,-6
419,886,0,-10
435,810,0,-6
266,84,0,-2
670,199,0,-9
484,563,0,-3
390,816,0,-8
93,236,0,-8
806,955,0,-6
293,517,0,-10
486,765,0,-2
594,42,0,-3
185,995,0,-2
536,93,0,-1
339,515,0,-10
697,907,0,-3
706,112,0,-7
552,82,0,-9
55,116,0,-3
924,877,0,-8
606,293,0,-4
742,601,0,-1
346,385,0,-10
303,9,0,-4
622,147,0,-3
771,542,0,-3
203,152,0,-5
868,654,0,-2
611,740,0,-1
907,519,0,-5
409,473,0,-6
537,297,0,-6
169,727,0,-9
868,301,0,-7
383,284,0,-2
412,846,0,-3
289,578,0,-6
713,469,0,-9
587,140,0,-9
475,902,0,-10
882,92,0,-3
133,729,0,-6
625,584,0,-1
426,861,0,-2
162,379,0,-4
18,874,0,-3
338,955,0,-10
902,272,0,-7
707,71,0,-6
164,281,0,-9
523,402,0,-8
115,65,0,-4
155,767,0,-5
489,111,0,-4
870,724,0,-8
592,403,0,-5
570,103,0,-6
568,997,0,-8
605,415,0,-10
904,329,0,-7
709,332,0,-1
857,730,0,-6
483,530,0,-6
529,438,0,-7
367,616,0,-4
789,131,0,-6
902,669,0,-3
34,49,0,-3
879,487,0,-8
623,784,0,-7
658,335,0,-4
755,399,0,-1
466,339,0,-1
462,223,0,-8
778,877,0,-9
423,147,0,-5
935,617,0,-8
192,410,0,-3
345,840,0,-1
459,592,0,-10
146,104,0,-4
839,944,0,-4
440,418,0,-2
321,250,0,-5
435,480,0,-6
399,135,0,-1
215,810,0,-1
111,144,0,-8
326,122,0,-3
425,177,0,-5
55,711,0,-9
468,703,0,-2
561,783,0,-2
877,185,0,-4
164,520,0,-4
482,645,0,-3
523,76,0,-1
747,494,0,-2
101,799,0,-4
85,945,0,-4
5,658,0,-6
967,15,0,-5
217,959,0,-10
568,400,0,-1
435,537,0,-8
315,742,0,-6
719,54,0,-6
758,335,0,-5
202,213,0,-8
726,977,0,-6
117,737,0,-5
597,678,0,-2
703,425,0,-10
930,253,0,-9
996,137,0,-1
650,518,0,-9
820,394,0,-5
117,189,0,-2
815,536,0,-4
308,42,0,-10
594,775,0,-9
838,993,0,-2
297,553,0,-9
458,598,0,-7
954,529,0,-1
48,573,0,-9
70,255,0,-5
121,815,0,-4
138,793,0,-10
867,195,0,-5
608,522,0,-2
544,111,0,-7
576,160,0,-5
664,594,0,-2
998,369,0,-7
519,325,0,-5
670,4,0,-6
485,877,0,-5
301,315,0,-6
906,243,0,-3
503,176,0,-3
148,396,0,-9
733,611,0,-9
667,771,0,-9
809,207,0,-8
620,169,0,-1
821,849,0,-8
955,695,0,-4
548,739,0,-1
233,842,0,-7
180,707,0,-6
181,390,0,-9
537,61,0,-5
122,438,0,-9
497,14,0,-2
483,287,0,-5
479,141,0,-5
756,397,0,-8
445,680,0,-8
992,42,0,-1
382,274,0,-1
902,976,0,-2
14,88,0,-10
829,650,0,-6
35,466,0,-3
797,816,0,-1
587,182,0,-10
339,460,0,-8
620,715,0,-6
77,368,0,-5
34,545,0,-8
877,238,0,-9
489,841,0,-8
270,302,0,-8
185,302,0,-10
206,51,0,-6
945,198,0,-9
847,626,0,-4
51,667,0,-10
379,421,0,-6
98,17,0,-8
356,100,0,-5
535,504,0,-2
890,534,0,-1
260,253,0,-9
378,831,0,-4
751,606,0,-7
28,574,0,-2
291,198,0,-7
711,387,0,-4
380,593,0,-2
884,600,0,-2
33,889,0,-8
619,213,0,-4
997,858,0,-1
764,826,0,-10
535,261,0,-1
142,916,0,-4
660,48,0,-1
896,414,0,-7
70,179,0,-8
766,507,0,-4
8,619,0,-7
994,538,0,-6
567,897,0,-9
281,5,0,-6
86,585,0,-5
579,933,0,-6
638,428,0,-9
996,874,0,-1
385,69,0,-10
721,610,0,-1
57,696,0,-10
746,288,0,-8
200,461,0,-8
423,897,0,-6
522,761,0,-6
137,821,0,-9
347,356,0,-10
25,333,0,-7
730,865,0,-10
406,64,0,-10
131,844,0,-9
256,760,0,-8
912,150,0,-1
78,270,0,-7
861,911,0,-5
893,805,0,-7
605,963,0,-7
553,129,0,-3
385,445,0,-7
952,955,0,-4
943,221,0,-9
47,300,0,-6
327,678,0,-7
98,797,0,-2
245,972,0,-1
163,652,0,-8
779,692,0,-3
168,551,0,-6
258,622,0,-5
248,63,0,-7
38,956,0,-6
637,487,0,-5
771,990,0,-4
882,960,0,-1
30,833,0,-7
347,730,0,-1
134,306,0,-9
925,18,0,-8
859,774,0,-10
185,631,0,-3
889,979,0,-7
978,17,0,-3
518,685,0,-9
682,440,0,-10
527,759,0,-2
546,815,0,-5
392,52,0,-3
71,494,0,-9
274,247,0,-7
218,950,0,-7
402,126,0,-1
418,179,0,-1
809,32,0,-5
627,78,0,-8
360,286,0,-3
514,264,0,-10
426,734,0,-7
487,108,0,-4
525,983,0,-4
574,67,0,-4
7,377,0,-10
569,788,0,-1
12,103,0,-8
115,705,0,-2
439,646,0,-10
922,7,0,-8
436,610,0,-9
80,192,0,-6
67,346,0,-8
981,86,0,-5
67,714,0,-5
98,428,0,-10
137,657,0,-5
449,873,0,-5
403,253,0,-3
312,677,0,-3
919,413,0,-1
64,82,0,-1
52,202,0,-5
319,437,0,-5
642,599,0,-4
820,592,0,-8
386,201,0,-6
135,5,0,-3
89,483,0,-6
958,568,0,-1
829,491,0,-10
784,523,0,-3
660,498,0,-3
603,526,0,-5
767,747,0,-4
835,814,0,-8
119,106,0,-7
341,573,0,-9
702,995,0,-7
207,545,0,-2
663,747,0,-4
52,977,0,-10
983,169,0,-6
678,758,0,-9
266,778,0,-5
109,285,0,-4
707,120,0,-1
101,854,0,-8
598,415,0,-6
362,975,0,-3
244,195,0,-4
351,933,0,-7
709,386,0,-5
643,93,0,-9
498,185,0,-8
941,811,0,-2
908,875,0,-9
578,654,0,-5
179,858,0,-8
165,994,0,-1
970,705,0,-2
912,403,0,-2
719,762,0,-6
164,809,0,-7
344,360,0,-10
224,627,0,-9
481,150,0,-5
663,259,0,-9
259,748,0,-1
631,322,0,-4
828,57,0,-10
35,186,0,-10
453,534,0,-4
730,584,0,-4
563,571,0,-1
132,959,0,-10
158,898,0,-1
669,463,0,-7
45,667,0,-8
905,67,0,-5
577,808,0,-9
810,762,0,-7
730,436,0,-4
549,224,0,-3
350,870,0,-2
104,827,0,-7
424,904,0,-4
912,479,0,-1
852,878,0,-6
191,993,0,-1
510,732,0,-10
603,505,0,-9
21,935,0,-2
590,104,0,-10
24,832,0,-9
890,905,0,-1
881,839,0,-10
396,685,0,-9
591,323,0,-4
694,803,0,-4
127,241,0,-5
106,714,0,-9
699,276,0,-1
55,56,0,-1
682,241,0,-6
816,434,0,-4
158,493,0,-1
187,445,0,-7
874,632,0,-3
710,510,0,-6
284,291,0,-6
995,687,0,-2
944,579,0,-3
851,855,0,-1
491,87,0,-10
710,84,0,-2
582,77,0,-4
562,343,0,-10
740,901,0,-3
524,138,0,-8
763,956,0,-9
656,790,0,-4
286,906,0,-1
896,172,0,-9
506,629,0,-5
278,501,0,-10
309,415,0,-10
204,613,0,-9
785,38,0,-1
859,207,0,-9
474,586,0,-4
748,399,0,-2
261,763,0,-10
579,554,0,-1
794,210,0,-9
595,268,0,-4
1000,948,0,-5
597,947,0,-1
164,807,0,-8
674,379,0,-7
164,27,0,-2
250,258,0,-8
796,612,0,-8
790,804,0,-4
468,330,0,-6
317,843,0,-7
889,492,0,-1
216,345,0,-2
91,120,0,-4
549,864,0,-1
69,320,0,-8
306,536,0,-7
831,607,0,-4
995,828,0,-3
465,560,0,-9
687,709,0,-3
409,836,0,-5
545,608,0,-10
111,830,0,-5
152,805,0,-9
747,322,0,-1
804,327,0,-5
538,823,0,-6
121,11,0,-3
51,738,0,-1
208,81,0,-4
684,392,0,-8
650,124,0,-10
331,698,0,-5
680,305,0,-8
930,355,0,-2
464,20,0,-1
533,685,0,-9
710,185,0,-3
994,571,0,-6
580,108,0,-8
325,10,0,-8
528,885,0,-5
351,563,0,-8
40,367,0,-7
667,774,0,-8
110,586,0,-3
785,204,0,-8
236,984,0,-2
142,855,0,-10
79,503,0,-3
577,170,0,-1
725,159,0,-9
881,473,0,-10
379,166,0,-6
348,145,0,-1
994,649,0,-6
959,12,0,-9
715,878,0,-10
133,871,0,-9
832,950,0,-7
470,323,0,-3
380,278,0,-2
414,946,0,-8
621,992,0,-2
64,885,0,-7
580,123,0,-10
786,293,0,-5
858,5,0,-5
589,347,0,-5
490,173,0,-10
790,177,0,-4
896,256,0,-1
333,294,0,-4
60,986,0,-4
864,920,0,-5
377,771,0,-3
805,527,0,-8
92,169,0,-5
102,29,0,-7
794,181,0,-2
432,15,0,-9
499,389,0,-9
873,962,0,-9
479,53,0,-1
177,40,0,-5
24,458,0,-4
684,281,0,-9
779,531,0,-6
933,393,0,-3
455,11,0,-8
894,137,0,-7
737,886,0,-4
426,905,0,-8
641,390,0,-7
32,275,0,-6
213,363,0,-9
962,763,0,-10
994,44,0,-7
29,722,0,-7
562,281,0,-4
48,205,0,-8
850,321,0,-10
306,461,0,-7
837,925,0,-9
109,73,0,-8
822,267,0,-2
510,699,0,-2
745,801,0,-7
112,725,0,-4
403,890,0,-6
38,169,0,-3
273,156,0,-6
12,770,0,-8
509,240,0,-2
60,486,0,-1
108,392,0,-4
1,629,0,-4
694,103,0,-2
501,443,0,-4
710,515,0,-9
378,906,0,-9
628,690,0,-3
743,467,0,-4
387,888,0,-9
500,697,0,-7
479,647,0,-8
120,88,0,-3
157,208,0,-10
140,357,0,-4
302,23,0,-2
745,450,0,-4
840,337,0,-5
406,692,0,-5
153,573,0,-6
860,516,0,-10
117,905,0,-9
64,161,0,-5
499,474,0,-2
401,138,0,-4
519,561,0,-6
236,595,0,-5
625,827,0,-4
702,569,0,-2
32,620,0,-7
280,214,0,-7
331,498,0,-9
283,877,0,-6
780,309,0,-1
608,691,0,-4
308,58,0,-6
112,151,0,-9
516,677,0,-9
96,881,0,-2
692,794,0,-2
273,159,0,-10
285,899,0,-10
537,959,0,-10
408,710,0,-6
843,353,0,-8
205,550,0,-1
868,591,0,-2
760,766,0,-2
256,763,0,-8
625,429,0,-3
153,693,0,-4
411,627,0,-2
452,666,0,-2
919,861,0,-4
798,46,0,-3
202,207,0,-8
483,904,0,-3
663,437,0,-5
221,1000,0,-5
571,213,0,-2
599,976,0,-5
899,911,0,-7
252,410,0,-6
358,681,0,-9
588,401,0,-9
788,311,0,-3
401,541,0,-4
196,661,0,-4
488,190,0,-5
34,876,0,-4
494,717,0,-9
264,301,0,-6
907,624,0,-4
490,810,0,-1
294,866,0,-10
658,841,0,-4
738,688,0,-5
274,161,0,-1
708,654,0,-7
41,535,0,-9
933,857,0,-8
23,719,0,-8
107,658,0,-4
312,143,0,-4
524,219,0,-10
834,386,0,-8
764,35,0,-5
11,174,0,-5
650,711,0,-4
392,973,0,-1
174,403,0,-6
884,900,0,-6
10,445,0,-2
343,99,0,-5
380,454,0,-1
839,730,0,-3
956,384,0,-7
496,516,0,-4
556,295,0,-6
390,991,0,-3
875,994,0,-2
726,537,0,-5
165,985,0,-5
60,328,0,-4
494,758,0,-3
980,682,0,-1
630,544,0,-4
283,780,0,-8
189,751,0,-9
425,644,0,-2
499,253,0,-8
546,525,0,-2
959,772,0,-6
210,109,0,-10
818,858,0,-2
274,766,0,-2
923,996,0,-7
446,12,0,-8
265,803,0,-5
792,531,0,-5
309,955,0,-3
726,949,0,-6
502,479,0,-4
149,163,0,-5
64,118,0,-2
770,544,0,-2
182,424,0,-9
318,927,0,-9
297,666,0,-4
676,594,0,-4
712,953,0,-7
923,70,0,-9
606,805,0,-1
824,379,0,-6
796,915,0,-3
85,264,0,-5
347,333,0,-10
896,178,0,-8
295,743,0,-8
777,962,0,-1
608,899,0,-6
994,964,0,-7
154,765,0,-10
483,820,0,-3
50,856,0,-1
708,795,0,-6
51,794,0,-10
500,988,0,-5
63,607,0,-8
557,164,0,-8
775,320,0,-4
276,294,0,-5
399,357,0,-10
933,666,0,-5
725,355,0,-7
525,828,0,-1
515,266,0,-8
978,910,0,-1
718,225,0,-10
843,389,0,-7
394,564,0,-8
243,418,0,-7
747,617,0,-4
159,876,0,-4
116,589,0,-10
134,110,0,-3
406,271,0,-10
102,973,0,-4
744,406,0,-2
685,200,0,-5
277,160,0,-4
216,59,0,-1
308,108,0,-10
855,441,0,-2
296,276,0,-3
705,933,0,-3
127,735,0,-9
70,507,0,-10
355,728,0,-5
61,835,0,-2
301,514,0,-8
51,83,0,-2
594,181,0,-8
406,834,0,-3
865,633,0,-1
865,429,0,-8
878,503,0,-7
888,725,0,-6
228,592,0,-1
740,625,0,-3
881,320,0,-4
944,144,0,-5
805,354,0,-8
370,411,0,-4
632,848,0,-7
119,203,0,-3
164,724,0,-1
462,62,0,-8
910,621,0,-6
356,69,0,-7
871,739,0,-8
131,725,0,-6
742,392,0,-3
910,850,0,-5
96,171,0,-8
830,187,0,-5
714,504,0,-6
322,917,0,-6
939,800,0,-10
938,467,0,-8
698,367,0,-3
990,379,0,-8
501,844,0,-4
396,684,0,-5
820,313,0,-10
950,447,0,-3
582,169,0,-10
185,240,0,-9
480,266,0,-4
488,472,0,-5
364,805,0,-6
532,804,0,-7
522,359,0,-7
372,787,0,-10
708,262,0,-6
2,597,0,-7
358,174,0,-4
841,330,0,-7
260,452,0,-1
695,784,0,-7
15,998,0,-7
573,284,0,-3
230,238,0,-10
273,847,0,-6
544,539,0,-3
566,415,0,-6
551,144,0,-5
236,4,0,-8
651,625,0,-3
71,57,0,-4
639,214,0,-1
504,34,0,-3
190,686,0,-6
389,80,0,-8
813,976,0,-9
796,383,0,-2
665,83,0,-3
373,3,0,-8
733,721,0,-7
481,688,0,-4
86,29,0,-3
133,590,0,-3
265,460,0,-3
402,615,0,-2
401,688,0,-6
603,705,0,-10
709,985,0,-8
756,358,0,-10
947,726,0,-3
742,535,0,-9
284,93,0,-2
515,592,0,-3
436,946,0,-9
215,902,0,-5
488,403,0,-4
218,16,0,-1
314,441,0,-2
978,668,0,-9
20,73,0,-3
573,727,0,-3
923,978,0,-6
454,140,0,-8
319,429,0,-6
352,70,0,-10
879,888,0,-8
554,958,0,-1
652,887,0,-6
968,865,0,-10
82,794,0,-1
986,674,0,-7
641,121,0,-6
274,43,0,-9
416,26,0,-8
872,940,0,-3
47,59,0,-2
978,105,0,-2
968,759,0,-4
112,892,0,-6
600,709,0,-7
215,892,0,-7
536,24,0,-10
3,424,0,-8
323,32,0,-8
757,67,0,-5
452,966,0,-1
9,278,0,-10
789,800,0,-8
845,492,0,-6
133,559,0,-1
223,203,0,-1
306,978,0,-9
353,27,0,-8
859,670,0,-1
646,307,0,-2
492,222,0,-3
700,995,0,-6
629,507,0,-4
119,591,0,-7
877,272,0,-9
580,811,0,-1
736,570,0,-1
348,736,0,-8
57,10,0,-9
917,559,0,-2
64,792,0,-7
206,491,0,-9
896,421,0,-3
620,476,0,-10
969,425,0,-3
410,334,0,-4
66,660,0,-7
608,375,0,-6
545,896,0,-1
968,99,0,-8
699,461,0,-2
401,506,0,-1
778,343,0,-8
737,427,0,-3
517,547,0,-1
397,989,0,-6
773,494,0,-2
378,483,0,-6
71,106,0,-10
73,664,0,-3
76,62,0,-1
163,474,0,-2
527,249,0,-8
27,552,0,-3
70,653,0,-8
210,944,0,-9
178,421,0,-5
308,582,0,-9
288,630,0,-8
945,458,0,-5
893,573,0,-1
381,969,0,-3
783,254,0,-5
812,420,0,-1
65,319,0,-7
705,817,0,-7
886,122,0,-1
845,973,0,-5
355,156,0,-2
884,826,0,-6
918,547,0,-4
555,144,0,-1
207,899,0,-6
217,332,0,-10
773,368,0,-4
292,702,0,-7
505,807,0,-6
960,532,0,-4
528,152,0,-4
747,348,0,-6
928,447,0,-5
320,196,0,-4
79,157,0,-2
297,339,0,-3
44,105,0,-10
89,271,0,-1
632,392,0,-2
616,21,0,-5
658,869,0,-2
551,843,0,-8
23,962,0,-9
128,60,0,-1
415,303,0,-3
935,196,0,-1
350,464,0,-2
780,533,0,-1
574,377,0,-4
65,286,0,-1
196,955,0,-6
172,254,0,-4
886,187,0,-2
178,677,0,-4
443,756,0,-10
691,445,0,-7
554,467,0,-1
40,447,0,-10
975,954,0,-2
1,543,0,-3
708,313,0,-6
847,512,0,-4
612,539,0,-1
611,852,0,-8
247,520,0,-8
29,132,0,-3
688,870,0,-4
319,966,0,-4
252,913,0,-7
331,644,0,-10
656,276,0,-10
979,347,0,-1
631,804,0,-2
778,158,0,-6
790,370,0,-1
316,751,0,-8
887,771,0,-10
714,256,0,-6
6,968,0,-10
365,17,0,-6
612,237,0,-7
551,745,0,-6
468,657,0,-6
888,242,0,-6
828,500,0,-1
665,37,0,-6
152,230,0,-4
753,841,0,-10
2,936,0,-5
686,550,0,-4
959,633,0,-7
215,306,0,-7
318,892,0,-5
852,943,0,-5
141,212,0,-6
488,430,0,-9
661,419,0,-1
867,555,0,-9
293,188,0,-8
443,943,0,-5
251,418,0,-7
686,990,0,-10
578,3,0,-2
997,283,0,-4
613,250,0,-6
514,521,0,-5
283,934,0,-1
472,851,0,-6
672,418,0,-2
182,375,0,-8
477,819,0,-3
260,524,0,-6
650,995,0,-2
750,852,0,-8
283,454,0,-9
328,326,0,-3
616,209,0,-7
802,676,0,-5
799,81,0,-2
32,593,0,-10
211,536,0,-1
520,401,0,-10
534,957,0,-5
158,166,0,-9
345,17,0,-9
412,930,0,-2
695,357,0,-6
911,396,0,-8
271,131,0,-5
771,177,0,-9
943,230,0,-2
564,123,0,-4
278,600,0,-8
767,39,0,-8
202,225,0,-3
640,164,0,-6
514,6,0,-3
977,853,0,-5
646,841,0,-1
833,986,0,-6
775,357,0,-9
480,294,0,-9
573,234,0,-10
380,579,0,-9
246,890,0,-4
836,602,0,-9
978,810,0,-6
537,497,0,-2
432,913,0,-2
970,696,0,-2
415,456,0,-6
206,694,0,-5
290,532,0,-7
646,34,0,-2
253,276,0,-10
51,109,0,-2
638,366,0,-2
652,329,0,-2
453,512,0,-6
526,564,0,-2
669,621,0,-9
128,255,0,-2
874,749,0,-10
204,909,0,-9
964,445,0,-3
857,37,0,-5
88,389,0,-3
766,47,0,-4
484,342,0,-5
101,399,0,-7
696,917,0,-4
657,854,0,-2
694,668,0,-8
330,365,0,-9
766,162,0,-4
183,558,0,-3
513,564,0,-4
813,229,0,-1
516,892,0,-3
887,633,0,-4
597,494,0,-10
761,938,0,-4
675,839,0,-10
823,46,0,-6
193,756,0,-10
597,264,0,-10
944,493,0,-10
14,369,0,-5
704,321,0,-7
862,907,0,-10
600,871,0,-4
949,21,0,-2
59,48,0,-7
492,158,0,-2
422,507,0,-4
940,218,0,-4
552,822,0,-6
711,725,0,-4
453,482,0,-6
208,323,0,-6
784,655,0,-4
633,706,0,-8
825,788,0,-2
452,669,0,-9
376,859,0,-5
604,936,0,-9
280,384,0,-6
16,566,0,-9
693,403,0,-2
291,452,0,-10
