1,1001,0,85
4,1004,0,86
5,1005,0,24
6,1006,0,14
8,1008,0,62
9,1009,0,12
11,1011,0,71
18,1018,0,6
19,1019,0,50
22,1022,0,56
25,1025,0,73
26,1026,0,97
27,1027,0,2
29,1029,0,61
30,1030,0,7
31,1031,0,77
32,1032,0,65
33,1033,0,35
35,1035,0,74
38,1038,0,19
39,1039,0,20
40,1040,0,49
45,1045,0,93
46,1046,0,41
47,1047,0,51
48,1048,0,63
53,1053,0,15
57,1057,0,81
58,1058,0,65
59,1059,0,56
61,1061,0,15
66,1066,0,6
70,1070,0,80
73,1073,0,61
74,1074,0,30
75,1075,0,18
78,1078,0,44
80,1080,0,71
81,1081,0,58
82,1082,0,43
83,1083,0,81
84,1084,0,4
91,1091,0,39
93,1093,0,34
94,1094,0,5
95,1095,0,11
96,1096,0,5
99,1099,0,79
103,1103,0,33
104,1104,0,34
105,1105,0,87
106,1106,0,38
107,1107,0,45
109,1109,0,57
113,1113,0,42
116,1116,0,70
117,1117,0,28
120,1120,0,58
121,1121,0,79
126,1126,0,44
127,1127,0,63
130,1130,0,36
133,1133,0,91
136,1136,0,89
138,1138,0,26
139,1139,0,58
141,1141,0,93
147,1147,0,78
148,1148,0,29
150,1150,0,10
151,1151,0,47
156,1156,0,4
159,1159,0,31
160,1160,0,86
162,1162,0,88
167,1167,0,53
168,1168,0,68
169,1169,0,6
170,1170,0,42
171,1171,0,73
172,1172,0,23
173,1173,0,13
174,1174,0,24
175,1175,0,80
176,1176,0,5
177,1177,0,51
178,1178,0,66
179,1179,0,65
181,1181,0,22
182,1182,0,94
183,1183,0,81
186,1186,0,87
188,1188,0,38
189,1189,0,2
190,1190,0,55
191,1191,0,16
192,1192,0,27
193,1193,0,1
194,1194,0,40
197,1197,0,57
198,1198,0,11
200,1200,0,47
202,1202,0,96
203,1203,0,55
204,1204,0,17
205,1205,0,67
215,1215,0,40
216,1216,0,27
217,1217,0,19
218,1218,0,28
220,1220,0,65
228,1228,0,15
229,1229,0,34
230,1230,0,82
232,1232,0,97
233,1233,0,34
234,1234,0,96
236,1236,0,84
237,1237,0,57
241,1241,0,80
245,1245,0,39
246,1246,0,94
247,1247,0,8
248,1248,0,1
250,1250,0,38
252,1252,0,65
253,1253,0,29
255,1255,0,69
257,1257,0,36
259,1259,0,6
263,1263,0,72
264,1264,0,9
265,1265,0,19
266,1266,0,47
267,1267,0,36
268,1268,0,77
272,1272,0,62
273,1273,0,62
275,1275,0,14
278,1278,0,77
279,1279,0,43
280,1280,0,86
281,1281,0,68
282,1282,0,7
283,1283,0,95
284,1284,0,1
287,1287,0,97
288,1288,0,88
289,1289,0,90
291,1291,0,80
293,1293,0,59
298,1298,0,54
312,1312,0,7
315,1315,0,67
317,1317,0,31
319,1319,0,55
320,1320,0,65
321,1321,0,77
322,1322,0,30
325,1325,0,12
326,1326,0,61
328,1328,0,62
331,1331,0,31
333,1333,0,97
334,1334,0,20
336,1336,0,97
337,1337,0,1
340,1340,0,4
342,1342,0,74
345,1345,0,73
346,1346,0,55
347,1347,0,64
348,1348,0,34
350,1350,0,80
352,1352,0,99
355,1355,0,14
356,1356,0,17
357,1357,0,4
358,1358,0,26
359,1359,0,41
360,1360,0,90
362,1362,0,32
365,1365,0,13
367,1367,0,92
368,1368,0,14
369,1369,0,22
371,1371,0,44
372,1372,0,33
373,1373,0,71
374,1374,0,8
378,1378,0,18
380,1380,0,17
387,1387,0,69
390,1390,0,39
394,1394,0,8
396,1396,0,35
401,1401,0,38
402,1402,0,77
404,1404,0,62
405,1405,0,24
406,1406,0,76
407,1407,0,23
409,1409,0,41
410,1410,0,63
411,1411,0,92
413,1413,0,30
414,1414,0,45
415,1415,0,88
416,1416,0,3
417,1417,0,37
418,1418,0,42
421,1421,0,26
423,1423,0,66
424,1424,0,54
426,1426,0,9
427,1427,0,97
430,1430,0,90
434,1434,0,74
436,1436,0,10
437,1437,0,93
441,1441,0,87
443,1443,0,55
444,1444,0,3
446,1446,0,94
447,1447,0,16
450,1450,0,93
452,1452,0,25
453,1453,0,94
458,1458,0,16
459,1459,0,78
461,1461,0,82
463,1463,0,41
464,1464,0,13
465,1465,0,44
466,1466,0,36
467,1467,0,10
474,1474,0,47
475,1475,0,70
478,1478,0,51
482,1482,0,82
483,1483,0,6
487,1487,0,52
488,1488,0,92
489,1489,0,38
491,1491,0,7
492,1492,0,58
493,1493,0,67
497,1497,0,49
498,1498,0,55
499,1499,0,17
500,1500,0,86
501,1501,0,96
503,1503,0,43
506,1506,0,13
508,1508,0,5
509,1509,0,43
510,1510,0,87
511,1511,0,65
512,1512,0,38
513,1513,0,67
514,1514,0,59
518,1518,0,55
521,1521,0,62
523,1523,0,5
524,1524,0,26
525,1525,0,23
526,1526,0,74
530,1530,0,69
531,1531,0,24
532,1532,0,25
534,1534,0,17
535,1535,0,70
536,1536,0,22
537,1537,0,73
539,1539,0,43
542,1542,0,92
543,1543,0,53
544,1544,0,2
545,1545,0,83
547,1547,0,97
549,1549,0,79
554,1554,0,47
555,1555,0,15
557,1557,0,89
559,1559,0,2
561,1561,0,66
567,1567,0,34
568,1568,0,78
569,1569,0,54
571,1571,0,41
572,1572,0,47
573,1573,0,21
574,1574,0,52
579,1579,0,56
580,1580,0,43
582,1582,0,53
583,1583,0,98
585,1585,0,51
589,1589,0,62
590,1590,0,47
592,1592,0,49
593,1593,0,57
594,1594,0,71
595,1595,0,54
597,1597,0,98
601,1601,0,34
605,1605,0,71
606,1606,0,13
607,1607,0,53
610,1610,0,18
611,1611,0,35
612,1612,0,88
613,1613,0,31
617,1617,0,90
618,1618,0,55
619,1619,0,99
625,1625,0,55
626,1626,0,41
629,1629,0,18
630,1630,0,92
631,1631,0,47
638,1638,0,91
639,1639,0,35
640,1640,0,76
641,1641,0,20
645,1645,0,59
647,1647,0,71
650,1650,0,33
652,1652,0,85
653,1653,0,1
654,1654,0,58
655,1655,0,13
656,1656,0,66
659,1659,0,16
660,1660,0,44
663,1663,0,3
664,1664,0,33
666,1666,0,66
667,1667,0,75
669,1669,0,33
671,1671,0,80
675,1675,0,37
676,1676,0,24
679,1679,0,56
681,1681,0,43
682,1682,0,45
683,1683,0,84
685,1685,0,75
687,1687,0,69
692,1692,0,9
694,1694,0,11
696,1696,0,30
699,1699,0,41
705,1705,0,88
709,1709,0,97
710,1710,0,78
716,1716,0,11
717,1717,0,61
718,1718,0,63
720,1720,0,76
723,1723,0,77
724,1724,0,37
725,1725,0,13
728,1728,0,19
731,1731,0,38
733,1733,0,74
734,1734,0,40
735,1735,0,74
739,1739,0,79
740,1740,0,88
742,1742,0,26
743,1743,0,19
750,1750,0,67
751,1751,0,93
753,1753,0,56
755,1755,0,73
756,1756,0,41
757,1757,0,73
761,1761,0,28
763,1763,0,23
764,1764,0,10
765,1765,0,73
766,1766,0,4
768,1768,0,17
770,1770,0,84
773,1773,0,78
774,1774,0,55
777,1777,0,43
779,1779,0,28
780,1780,0,50
781,1781,0,58
782,1782,0,3
784,1784,0,84
785,1785,0,4
786,1786,0,26
787,1787,0,26
788,1788,0,59
789,1789,0,27
790,1790,0,76
791,1791,0,58
792,1792,0,34
795,1795,0,97
797,1797,0,68
798,1798,0,32
799,1799,0,93
802,1802,0,15
803,1803,0,65
804,1804,0,45
806,1806,0,32
807,1807,0,76
809,1809,0,76
812,1812,0,5
813,1813,0,14
814,1814,0,85
815,1815,0,6
817,1817,0,73
819,1819,0,99
823,1823,0,76
826,1826,0,58
827,1827,0,94
831,1831,0,4
832,1832,0,69
833,1833,0,40
834,1834,0,54
835,1835,0,31
836,1836,0,1
839,1839,0,67
842,1842,0,88
844,1844,0,43
845,1845,0,90
847,1847,0,8
849,1849,0,37
850,1850,0,33
857,1857,0,19
863,1863,0,73
866,1866,0,9
867,1867,0,97
868,1868,0,93
869,1869,0,86
870,1870,0,96
871,1871,0,45
874,1874,0,75
876,1876,0,11
878,1878,0,17
883,1883,0,61
886,1886,0,3
887,1887,0,70
893,1893,0,94
894,1894,0,96
896,1896,0,24
897,1897,0,85
904,1904,0,48
906,1906,0,88
907,1907,0,6
909,1909,0,64
913,1913,0,81
915,1915,0,2
916,1916,0,2
919,1919,0,99
920,1920,0,26
921,1921,0,68
923,1923,0,4
924,1924,0,82
928,1928,0,61
930,1930,0,50
931,1931,0,8
932,1932,0,6
934,1934,0,97
935,1935,0,85
937,1937,0,9
938,1938,0,33
941,1941,0,68
942,1942,0,49
943,1943,0,63
944,1944,0,52
945,1945,0,37
947,1947,0,98
950,1950,0,17
951,1951,0,77
954,1954,0,43
955,1955,0,4
956,1956,0,15
958,1958,0,16
963,1963,0,77
967,1967,0,98
972,1972,0,31
974,1974,0,62
975,1975,0,59
976,1976,0,67
977,1977,0,97
979,1979,0,20
980,1980,0,64
981,1981,0,83
982,1982,0,79
983,1983,0,90
984,1984,0,84
989,1989,0,68
992,1992,0,69
996,1996,0,42
998,1998,0,16
928,381,0,-9
136,928,0,-10
928,633,0,-6
928,751,0,-1
246,381,0,-7
246,514,0,-6
751,438,0,-2
246,277,0,-10
351,514,0,-10
277,778,0,-4
248,136,0,-6
62,381,0,-7
751,310,0,-9
918,778,0,-7
277,760,0,-6
914,248,0,-4
136,119,0,-1
760,162,0,-3
918,822,0,-2
351,770,0,-2
93,62,0,-10
166,162,0,-3
699,438,0,-6
777,633,0,-5
83,918,0,-6
449,162,0,-5
333,918,0,-7
309,248,0,-6
309,235,0,-3
770,820,0,-7
449,582,0,-3
699,434,0,-6
777,90,0,-1
204,246,0,-5
582,382,0,-4
583,778,0,-4
449,46,0,-9
851,46,0,-10
365,699,0,-3
14,822,0,-4
121,778,0,-7
83,115,0,-4
625,381,0,-3
770,682,0,-4
593,115,0,-6
46,961,0,-9
276,365,0,-1
747,822,0,-8
997,93,0,-8
310,925,0,-3
62,816,0,-4
365,214,0,-2
324,760,0,-5
582,29,0,-3
583,647,0,-8
14,981,0,-4
634,778,0,-6
14,189,0,-3
522,246,0,-1
631,235,0,-3
699,965,0,-1
828,699,0,-7
204,424,0,-3
206,634,0,-1
507,582,0,-9
204,700,0,-1
485,682,0,-10
62,559,0,-3
822,632,0,-8
449,78,0,-8
365,454,0,-8
228,424,0,-3
175,820,0,-2
296,777,0,-4
524,522,0,-7
997,621,0,-5
235,752,0,-4
810,424,0,-7
277,756,0,-3
177,485,0,-7
235,11,0,-9
919,235,0,-6
768,752,0,-4
582,75,0,-6
365,635,0,-4
424,812,0,-1
949,382,0,-9
625,183,0,-10
632,415,0,-10
878,214,0,-4
166,154,0,-6
760,185,0,-6
510,878,0,-8
90,264,0,-1
508,206,0,-2
415,331,0,-2
829,228,0,-1
871,248,0,-3
107,166,0,-7
162,398,0,-2
234,632,0,-6
210,919,0,-2
919,215,0,-6
398,268,0,-3
752,170,0,-9
621,299,0,-2
424,645,0,-1
421,510,0,-10
400,324,0,-7
918,139,0,-7
964,398,0,-10
704,524,0,-9
50,75,0,-8
632,882,0,-3
351,736,0,-8
717,925,0,-3
204,773,0,-1
778,788,0,-10
124,583,0,-8
62,443,0,-1
736,293,0,-8
407,631,0,-3
851,222,0,-4
210,916,0,-1
228,900,0,-6
925,649,0,-10
642,11,0,-4
14,654,0,-4
123,177,0,-1
634,948,0,-1
642,392,0,-8
424,134,0,-10
327,582,0,-2
788,962,0,-1
405,392,0,-5
180,682,0,-7
697,166,0,-1
822,521,0,-8
381,527,0,-10
711,524,0,-2
829,518,0,-7
324,535,0,-4
967,981,0,-2
501,246,0,-10
272,93,0,-2
136,74,0,-7
38,166,0,-5
793,210,0,-5
78,289,0,-4
91,916,0,-4
193,296,0,-9
691,964,0,-2
189,843,0,-9
170,750,0,-6
212,633,0,-6
175,899,0,-1
647,47,0,-10
391,123,0,-9
374,521,0,-8
891,788,0,-2
145,14,0,-4
306,206,0,-2
781,206,0,-8
620,535,0,-3
810,772,0,-8
382,279,0,-5
654,3,0,-7
557,268,0,-10
919,386,0,-5
247,365,0,-6
503,206,0,-1
727,916,0,-4
485,998,0,-4
230,521,0,-1
552,121,0,-3
802,654,0,-2
745,93,0,-6
671,882,0,-9
781,232,0,-8
388,443,0,-4
963,331,0,-8
22,812,0,-7
486,438,0,-8
635,813,0,-4
330,810,0,-2
206,178,0,-1
457,635,0,-6
293,35,0,-7
756,785,0,-2
851,147,0,-9
381,554,0,-6
977,964,0,-5
810,350,0,-4
588,727,0,-3
657,247,0,-8
563,400,0,-3
523,331,0,-5
128,189,0,-5
877,93,0,-8
812,294,0,-8
580,770,0,-7
313,210,0,-7
302,333,0,-5
513,279,0,-5
781,930,0,-5
309,767,0,-3
842,788,0,-8
774,222,0,-6
588,285,0,-5
290,557,0,-5
711,103,0,-8
331,549,0,-5
50,307,0,-1
941,773,0,-7
175,337,0,-4
178,665,0,-9
310,423,0,-4
899,626,0,-1
778,34,0,-8
313,581,0,-4
517,289,0,-4
830,842,0,-8
56,279,0,-7
155,309,0,-7
59,842,0,-10
829,606,0,-6
966,154,0,-1
119,895,0,-1
563,731,0,-8
626,646,0,-7
434,685,0,-5
206,138,0,-2
189,49,0,-2
695,49,0,-6
147,81,0,-6
522,641,0,-4
391,653,0,-4
289,269,0,-3
136,530,0,-5
400,403,0,-9
506,820,0,-5
895,917,0,-9
405,999,0,-5
592,549,0,-8
246,722,0,-10
685,167,0,-9
797,646,0,-10
926,625,0,-9
407,152,0,-8
689,170,0,-7
75,610,0,-2
38,913,0,-1
35,638,0,-1
405,220,0,-4
697,730,0,-8
98,899,0,-1
610,41,0,-1
982,717,0,-7
894,162,0,-10
777,986,0,-6
56,379,0,-4
221,234,0,-7
818,810,0,-4
45,626,0,-7
340,507,0,-6
146,722,0,-1
700,69,0,-8
351,667,0,-10
175,286,0,-9
203,891,0,-4
671,148,0,-9
257,167,0,-9
448,365,0,-4
507,329,0,-6
245,485,0,-6
870,699,0,-5
624,221,0,-9
184,717,0,-3
425,810,0,-8
131,508,0,-1
603,329,0,-2
745,308,0,-6
738,340,0,-8
682,740,0,-4
435,772,0,-4
478,119,0,-2
689,72,0,-6
2,145,0,-1
687,234,0,-6
833,730,0,-9
403,712,0,-10
892,134,0,-3
766,982,0,-2
952,147,0,-1
1000,624,0,-5
732,146,0,-4
262,813,0,-6
382,872,0,-2
313,866,0,-8
452,405,0,-6
740,345,0,-4
922,882,0,-3
269,883,0,-2
862,29,0,-6
78,6,0,-7
749,843,0,-10
232,357,0,-5
687,68,0,-1
772,619,0,-9
957,736,0,-3
221,921,0,-4
254,513,0,-9
574,895,0,-9
658,816,0,-1
200,894,0,-5
21,435,0,-2
939,625,0,-9
896,448,0,-2
162,37,0,-9
791,503,0,-4
443,5,0,-8
849,178,0,-1
320,638,0,-3
989,606,0,-9
913,775,0,-3
81,158,0,-2
772,488,0,-4
577,797,0,-1
945,34,0,-1
824,272,0,-5
473,269,0,-2
810,240,0,-4
419,421,0,-6
137,425,0,-9
200,594,0,-5
824,702,0,-2
224,580,0,-4
167,613,0,-2
2,515,0,-1
477,731,0,-4
29,847,0,-3
835,818,0,-5
158,532,0,-9
527,30,0,-7
918,537,0,-3
276,675,0,-5
337,252,0,-3
85,308,0,-10
93,754,0,-4
504,272,0,-10
647,9,0,-7
682,867,0,-1
834,91,0,-4
583,709,0,-3
357,660,0,-1
521,176,0,-10
132,510,0,-10
82,926,0,-9
709,110,0,-8
630,146,0,-7
2,342,0,-8
602,252,0,-10
80,582,0,-4
822,378,0,-6
18,522,0,-6
985,327,0,-7
624,316,0,-3
117,400,0,-10
626,839,0,-9
690,913,0,-10
491,386,0,-2
949,70,0,-8
98,543,0,-4
784,894,0,-1
898,878,0,-5
316,846,0,-1
873,22,0,-3
309,7,0,-6
982,118,0,-3
1000,596,0,-10
661,635,0,-3
565,118,0,-1
932,998,0,-4
246,297,0,-8
138,242,0,-6
515,742,0,-5
716,147,0,-1
365,395,0,-10
776,506,0,-6
34,197,0,-7
820,623,0,-8
729,507,0,-7
273,892,0,-9
744,434,0,-9
439,695,0,-7
239,391,0,-8
365,693,0,-1
534,997,0,-5
430,224,0,-9
870,688,0,-3
509,147,0,-3
374,808,0,-9
331,387,0,-10
383,90,0,-7
44,350,0,-4
623,287,0,-5
682,104,0,-1
802,886,0,-4
583,836,0,-9
923,744,0,-3
906,146,0,-6
162,779,0,-10
30,156,0,-7
444,44,0,-1
777,494,0,-5
224,864,0,-4
840,813,0,-7
718,268,0,-4
319,808,0,-5
596,442,0,-6
659,768,0,-5
521,542,0,-10
665,467,0,-8
696,718,0,-7
501,879,0,-5
21,679,0,-5
101,400,0,-3
813,54,0,-6
78,724,0,-8
750,61,0,-7
664,649,0,-7
148,108,0,-7
380,634,0,-4
131,358,0,-1
810,97,0,-6
119,335,0,-9
921,344,0,-8
181,134,0,-2
491,480,0,-9
521,558,0,-1
625,942,0,-1
268,462,0,-4
448,615,0,-8
400,73,0,-9
65,999,0,-10
236,773,0,-2
132,575,0,-8
441,661,0,-1
832,557,0,-7
935,357,0,-2
588,827,0,-4
622,517,0,-10
97,511,0,-9
601,928,0,-3
291,989,0,-7
604,268,0,-3
233,152,0,-6
972,22,0,-10
479,75,0,-4
135,438,0,-2
22,161,0,-10
691,10,0,-3
920,479,0,-4
508,472,0,-7
46,399,0,-6
575,769,0,-1
936,776,0,-9
456,345,0,-7
591,510,0,-5
482,518,0,-8
588,27,0,-3
621,735,0,-3
357,805,0,-5
981,48,0,-2
980,667,0,-8
757,400,0,-9
992,387,0,-5
882,77,0,-4
943,50,0,-4
870,484,0,-9
411,491,0,-1
708,21,0,-10
873,60,0,-4
557,725,0,-10
198,177,0,-6
543,483,0,-3
260,839,0,-2
966,497,0,-10
630,519,0,-2
549,376,0,-8
113,407,0,-8
494,841,0,-10
349,310,0,-8
658,304,0,-5
881,962,0,-3
87,245,0,-8
77,144,0,-9
353,519,0,-5
245,780,0,-9
855,158,0,-9
187,136,0,-3
58,829,0,-1
650,3,0,-4
730,817,0,-1
37,354,0,-1
749,937,0,-9
487,964,0,-8
440,932,0,-4
91,627,0,-3
446,239,0,-9
836,703,0,-3
642,19,0,-9
400,940,0,-2
212,845,0,-7
227,21,0,-7
940,225,0,-1
775,122,0,-9
769,481,0,-1
1000,79,0,-9
189,130,0,-7
213,400,0,-8
291,406,0,-2
734,563,0,-4
832,848,0,-2
99,184,0,-1
175,223,0,-2
710,9,0,-9
731,795,0,-8
168,816,0,-8
741,660,0,-5
797,973,0,-10
784,410,0,-10
575,255,0,-10
317,83,0,-3
120,514,0,-7
5,116,0,-10
712,567,0,-6
574,256,0,-7
241,110,0,-1
873,465,0,-6
367,899,0,-8
772,31,0,-8
756,978,0,-8
658,799,0,-7
598,593,0,-10
915,945,0,-2
487,343,0,-5
95,241,0,-5
385,477,0,-9
436,834,0,-5
959,286,0,-2
32,509,0,-2
852,189,0,-3
196,423,0,-2
549,418,0,-8
426,185,0,-1
587,750,0,-2
548,185,0,-5
396,87,0,-5
474,206,0,-1
561,358,0,-4
919,140,0,-4
412,115,0,-10
792,921,0,-4
341,10,0,-9
843,838,0,-7
889,793,0,-7
137,271,0,-9
753,530,0,-1
929,403,0,-3
891,539,0,-8
147,470,0,-8
325,695,0,-9
786,664,0,-4
305,919,0,-7
963,36,0,-8
52,774,0,-4
103,680,0,-6
99,655,0,-8
852,644,0,-3
162,556,0,-7
492,592,0,-7
956,116,0,-7
495,345,0,-2
617,287,0,-3
708,450,0,-3
364,340,0,-10
622,616,0,-1
240,157,0,-1
470,597,0,-8
165,232,0,-1
156,804,0,-5
464,943,0,-8
193,811,0,-3
297,43,0,-10
5,300,0,-8
813,844,0,-4
69,384,0,-7
275,693,0,-10
75,988,0,-10
735,637,0,-3
534,362,0,-8
498,391,0,-2
865,374,0,-5
215,338,0,-9
42,753,0,-10
199,513,0,-6
636,354,0,-3
417,840,0,-5
228,347,0,-3
369,197,0,-8
466,290,0,-2
219,124,0,-6
148,171,0,-10
287,525,0,-6
18,490,0,-5
950,117,0,-6
242,531,0,-10
596,868,0,-4
895,284,0,-3
505,998,0,-2
10,301,0,-10
549,801,0,-5
743,411,0,-7
942,907,0,-10
841,800,0,-9
394,633,0,-1
893,627,0,-7
284,437,0,-10
825,79,0,-7
828,445,0,-5
407,759,0,-5
140,326,0,-3
670,767,0,-10
692,893,0,-10
815,391,0,-2
944,784,0,-8
932,164,0,-1
997,182,0,-5
116,355,0,-4
130,25,0,-6
328,58,0,-4
706,87,0,-10
854,320,0,-3
316,869,0,-8
793,194,0,-7
826,326,0,-4
888,276,0,-3
717,885,0,-9
173,289,0,-4
292,255,0,-8
954,812,0,-10
931,240,0,-6
626,323,0,-7
53,343,0,-2
772,336,0,-1
315,832,0,-8
332,690,0,-1
644,890,0,-8
715,2,0,-4
883,984,0,-2
188,173,0,-5
221,218,0,-10
576,646,0,-8
619,191,0,-2
136,902,0,-3
153,702,0,-4
307,798,0,-2
852,283,0,-2
931,859,0,-7
550,542,0,-10
901,893,0,-8
253,158,0,-2
593,607,0,-3
436,609,0,-6
372,780,0,-1
361,894,0,-5
786,24,0,-5
854,663,0,-5
264,707,0,-5
101,12,0,-9
358,422,0,-6
322,184,0,-2
932,755,0,-7
803,550,0,-1
49,94,0,-10
289,764,0,-8
401,826,0,-10
39,785,0,-6
294,402,0,-8
760,429,0,-6
669,559,0,-9
287,578,0,-6
297,238,0,-5
798,377,0,-8
358,579,0,-6
88,800,0,-6
278,940,0,-4
914,934,0,-2
312,285,0,-2
108,192,0,-6
701,649,0,-5
71,889,0,-2
773,86,0,-5
362,551,0,-3
285,129,0,-6
282,851,0,-5
27,571,0,-2
845,927,0,-4
934,512,0,-3
469,815,0,-2
18,614,0,-4
346,162,0,-3
912,615,0,-4
924,43,0,-2
576,861,0,-10
233,874,0,-7
605,388,0,-2
249,973,0,-2
508,528,0,-4
102,342,0,-9
16,367,0,-4
272,564,0,-5
553,156,0,-4
562,803,0,-4
768,259,0,-4
275,226,0,-8
17,842,0,-3
860,152,0,-9
959,143,0,-3
714,204,0,-2
285,599,0,-5
127,845,0,-10
608,485,0,-1
65,373,0,-7
921,458,0,-1
662,222,0,-6
222,57,0,-8
478,409,0,-10
651,531,0,-6
420,24,0,-7
356,985,0,-2
740,733,0,-9
821,234,0,-7
416,452,0,-8
186,158,0,-3
991,627,0,-10
258,845,0,-5
439,933,0,-8
195,88,0,-3
637,771,0,-10
408,90,0,-4
390,663,0,-2
672,166,0,-8
389,198,0,-6
677,654,0,-6
363,817,0,-9
106,655,0,-3
538,512,0,-6
261,148,0,-2
643,52,0,-6
98,546,0,-8
460,956,0,-10
721,774,0,-5
787,221,0,-4
639,714,0,-6
920,500,0,-7
454,463,0,-10
334,824,0,-4
330,169,0,-4
595,411,0,-2
912,995,0,-10
610,126,0,-5
119,681,0,-10
728,467,0,-7
574,311,0,-8
15,456,0,-10
314,834,0,-4
555,45,0,-3
251,608,0,-1
850,615,0,-9
224,280,0,-5
66,980,0,-6
499,138,0,-4
209,405,0,-2
726,24,0,-4
684,538,0,-6
413,429,0,-1
837,851,0,-8
656,350,0,-6
219,533,0,-2
910,633,0,-9
150,415,0,-1
216,351,0,-5
971,866,0,-7
683,771,0,-8
81,201,0,-2
149,978,0,-6
551,611,0,-5
345,698,0,-9
573,822,0,-7
231,957,0,-9
40,899,0,-10
90,705,0,-8
863,406,0,-2
51,931,0,-7
199,447,0,-6
274,343,0,-1
168,397,0,-9
510,84,0,-8
356,807,0,-2
925,904,0,-2
135,89,0,-3
786,1,0,-7
246,994,0,-1
384,748,0,-9
905,708,0,-5
975,760,0,-3
475,25,0,-7
354,987,0,-2
953,619,0,-4
114,740,0,-2
717,970,0,-2
461,788,0,-10
177,105,0,-10
367,569,0,-3
737,470,0,-3
556,360,0,-5
676,710,0,-3
946,383,0,-6
352,788,0,-7
76,280,0,-8
572,514,0,-7
23,314,0,-4
875,228,0,-8
568,941,0,-3
612,83,0,-5
823,557,0,-7
266,804,0,-1
567,404,0,-4
637,628,0,-6
767,489,0,-7
970,13,0,-3
976,919,0,-9
84,694,0,-6
133,178,0,-8
797,428,0,-6
983,388,0,-4
709,746,0,-7
502,135,0,-8
334,393,0,-10
366,691,0,-9
990,596,0,-1
713,343,0,-5
512,673,0,-3
585,934,0,-9
55,610,0,-1
626,96,0,-8
298,289,0,-8
426,897,0,-9
544,639,0,-9
397,947,0,-5
499,547,0,-5
112,233,0,-10
303,279,0,-8
701,468,0,-7
960,386,0,-3
346,668,0,-4
182,909,0,-6
453,920,0,-3
365,321,0,-4
520,148,0,-3
951,416,0,-8
475,359,0,-5
217,120,0,-3
151,820,0,-2
414,506,0,-1
857,29,0,-3
181,600,0,-5
359,142,0,-7
819,204,0,-8
577,244,0,-1
288,741,0,-2
787,281,0,-5
762,551,0,-10
191,516,0,-8
157,674,0,-10
761,750,0,-10
339,1000,0,-6
427,220,0,-3
884,91,0,-9
554,678,0,-10
291,831,0,-1
146,270,0,-7
64,865,0,-6
720,562,0,-7
202,519,0,-5
53,783,0,-4
109,748,0,-8
69,208,0,-9
92,6,0,-3
450,589,0,-2
993,221,0,-8
348,842,0,-4
4,670,0,-5
190,691,0,-4
476,947,0,-8
382,237,0,-8
968,675,0,-4
605,541,0,-8
642,570,0,-2
292,26,0,-4
375,435,0,-5
794,943,0,-6
566,348,0,-7
190,63,0,-1
906,796,0,-8
267,271,0,-10
833,172,0,-3
459,957,0,-1
579,318,0,-1
356,207,0,-6
478,652,0,-5
742,433,0,-8
969,987,0,-9
261,471,0,-9
8,531,0,-5
838,371,0,-3
445,858,0,-10
602,205,0,-1
428,163,0,-9
941,809,0,-4
100,503,0,-10
560,487,0,-8
451,609,0,-2
211,68,0,-2
331,160,0,-7
897,111,0,-2
33,831,0,-9
547,979,0,-4
360,174,0,-7
765,421,0,-8
288,179,0,-1
205,640,0,-10
856,209,0,-1
494,880,0,-3
540,588,0,-2
861,455,0,-6
125,968,0,-5
996,402,0,-5
947,545,0,-10
261,590,0,-9
594,431,0,-2
262,526,0,-9
327,763,0,-7
181,432,0,-4
806,218,0,-1
104,911,0,-6
86,584,0,-8
810,790,0,-6
34,723,0,-5
28,87,0,-8
20,728,0,-10
619,493,0,-8
729,496,0,-7
263,122,0,-3
584,250,0,-1
67,500,0,-2
403,368,0,-10
370,589,0,-3
853,863,0,-1
782,761,0,-9
955,490,0,-1
732,814,0,-1
778,141,0,-8
938,949,0,-10
894,719,0,-1
79,974,0,-8
134,618,0,-10
295,334,0,-2
529,90,0,-6
515,958,0,-2
876,65,0,-3
374,666,0,-5
908,459,0,-5
586,74,0,-5
123,536,0,-3
758,489,0,-1
769,686,0,-6
95,629,0,-5
243,673,0,-6
903,519,0,-7
739,670,0,-1
229,742,0,-2
789,916,0,-7
265,316,0,-9
968,887,0,-9
648,375,0,-8
159,967,0,-10
95,851,0,-8
342,436,0,-9
721,82,0,-6
804,501,0,-5
765,944,0,-8
587,486,0,-4
79,130,0,-7
815,424,0,-3
728,356,0,-6
762,715,0,-4
139,462,0,-10
765,441,0,-1
273,539,0,-7
502,901,0,-2
850,125,0,-3
640,585,0,-5
935,292,0,-3
464,172,0,-2
457,3,0,-6
506,893,0,-4
627,770,0,-1
903,723,0,-4
568,939,0,-2
953,206,0,-7
290,874,0,-9
688,444,0,-10
616,76,0,-9
751,837,0,-2
97,790,0,-7
175,678,0,-7
945,456,0,-10
790,538,0,-6
683,47,0,-9
872,116,0,-10
180,507,0,-3
428,334,0,-1
24,806,0,-4
505,372,0,-5
486,734,0,-5
654,252,0,-1
16,986,0,-10
398,75,0,-10
98,620,0,-9
881,897,0,-4
878,978,0,-10
393,709,0,-6
531,235,0,-7
226,206,0,-7
969,743,0,-10
822,988,0,-4
609,779,0,-2
215,783,0,-9
857,181,0,-7
427,802,0,-7
460,788,0,-1
243,223,0,-6
483,85,0,-3
121,890,0,-6
457,968,0,-2
693,895,0,-1
483,650,0,-10
873,991,0,-2
467,807,0,-2
404,405,0,-10
257,184,0,-3
919,665,0,-5
331,838,0,-5
637,480,0,-8
853,905,0,-9
351,966,0,-4
147,486,0,-8
422,70,0,-10
298,983,0,-7
686,151,0,-1
383,105,0,-1
299,383,0,-8
495,406,0,-8
251,502,0,-4
116,444,0,-1
268,56,0,-7
439,922,0,-1
631,692,0,-8
702,324,0,-3
924,358,0,-7
248,3,0,-7
522,934,0,-1
979,783,0,-2
116,916,0,-9
754,164,0,-4
239,99,0,-1
770,778,0,-7
540,771,0,-9
130,535,0,-8
83,252,0,-4
194,514,0,-5
704,444,0,-10
923,515,0,-8
395,354,0,-9
249,614,0,-10
953,13,0,-4
866,809,0,-8
339,595,0,-6
714,11,0,-7
548,994,0,-8
853,995,0,-3
545,790,0,-4
798,309,0,-4
42,29,0,-9
550,734,0,-6
151,888,0,-5
762,468,0,-3
870,239,0,-10
233,279,0,-9
535,78,0,-8
220,204,0,-8
622,604,0,-2
869,500,0,-3
101,543,0,-9
712,215,0,-2
105,271,0,-10
232,238,0,-1
576,14,0,-7
852,37,0,-8
992,382,0,-8
367,484,0,-3
999,357,0,-8
741,343,0,-9
500,387,0,-7
130,382,0,-7
192,941,0,-6
909,319,0,-2
741,76,0,-1
444,957,0,-4
329,146,0,-7
795,248,0,-8
591,402,0,-2
487,176,0,-4
81,571,0,-6
421,834,0,-1
465,913,0,-6
75,661,0,-6
670,148,0,-1
355,486,0,-10
240,36,0,-9
270,99,0,-8
467,33,0,-8
408,702,0,-6
755,105,0,-4
685,22,0,-7
151,843,0,-8
612,805,0,-3
422,658,0,-7
421,699,0,-4
853,174,0,-6
118,155,0,-10
138,946,0,-4
199,960,0,-3
584,632,0,-8
875,205,0,-4
108,626,0,-8
422,51,0,-6
981,455,0,-5
432,539,0,-8
645,151,0,-4
940,236,0,-7
171,649,0,-10
370,616,0,-2
360,461,0,-4
729,661,0,-9
384,224,0,-1
955,71,0,-4
202,113,0,-2
912,713,0,-10
529,7,0,-9
76,45,0,-9
141,280,0,-3
253,265,0,-1
57,707,0,-1
835,457,0,-3
320,5,0,-1
895,128,0,-2
303,922,0,-6
850,983,0,-7
360,175,0,-3
642,849,0,-5
619,760,0,-9
24,736,0,-4
320,983,0,-5
895,676,0,-1
690,370,0,-8
777,404,0,-7
333,654,0,-6
697,881,0,-5
720,242,0,-8
482,578,0,-3
841,228,0,-6
644,146,0,-4
2,371,0,-2
582,889,0,-3
97,789,0,-9
29,881,0,-9
516,803,0,-8
716,746,0,-9
441,157,0,-6
191,361,0,-3
698,430,0,-9
867,171,0,-6
906,365,0,-8
936,332,0,-3
734,941,0,-7
108,548,0,-5
789,869,0,-10
32,288,0,-7
356,352,0,-10
64,857,0,-5
769,132,0,-5
497,375,0,-10
96,404,0,-9
624,842,0,-4
317,708,0,-10
842,501,0,-10
631,375,0,-1
201,111,0,-7
29,151,0,-8
984,821,0,-4
857,282,0,-7
796,523,0,-7
124,852,0,-7
515,536,0,-8
495,437,0,-1
936,774,0,-5
742,264,0,-4
978,701,0,-8
713,629,0,-1
266,407,0,-2
529,864,0,-2
56,215,0,-10
936,417,0,-3
772,684,0,-3
35,902,0,-9
916,938,0,-4
540,967,0,-5
730,43,0,-4
851,429,0,-7
824,154,0,-2
753,307,0,-1
987,891,0,-7
612,680,0,-5
344,656,0,-3
225,766,0,-1
772,213,0,-8
869,818,0,-1
667,451,0,-6
211,521,0,-4
517,18,0,-7
233,701,0,-10
739,227,0,-5
251,769,0,-8
856,763,0,-2
819,74,0,-7
680,924,0,-7
63,950,0,-9
876,184,0,-10
280,969,0,-5
544,387,0,-9
782,5,0,-4
678,871,0,-5
902,568,0,-2
675,302,0,-1
806,834,0,-7
188,715,0,-1
378,12,0,-3
929,542,0,-8
645,371,0,-7
86,988,0,-7
993,230,0,-4
833,423,0,-10
9,202,0,-4
483,290,0,-10
597,574,0,-7
791,889,0,-5
923,876,0,-9
959,435,0,-8
522,662,0,-4
614,747,0,-2
203,339,0,-6
648,218,0,-8
887,165,0,-7
649,19,0,-8
777,955,0,-3
702,962,0,-4
519,281,0,-10
698,388,0,-5
13,642,0,-4
756,225,0,-3
166,280,0,-7
319,404,0,-8
703,685,0,-7
452,619,0,-7
352,747,0,-7
507,416,0,-4
120,240,0,-8
993,426,0,-10
882,264,0,-10
665,488,0,-6
557,318,0,-6
581,864,0,-6
905,154,0,-6
841,270,0,-7
94,846,0,-2
959,76,0,-1
889,84,0,-8
202,55,0,-2
531,241,0,-1
799,69,0,-5
799,814,0,-9
203,955,0,-8
285,601,0,-2
898,268,0,-4
123,679,0,-3
962,156,0,-7
652,264,0,-8
892,482,0,-9
662,925,0,-2
588,44,0,-6
657,33,0,-1
205,880,0,-9
818,89,0,-4
788,38,0,-9
440,116,0,-1
65,154,0,-9
605,25,0,-2
829,548,0,-10
858,745,0,-2
566,933,0,-5
928,243,0,-2
105,396,0,-1
47,53,0,-8
913,481,0,-10
712,843,0,-7
22,357,0,-10
770,106,0,-6
171,883,0,-10
902,42,0,-7
221,702,0,-8
479,719,0,-7
151,725,0,-10
707,20,0,-2
142,211,0,-5
422,939,0,-7
672,468,0,-7
141,305,0,-9
323,447,0,-2
450,667,0,-8
588,264,0,-10
919,137,0,-9
628,92,0,-6
372,105,0,-1
878,396,0,-7
203,182,0,-4
608,846,0,-10
945,444,0,-1
166,296,0,-1
248,580,0,-2
543,395,0,-8
526,874,0,-9
704,435,0,-5
241,775,0,-6
366,887,0,-3
769,654,0,-7
489,338,0,-7
34,13,0,-4
864,425,0,-6
877,96,0,-10
428,438,0,-6
163,27,0,-7
312,560,0,-4
141,156,0,-8
878,96,0,-9
564,554,0,-8
511,514,0,-10
709,461,0,-7
79,341,0,-6
657,312,0,-10
129,680,0,-3
832,325,0,-9
799,161,0,-1
425,234,0,-10
910,451,0,-5
616,496,0,-4
600,376,0,-9
490,736,0,-7
909,938,0,-1
375,286,0,-2
404,448,0,-1
968,931,0,-2
236,945,0,-6
975,450,0,-5
426,540,0,-6
379,776,0,-3
65,632,0,-7
588,61,0,-6
981,428,0,-2
878,654,0,-6
866,465,0,-4
578,872,0,-9
176,763,0,-2
260,699,0,-6
314,991,0,-3
902,793,0,-7
255,938,0,-2
163,948,0,-10
204,103,0,-10
663,399,0,-2
437,309,0,-9
931,107,0,-1
405,94,0,-2
966,500,0,-7
753,719,0,-10
832,121,0,-4
670,965,0,-1
898,204,0,-10
903,577,0,-3
787,979,0,-5
599,87,0,-9
505,268,0,-7
906,802,0,-5
124,126,0,-7
510,146,0,-5
668,496,0,-4
664,801,0,-5
798,753,0,-8
198,727,0,-7
607,368,0,-2
23,503,0,-2
353,123,0,-5
993,463,0,-8
552,650,0,-2
980,65,0,-3
867,268,0,-6
9,254,0,-8
425,435,0,-4
7,13,0,-8
252,125,0,-8
650,910,0,-3
967,761,0,-10
659,582,0,-4
372,801,0,-6
186,165,0,-10
667,724,0,-7
214,187,0,-6
592,379,0,-2
454,698,0,-9
963,947,0,-4
790,952,0,-10
422,701,0,-7
779,346,0,-4
904,390,0,-6
798,653,0,-4
251,580,0,-7
700,401,0,-2
73,850,0,-5
666,501,0,-10
792,534,0,-4
363,900,0,-4
787,794,0,-3
128,413,0,-10
721,942,0,-2
535,677,0,-9
337,51,0,-9
102,577,0,-8
611,844,0,-2
386,230,0,-1
972,979,0,-4
916,285,0,-8
95,154,0,-7
7,501,0,-6
245,80,0,-8
418,496,0,-5
725,931,0,-3
243,390,0,-2
356,904,0,-7
419,155,0,-7
735,590,0,-4
230,429,0,-9
99,17,0,-5
551,315,0,-7
387,401,0,-10
776,879,0,-10
763,291,0,-3
695,872,0,-2
600,21,0,-5
565,496,0,-4
341,35,0,-3
85,253,0,-6
46,515,0,-10
420,613,0,-3
141,462,0,-3
601,594,0,-10
769,589,0,-5
769,882,0,-3
662,503,0,-5
480,603,0,-9
251,461,0,-9
149,57,0,-6
207,562,0,-10
966,894,0,-3
650,61,0,-9
730,477,0,-10
545,77,0,-9
741,587,0,-4
414,27,0,-10
720,19,0,-5
408,410,0,-1
604,554,0,-7
261,373,0,-9
940,932,0,-4
679,432,0,-6
379,61,0,-9
951,901,0,-6
147,287,0,-4
943,871,0,-2
908,363,0,-5
608,679,0,-4
925,57,0,-1
83,178,0,-5
849,929,0,-8
587,380,0,-8
453,964,0,-8
688,962,0,-5
466,749,0,-9
836,506,0,-5
489,28,0,-7
214,312,0,-5
483,997,0,-7
49,704,0,-7
898,693,0,-5
638,230,0,-8
40,251,0,-2
94,156,0,-7
367,49,0,-8
389,513,0,-10
805,468,0,-7
455,872,0,-4
208,56,0,-2
809,481,0,-1
161,666,0,-9
940,167,0,-7
772,960,0,-10
508,631,0,-8
178,424,0,-7
408,468,0,-6
781,998,0,-2
560,546,0,-6
740,91,0,-9
648,411,0,-8
330,743,0,-2
396,928,0,-3
887,332,0,-8
163,926,0,-8
404,469,0,-8
883,529,0,-1
291,177,0,-5
916,348,0,-8
10,947,0,-9
973,951,0,-8
28,27,0,-8
150,593,0,-2
705,310,0,-6
470,874,0,-9
711,536,0,-4
232,937,0,-1
913,770,0,-10
38,341,0,-8
24,572,0,-5
753,71,0,-3
382,972,0,-10
210,572,0,-9
50,598,0,-9
583,939,0,-4
190,863,0,-4
622,455,0,-9
73,26,0,-3
438,531,0,-1
198,781,0,-5
273,969,0,-4
283,88,0,-3
157,555,0,-10
815,885,0,-9
654,379,0,-10
536,395,0,-8
152,50,0,-4
791,235,0,-2
43,888,0,-6
834,889,0,-8
402,812,0,-2
611,410,0,-4
131,716,0,-5
38,887,0,-7
382,476,0,-5
540,210,0,-8
893,163,0,-7
438,197,0,-10
8,618,0,-5
656,999,0,-6
10,474,0,-7
965,96,0,-8
336,950,0,-2
46,994,0,-4
181,167,0,-7
906,702,0,-5
313,56,0,-6
90,89,0,-6
742,456,0,-3
84,843,0,-6
420,907,0,-9
230,667,0,-1
811,576,0,-4
453,933,0,-2
156,316,0,-3
330,787,0,-10
637,725,0,-2
162,148,0,-4
511,252,0,-10
613,664,0,-8
325,335,0,-10
484,976,0,-10
305,508,0,-7
852,775,0,-9
210,64,0,-8
758,165,0,-7
494,361,0,-9
37,225,0,-5
737,683,0,-2
44,433,0,-4
418,715,0,-8
929,194,0,-2
181,758,0,-2
755,899,0,-7
108,671,0,-9
898,956,0,-4
169,114,0,-7
669,793,0,-5
820,714,0,-2
116,745,0,-7
989,622,0,-9
763,150,0,-1
339,825,0,-8
912,874,0,-5
853,241,0,-2
911,333,0,-8
463,173,0,-9
749,184,0,-1
485,868,0,-1
139,337,0,-1
457,704,0,-2
494,97,0,-4
162,829,0,-8
581,179,0,-5
44,459,0,-3
391,968,0,-10
879,230,0,-1
208,768,0,-5
231,146,0,-6
19,687,0,-6
85,604,0,-1
571,376,0,-1
519,778,0,-7
875,35,0,-4
90,710,0,-3
137,356,0,-4
940,747,0,-5
563,227,0,-4
907,980,0,-1
106,575,0,-8
188,17,0,-5
496,498,0,-10
305,372,0,-2
965,928,0,-1
514,848,0,-7
151,328,0,-6
865,439,0,-7
366,412,0,-7
985,432,0,-4
896,534,0,-4
860,790,0,-2
468,7,0,-4
466,702,0,-6
106,532,0,-1
144,102,0,-3
642,665,0,-5
816,247,0,-10
329,792,0,-5
475,103,0,-10
779,307,0,-10
226,733,0,-4
799,978,0,-10
827,849,0,-7
541,984,0,-3
502,255,0,-4
227,378,0,-10
451,32,0,-7
158,157,0,-10
88,938,0,-9
896,724,0,-8
274,413,0,-2
227,268,0,-10
312,692,0,-3
386,788,0,-9
573,817,0,-5
769,714,0,-3
166,685,0,-2
146,746,0,-9
890,934,0,-1
279,703,0,-3
81,907,0,-6
583,130,0,-2
301,693,0,-4
46,30,0,-5
602,516,0,-7
842,418,0,-8
365,784,0,-2
462,6,0,-1
554,803,0,-4
63,559,0,-4
230,366,0,-10
968,920,0,-5
726,34,0,-2
235,662,0,-10
186,791,0,-4
592,627,0,-2
852,506,0,-5
105,35,0,-6
866,873,0,-8
508,70,0,-9
937,551,0,-7
539,995,0,-6
615,530,0,-10
585,434,0,-1
884,447,0,-4
736,383,0,-3
446,285,0,-1
528,916,0,-10
803,896,0,-9
590,310,0,-2
287,977,0,-3
946,834,0,-10
14,755,0,-6
662,47,0,-8
793,903,0,-10
566,589,0,-9
181,626,0,-3
773,536,0,-10
207,547,0,-5
120,358,0,-7
477,657,0,-1
277,192,0,-10
923,252,0,-6
203,146,0,-9
507,558,0,-2
436,177,0,-5
499,519,0,-4
992,580,0,-10
928,833,0,-4
566,738,0,-9
173,489,0,-7
67,70,0,-2
825,759,0,-4
498,510,0,-4
925,472,0,-1
345,961,0,-10
422,665,0,-3
428,871,0,-2
164,68,0,-6
685,436,0,-5
767,621,0,-10
289,428,0,-1
580,983,0,-10
282,468,0,-5
832,100,0,-10
627,531,0,-6
133,62,0,-7
131,753,0,-4
952,854,0,-10
1,594,0,-3
544,864,0,-9
621,45,0,-9
300,731,0,-9
482,862,0,-5
522,109,0,-8
372,452,0,-8
32,966,0,-3
84,33,0,-3
386,695,0,-1
151,540,0,-4
193,760,0,-8
811,391,0,-10
161,631,0,-9
736,678,0,-5
42,539,0,-3
935,994,0,-1
691,6,0,-6
991,108,0,-6
25,362,0,-8
201,329,0,-7
905,25,0,-6
935,630,0,-4
525,554,0,-10
350,346,0,-10
709,193,0,-8
434,156,0,-9
503,68,0,-9
960,778,0,-1
182,162,0,-5
865,40,0,-5
43,613,0,-7
143,105,0,-9
165,25,0,-10
12,793,0,-9
825,541,0,-6
711,721,0,-2
719,297,0,-4
600,460,0,-10
351,739,0,-6
187,662,0,-9
827,714,0,-9
222,5,0,-2
887,966,0,-4
922,680,0,-10
870,886,0,-3
185,900,0,-10
428,180,0,-3
628,209,0,-2
690,108,0,-2
381,104,0,-5
296,633,0,-8
835,21,0,-4
225,313,0,-4
773,160,0,-4
860,210,0,-4
826,152,0,-9
305,158,0,-5
557,713,0,-1
182,334,0,-7
939,193,0,-6
841,442,0,-5
611,240,0,-9
615,249,0,-1
996,694,0,-1
338,66,0,-1
253,758,0,-6
309,438,0,-3
165,34,0,-6
129,62,0,-5
228,803,0,-6
792,523,0,-6
665,147,0,-5
709,755,0,-3
499,255,0,-9
680,401,0,-1
749,288,0,-9
290,519,0,-8
490,354,0,-8
329,782,0,-7
256,701,0,-4
692,947,0,-4
476,296,0,-2
919,974,0,-3
281,674,0,-8
639,261,0,-8
493,502,0,-10
854,167,0,-6
155,610,0,-3
718,705,0,-4
170,454,0,-9
148,836,0,-2
658,218,0,-3
924,321,0,-4
97,785,0,-8
88,868,0,-2
362,941,0,-3
742,224,0,-6
468,323,0,-5
161,4,0,-9
957,595,0,-2
105,324,0,-8
889,417,0,-1
170,895,0,-10
712,889,0,-10
630,749,0,-8
123,17,0,-6
432,53,0,-3
715,882,0,-6
18,202,0,-9
452,654,0,-3
728,31,0,-6
647,81,0,-8
411,672,0,-6
206,185,0,-2
779,68,0,-2
631,366,0,-10
3,570,0,-7
33,608,0,-2
712,974,0,-3
658,424,0,-10
87,170,0,-10
917,488,0,-10
521,194,0,-3
428,970,0,-7
793,585,0,-1
87,956,0,-1
759,712,0,-8
764,713,0,-3
291,208,0,-9
51,431,0,-7
476,760,0,-8
419,361,0,-6
813,115,0,-10
585,322,0,-7
236,306,0,-1
784,573,0,-3
246,274,0,-4
965,94,0,-2
437,175,0,-3
258,976,0,-6
553,192,0,-8
641,23,0,-8
158,575,0,-10
636,255,0,-4
279,933,0,-3
521,528,0,-4
514,137,0,-7
424,921,0,-8
773,939,0,-7
667,430,0,-6
810,568,0,-10
568,402,0,-10
566,72,0,-8
286,439,0,-6
255,176,0,-9
188,164,0,-3
39,589,0,-6
184,358,0,-7
151,251,0,-8
939,84,0,-7
838,667,0,-4
184,283,0,-9
492,143,0,-10
115,384,0,-3
457,666,0,-5
315,712,0,-2
10,489,0,-10
61,260,0,-5
456,971,0,-5
807,12,0,-4
592,980,0,-9
184,461,0,-1
997,154,0,-1
340,580,0,-2
541,639,0,-3
925,564,0,-3
81,782,0,-5
585,123,0,-10
799,535,0,-6
993,115,0,-6
943,371,0,-7
949,851,0,-5
777,438,0,-10
782,947,0,-3
207,852,0,-5
555,884,0,-6
875,772,0,-1
386,642,0,-10
889,801,0,-10
75,431,0,-3
109,82,0,-2
176,777,0,-7
306,748,0,-8
552,853,0,-2
253,109,0,-2
995,743,0,-3
908,205,0,-7
798,547,0,-4
387,267,0,-5
348,619,0,-8
931,470,0,-5
733,799,0,-2
686,167,0,-6
26,756,0,-10
342,28,0,-8
323,90,0,-8
20,169,0,-3
116,831,0,-10
52,246,0,-5
213,137,0,-5
569,819,0,-10
51,839,0,-7
611,649,0,-10
843,165,0,-6
638,505,0,-10
727,329,0,-3
579,44,0,-1
750,514,0,-10
678,482,0,-1
467,493,0,-6
514,864,0,-10
95,301,0,-2
552,100,0,-9
912,379,0,-9
682,387,0,-3
239,972,0,-5
70,579,0,-8
979,305,0,-6
152,456,0,-3
769,963,0,-1
475,38,0,-5
406,902,0,-1
243,455,0,-2
348,35,0,-8
651,257,0,-3
904,935,0,-1
312,671,0,-8
13,927,0,-4
93,33,0,-6
331,923,0,-2
622,214,0,-2
505,692,0,-1
723,490,0,-8
299,939,0,-3
789,351,0,-6
297,63,0,-4
836,414,0,-4
581,414,0,-2
749,291,0,-1
607,664,0,-2
359,777,0,-4
274,700,0,-9
468,575,0,-7
970,814,0,-10
130,908,0,-2
791,232,0,-2
284,204,0,-1
947,308,0,-3
869,914,0,-5
787,150,0,-7
983,223,0,-9
369,210,0,-6
223,699,0,-8
133,564,0,-6
534,768,0,-3
349,199,0,-3
300,223,0,-8
602,594,0,-10
766,430,0,-3
287,325,0,-5
399,324,0,-2
81,938,0,-7
716,392,0,-6
597,611,0,-1
279,432,0,-7
663,912,0,-8
546,139,0,-9
245,369,0,-6
20,21,0,-6
94,442,0,-8
6,24,0,-9
741,463,0,-2
888,557,0,-2
554,737,0,-4
534,552,0,-1
553,238,0,-10
1,376,0,-4
110,869,0,-4
308,604,0,-3
468,203,0,-1
291,420,0,-3
196,163,0,-8
318,952,0,-8
815,553,0,-5
184,488,0,-6
796,318,0,-1
785,132,0,-6
425,653,0,-9
452,856,0,-6
572,115,0,-1
949,183,0,-4
306,121,0,-6
536,309,0,-9
723,170,0,-9
930,869,0,-9
249,25,0,-2
604,171,0,-4
14,742,0,-3
706,24,0,-8
564,198,0,-4
151,432,0,-2
907,357,0,-9
338,649,0,-2
17,103,0,-3
956,122,0,-6
487,984,0,-3
746,769,0,-7
575,80,0,-8
765,330,0,-2
644,510,0,-3
292,965,0,-1
941,25,0,-2
706,418,0,-4
273,971,0,-7
113,488,0,-3
95,267,0,-9
830,877,0,-2
100,837,0,-7
936,178,0,-7
343,151,0,-10
531,691,0,-3
626,952,0,-1
531,795,0,-2
921,822,0,-8
123,964,0,-9
820,453,0,-4
995,141,0,-10
301,158,0,-10
521,913,0,-7
200,191,0,-3
938,353,0,-6
356,517,0,-1
481,130,0,-9
144,446,0,-6
910,491,0,-6
822,833,0,-7
891,381,0,-2
423,567,0,-3
903,958,0,-10
627,995,0,-4
427,339,0,-8
443,69,0,-2
721,10,0,-6
5,937,0,-4
862,691,0,-9
531,605,0,-3
868,685,0,-1
696,392,0,-8
320,371,0,-4
167,234,0,-4
142,706,0,-7
372,82,0,-6
707,534,0,-2
555,231,0,-8
584,435,0,-1
664,746,0,-4
84,808,0,-3
894,880,0,-5
22,644,0,-3
400,721,0,-5
254,665,0,-6
352,732,0,-7
152,150,0,-4
907,993,0,-1
677,141,0,-7
855,805,0,-10
753,50,0,-1
242,164,0,-9
25,78,0,-10
621,286,0,-10
769,14,0,-3
89,469,0,-8
155,283,0,-9
896,188,0,-2
143,876,0,-8
759,959,0,-2
710,192,0,-4
863,819,0,-2
570,182,0,-8
384,583,0,-9
532,621,0,-9
366,316,0,-9
939,706,0,-2
153,24,0,-5
803,758,0,-6
370,83,0,-4
886,858,0,-1
501,675,0,-10
575,675,0,-3
129,893,0,-8
356,832,0,-5
905,581,0,-8
45,254,0,-5
578,528,0,-3
791,27,0,-9
540,71,0,-1
265,586,0,-1
715,875,0,-7
906,279,0,-4
134,275,0,-6
638,670,0,-2
504,868,0,-3
981,659,0,-7
206,955,0,-8
877,832,0,-7
569,863,0,-5
238,705,0,-10
119,745,0,-10
297,885,0,-8
483,231,0,-8
834,953,0,-2
627,930,0,-2
430,929,0,-6
394,907,0,-10
864,382,0,-3
464,505,0,-8
777,248,0,-2
65,317,0,-10
926,955,0,-10
726,974,0,-2
743,374,0,-3
837,937,0,-1
363,782,0,-4
195,139,0,-2
838,498,0,-2
659,242,0,-4
323,865,0,-5
98,16,0,-1
409,640,0,-5
1,64,0,-3
19,867,0,-7
82,627,0,-2
473,836,0,-6
426,544,0,-2
652,374,0,-10
296,462,0,-2
700,795,0,-9
797,643,0,-2
842,752,0,-9
564,51,0,-4
750,735,0,-8
890,305,0,-1
197,649,0,-8
728,747,0,-2
587,634,0,-3
528,533,0,-3
644,879,0,-10
587,778,0,-10
781,895,0,-5
231,613,0,-6
804,989,0,-2
420,309,0,-3
34,692,0,-8
81,185,0,-3
294,351,0,-4
758,48,0,-6
369,772,0,-7
331,938,0,-3
414,82,0,-10
137,13,0,-9
146,824,0,-5
794,396,0,-6
788,252,0,-8
841,838,0,-7
173,960,0,-10
398,683,0,-6
207,104,0,-6
975,156,0,-4
508,60,0,-5
154,922,0,-1
547,270,0,-10
773,327,0,-9
616,841,0,-2
30,926,0,-5
466,135,0,-2
161,8,0,-10
208,770,0,-6
907,161,0,-10
287,311,0,-10
175,784,0,-3
981,171,0,-9
749,688,0,-6
845,471,0,-9
538,983,0,-7
683,727,0,-10
431,442,0,-6
723,244,0,-8
312,403,0,-2
624,225,0,-3
574,450,0,-7
300,415,0,-6
850,153,0,-10
703,634,0,-5
346,504,0,-5
867,133,0,-4
182,281,0,-3
981,698,0,-5
921,777,0,-2
387,295,0,-1
384,284,0,-4
217,105,0,-8
333,507,0,-4
243,638,0,-6
473,549,0,-7
979,350,0,-2
422,250,0,-6
32,569,0,-10
903,877,0,-5
950,677,0,-5
683,549,0,-9
570,449,0,-4
54,821,0,-6
937,563,0,-7
893,838,0,-2
883,198,0,-5
314,700,0,-1
442,98,0,-9
759,886,0,-3
254,2,0,-5
737,867,0,-6
155,204,0,-4
351,397,0,-7
13,855,0,-6
137,841,0,-8
648,986,0,-1
330,929,0,-4
521,164,0,-5
246,845,0,-7
129,567,0,-5
897,154,0,-2
19,88,0,-7
589,530,0,-9
259,848,0,-8
650,570,0,-1
98,209,0,-10
634,417,0,-5
699,687,0,-5
179,833,0,-8
419,217,0,-3
4,827,0,-6
597,568,0,-7
203,514,0,-7
39,86,0,-2
835,752,0,-1
421,931,0,-8
312,514,0,-7
827,497,0,-9
274,696,0,-9
222,614,0,-2
167,12,0,-2
652,876,0,-9
612,642,0,-10
56,542,0,-2
308,349,0,-1
468,49,0,-8
154,109,0,-10
324,573,0,-1
960,783,0,-1
416,264,0,-8
841,900,0,-2
337,662,0,-7
445,970,0,-7
422,33,0,-5
528,485,0,-9
516,33,0,-10
637,861,0,-4
376,974,0,-10
888,697,0,-10
999,409,0,-2
462,675,0,-7
331,748,0,-8
75,147,0,-9
835,411,0,-8
432,773,0,-7
697,334,0,-3
792,651,0,-8
583,661,0,-7
75,452,0,-2
358,586,0,-8
347,398,0,-8
531,31,0,-3
397,620,0,-5
905,491,0,-1
24,244,0,-7
611,497,0,-2
17,418,0,-2
817,224,0,-5
814,426,0,-10
689,529,0,-8
910,570,0,-9
782,239,0,-4
768,556,0,-9
476,593,0,-10
672,441,0,-2
163,921,0,-1
271,439,0,-4
737,661,0,-7
673,701,0,-6
992,71,0,-8
21,291,0,-7
771,397,0,-7
323,521,0,-8
917,497,0,-6
805,269,0,-1
603,612,0,-1
915,288,0,-8
180,740,0,-2
218,752,0,-4
731,523,0,-6
158,900,0,-7
652,313,0,-8
582,154,0,-2
564,113,0,-2
648,327,0,-5
661,490,0,-1
671,664,0,-6
112,554,0,-4
381,969,0,-5
265,519,0,-2
810,449,0,-9
776,986,0,-8
94,499,0,-10
750,89,0,-8
803,648,0,-3
62,349,0,-3
117,671,0,-3
573,845,0,-5
496,778,0,-5
985,185,0,-5
854,719,0,-7
365,876,0,-10
956,679,0,-2
375,909,0,-2
307,429,0,-8
626,371,0,-6
997,432,0,-9
159,960,0,-2
883,55,0,-1
749,274,0,-3
530,979,0,-4
48,37,0,-4
338,541,0,-7
188,31,0,-7
873,784,0,-3
509,459,0,-3
17,41,0,-6
1000,567,0,-4
234,598,0,-9
144,232,0,-3
929,538,0,-2
453,962,0,-10
162,85,0,-6
852,911,0,-10
584,258,0,-5
515,202,0,-4
448,307,0,-9
713,676,0,-2
581,176,0,-1
343,391,0,-3
966,196,0,-8
288,467,0,-9
521,547,0,-1
599,480,0,-4
7,447,0,-9
892,652,0,-1
943,535,0,-10
627,390,0,-10
120,661,0,-9
471,488,0,-4
457,123,0,-3
439,161,0,-1
631,280,0,-4
557,464,0,-2
956,630,0,-7
689,700,0,-10
256,40,0,-1
221,598,0,-4
228,524,0,-9
333,9,0,-8
172,307,0,-10
21,2,0,-10
462,425,0,-1
450,273,0,-10
769,286,0,-3
217,682,0,-3
331,326,0,-5
311,443,0,-2
426,552,0,-10
182,348,0,-2
607,194,0,-10
478,35,0,-8
71,490,0,-6
376,419,0,-5
539,997,0,-6
196,398,0,-9
23,833,0,-9
21,126,0,-1
915,818,0,-9
557,375,0,-1
277,537,0,-8
549,196,0,-5
94,130,0,-10
515,198,0,-2
811,363,0,-8
189,126,0,-9
51,788,0,-7
451,888,0,-5
688,30,0,-9
695,205,0,-1
15,789,0,-10
38,810,0,-3
819,404,0,-7
94,835,0,-7
473,170,0,-2
258,506,0,-9
95,117,0,-1
250,115,0,-2
526,306,0,-2
650,46,0,-8
471,568,0,-8
400,797,0,-3
937,630,0,-4
386,161,0,-8
506,310,0,-10
20,500,0,-1
181,898,0,-7
378,42,0,-7
152,296,0,-5
564,389,0,-4
541,407,0,-3
35,276,0,-7
450,845,0,-9
727,306,0,-7
529,192,0,-8
933,798,0,-3
651,10,0,-3
661,714,0,-2
841,661,0,-6
951,378,0,-1
508,452,0,-4
707,755,0,-2
531,51,0,-7
327,131,0,-2
511,76,0,-3
915,520,0,-2
474,748,0,-2
679,271,0,-4
317,320,0,-6
285,390,0,-4
455,96,0,-9
898,77,0,-5
22,928,0,-4
232,408,0,-6
809,765,0,-2
687,439,0,-3
989,599,0,-3
996,362,0,-6
592,842,0,-8
529,593,0,-7
333,581,0,-10
438,65,0,-4
350,71,0,-6
456,751,0,-9
779,957,0,-5
101,617,0,-3
904,634,0,-10
880,366,0,-9
90,251,0,-6
44,863,0,-1
904,548,0,-5
981,22,0,-6
769,496,0,-3
722,271,0,-5
582,351,0,-2
126,585,0,-10
53,893,0,-7
52,865,0,-10
989,985,0,-2
143,633,0,-6
443,788,0,-6
458,269,0,-2
500,335,0,-4
16,731,0,-9
280,240,0,-7
647,152,0,-5
522,231,0,-8
12,144,0,-2
282,806,0,-8
471,337,0,-8
687,65,0,-5
961,762,0,-6
770,256,0,-1
590,345,0,-5
505,697,0,-6
367,751,0,-4
792,228,0,-6
826,235,0,-10
176,828,0,-10
446,499,0,-5
856,922,0,-6
679,297,0,-7
254,253,0,-2
609,383,0,-5
925,877,0,-5
233,539,0,-8
981,923,0,-6
206,593,0,-10
188,893,0,-4
904,146,0,-3
660,751,0,-7
711,432,0,-4
381,3,0,-1
373,404,0,-9
468,960,0,-10
422,151,0,-1
788,775,0,-2
684,278,0,-3
31,162,0,-1
966,300,0,-9
62,638,0,-8
652,209,0,-1
977,325,0,-3
627,894,0,-3
461,674,0,-2
106,218,0,-7
258,701,0,-5
40,382,0,-4
750,456,0,-3
462,515,0,-2
348,153,0,-1
32,692,0,-6
738,114,0,-9
106,53,0,-4
353,352,0,-4
190,556,0,-5
78,357,0,-8
937,406,0,-10
858,928,0,-4
696,354,0,-6
591,582,0,-1
274,744,0,-3
882,822,0,-4
499,920,0,-1
959,420,0,-3
742,97,0,-8
91,339,0,-5
239,773,0,-5
278,636,0,-7
292,488,0,-3
337,257,0,-7
608,253,0,-8
858,934,0,-5
511,586,0,-1
378,50,0,-6
733,815,0,-2
11,947,0,-1
954,308,0,-10
212,917,0,-2
627,551,0,-10
624,868,0,-7
392,153,0,-3
721,798,0,-1
943,816,0,-3
500,567,0,-1
325,104,0,-8
371,547,0,-4
814,5,0,-7
107,463,0,-1
493,707,0,-10
467,524,0,-6
303,69,0,-5
3,379,0,-6
780,676,0,-3
198,307,0,-6
63,915,0,-9
349,549,0,-6
93,213,0,-5
525,229,0,-1
754,430,0,-7
149,882,0,-4
514,500,0,-9
132,924,0,-10
383,266,0,-5
874,735,0,-7
70,897,0,-1
536,817,0,-6
58,944,0,-9
585,372,0,-10
551,600,0,-9
357,77,0,-5
266,120,0,-7
454,799,0,-8
328,412,0,-5
161,381,0,-3
204,356,0,-5
426,24,0,-10
386,373,0,-10
725,96,0,-9
223,415,0,-1
692,411,0,-3
852,847,0,-4
524,253,0,-3
230,437,0,-10
507,521,0,-9
82,18,0,-6
459,664,0,-3
734,465,0,-9
869,742,0,-3
561,223,0,-4
881,566,0,-4
73,231,0,-8
592,608,0,-6
982,6,0,-4
724,495,0,-4
511,131,0,-4
711,557,0,-2
278,44,0,-10
669,161,0,-5
978,669,0,-1
4,308,0,-5
161,56,0,-9
859,858,0,-10
148,589,0,-9
105,83,0,-2
890,489,0,-6
377,401,0,-4
561,420,0,-3
521,532,0,-7
306,128,0,-2
873,326,0,-5
168,559,0,-2
226,234,0,-10
166,13,0,-1
54,771,0,-8
797,416,0,-6
939,416,0,-10
945,213,0,-10
754,292,0,-1
909,37,0,-6
183,685,0,-2
753,395,0,-9
763,79,0,-8
982,193,0,-7
349,974,0,-9
750,19,0,-7
208,528,0,-1
825,791,0,-4
975,873,0,-8
459,683,0,-10
918,709,0,-7
184,992,0,-8
979,510,0,-2
118,122,0,-1
622,512,0,-9
527,285,0,-2
409,148,0,-2
255,24,0,-1
221,522,0,-6
702,506,0,-9
337,706,0,-10
311,778,0,-3
381,213,0,-7
232,179,0,-3
619,108,0,-1
281,34,0,-1
754,887,0,-10
769,245,0,-1
447,454,0,-8
132,278,0,-8
105,693,0,-4
289,213,0,-8
894,586,0,-5
699,125,0,-5
817,734,0,-2
13,650,0,-7
120,193,0,-10
453,609,0,-4
923,177,0,-3
65,983,0,-4
773,792,0,-8
341,156,0,-9
222,645,0,-8
114,433,0,-7
489,909,0,-5
882,125,0,-1
616,78,0,-1
694,66,0,-1
700,803,0,-1
902,753,0,-4
1000,676,0,-2
662,44,0,-9
451,930,0,-8
411,55,0,-10
254,48,0,-4
89,888,0,-7
995,888,0,-9
801,873,0,-2
870,949,0,-2
384,741,0,-9
190,264,0,-4
115,892,0,-9
921,228,0,-4
76,904,0,-9
517,77,0,-2
871,403,0,-5
310,6,0,-8
710,422,0,-10
607,460,0,-5
795,34,0,-5
158,652,0,-3
620,892,0,-7
109,944,0,-7
659,54,0,-7
704,499,0,-1
83,210,0,-3
296,856,0,-2
921,562,0,-7
968,159,0,-10
893,551,0,-3
739,745,0,-2
418,293,0,-7
802,1,0,-5
454,697,0,-1
578,531,0,-2
300,590,0,-5
531,184,0,-7
239,82,0,-4
272,845,0,-10
736,770,0,-2
595,546,0,-7
84,849,0,-10
167,432,0,-9
626,381,0,-2
229,434,0,-10
120,84,0,-8
855,809,0,-7
289,426,0,-1
708,983,0,-1
98,750,0,-9
195,851,0,-4
363,253,0,-7
135,747,0,-1
730,825,0,-1
155,565,0,-10
345,428,0,-2
571,272,0,-9
115,674,0,-9
604,808,0,-6
417,278,0,-9
819,297,0,-8
201,849,0,-7
27,749,0,-10
393,77,0,-6
844,606,0,-2
880,427,0,-4
325,888,0,-1
587,872,0,-5
146,853,0,-1
171,870,0,-7
643,600,0,-5
935,977,0,-6
481,952,0,-5
97,202,0,-7
199,27,0,-6
140,660,0,-10
705,22,0,-1
819,755,0,-8
147,700,0,-4
382,285,0,-3
381,358,0,-10
984,281,0,-2
317,769,0,-9
959,250,0,-5
634,140,0,-9
901,434,0,-8
214,283,0,-7
63,538,0,-9
61,480,0,-1
506,855,0,-5
677,808,0,-6
817,948,0,-10
718,350,0,-9
653,515,0,-6
156,389,0,-5
535,827,0,-2
793,563,0,-4
677,588,0,-6
56,350,0,-7
868,55,0,-1
697,1,0,-1
744,939,0,-3
384,385,0,-4
438,572,0,-9
543,349,0,-1
429,545,0,-6
675,628,0,-3
901,121,0,-2
108,875,0,-3
221,151,0,-9
173,302,0,-8
840,659,0,-8
113,837,0,-3
705,365,0,-2
294,886,0,-6
634,801,0,-2
742,801,0,-9
160,659,0,-7
835,733,0,-8
915,760,0,-10
228,134,0,-7
149,979,0,-3
161,793,0,-5
513,848,0,-8
700,606,0,-5
983,747,0,-5
313,328,0,-5
172,251,0,-7
590,33,0,-3
24,455,0,-4
630,591,0,-4
547,920,0,-1
888,820,0,-1
906,164,0,-1
252,63,0,-2
263,407,0,-4
707,983,0,-1
150,692,0,-7
743,151,0,-10
835,1000,0,-6
169,544,0,-4
742,786,0,-1
804,436,0,-1
468,878,0,-2
27,59,0,-7
833,698,0,-9
687,819,0,-9
424,213,0,-4
746,282,0,-10
862,108,0,-5
259,792,0,-1
668,366,0,-9
925,103,0,-2
312,476,0,-6
443,264,0,-7
36,110,0,-4
109,84,0,-5
901,914,0,-4
120,988,0,-6
856,112,0,-7
553,249,0,-6
615,183,0,-5
315,7,0,-4
870,553,0,-1
260,592,0,-10
620,888,0,-10
931,591,0,-1
834,413,0,-8
705,948,0,-3
711,216,0,-9
316,743,0,-7
951,547,0,-6
927,513,0,-8
217,127,0,-3
947,168,0,-5
364,884,0,-6
431,773,0,-4
730,834,0,-6
600,20,0,-7
508,139,0,-4
550,768,0,-8
9,236,0,-1
941,134,0,-4
940,23,0,-10
975,383,0,-2
2,867,0,-3
881,792,0,-9
124,396,0,-2
183,201,0,-8
213,736,0,-2
719,340,0,-2
875,84,0,-5
20,984,0,-6
238,172,0,-6
553,839,0,-10
257,492,0,-7
909,76,0,-2
902,661,0,-1
269,889,0,-8
622,812,0,-1
757,268,0,-6
387,737,0,-5
193,219,0,-2
213,37,0,-2
995,480,0,-10
275,503,0,-6
982,657,0,-5
998,310,0,-3
957,23,0,-9
526,641,0,-10
177,667,0,-7
785,60,0,-8
702,320,0,-5
992,108,0,-3
23,558,0,-9
437,111,0,-8
10,486,0,-1
612,594,0,-1
348,274,0,-10
483,415,0,-6
538,775,0,-10
621,600,0,-6
666,794,0,-3
437,460,0,-7
810,1,0,-7
991,347,0,-4
974,767,0,-8
662,907,0,-9
696,858,0,-4
108,139,0,-3
293,188,0,-10
49,904,0,-10
387,643,0,-10
288,997,0,-3
686,385,0,-1
848,28,0,-5
537,179,0,-5
734,45,0,-2
776,129,0,-1
541,451,0,-7
358,215,0,-10
598,73,0,-10
657,609,0,-4
150,998,0,-9
182,39,0,-3
146,776,0,-2
59,756,0,-10
324,892,0,-2
561,405,0,-5
897,225,0,-3
957,867,0,-5
911,630,0,-7
633,679,0,-4
817,246,0,-6
31,707,0,-3
746,324,0,-6
621,839,0,-2
150,479,0,-1
848,918,0,-1
604,587,0,-1
316,775,0,-3
702,159,0,-4
175,89,0,-5
554,457,0,-10
759,419,0,-10
786,211,0,-1
728,692,0,-5
457,692,0,-6
533,244,0,-3
863,300,0,-7
939,306,0,-6
627,6,0,-1
802,557,0,-7
95,361,0,-7
494,186,0,-9
425,239,0,-10
42,934,0,-1
475,144,0,-3
439,915,0,-10
997,278,0,-5
136,768,0,-8
487,864,0,-4
273,392,0,-10
849,605,0,-5
812,962,0,-5
919,681,0,-10
858,944,0,-2
236,979,0,-9
262,592,0,-7
696,885,0,-8
810,234,0,-1
512,982,0,-1
2,279,0,-9
526,997,0,-4
755,895,0,-9
950,384,0,-8
642,926,0,-4
692,169,0,-10
232,176,0,-1
787,669,0,-10
274,441,0,-4
105,967,0,-7
532,137,0,-5
449,146,0,-10
683,565,0,-7
388,651,0,-8
468,396,0,-8
188,128,0,-1
815,635,0,-7
465,304,0,-9
426,458,0,-5
545,391,0,-7
8,149,0,-5
212,458,0,-1
299,330,0,-6
876,867,0,-3
751,677,0,-5
990,236,0,-2
631,267,0,-1
23,138,0,-9
543,660,0,-3
169,518,0,-8
844,916,0,-1
525,254,0,-10
128,1,0,-9
649,270,0,-4
570,263,0,-5
484,696,0,-5
510,270,0,-1
245,240,0,-3
199,995,0,-1
457,441,0,-10
244,586,0,-4
885,776,0,-9
801,347,0,-4
55,337,0,-5
70,537,0,-3
828,40,0,-9
48,120,0,-3
48,883,0,-2
809,308,0,-9
467,508,0,-4
692,121,0,-4
907,400,0,-9
134,842,0,-7
275,988,0,-1
225,385,0,-9
163,291,0,-10
283,407,0,-9
634,760,0,-6
757,554,0,-8
557,885,0,-3
786,439,0,-8
852,443,0,-1
535,950,0,-8
746,353,0,-1
701,517,0,-1
789,487,0,-3
411,199,0,-7
601,711,0,-10
789,582,0,-4
948,260,0,-1
602,531,0,-10
638,213,0,-8
402,180,0,-2
493,501,0,-2
910,820,0,-3
850,933,0,-7
800,971,0,-3
846,1000,0,-6
34,440,0,-4
372,422,0,-8
294,776,0,-9
664,780,0,-5
379,349,0,-4
744,611,0,-6
219,81,0,-5
235,559,0,-5
938,629,0,-8
883,985,0,-6
626,500,0,-8
662,960,0,-9
69,841,0,-3
470,402,0,-4
992,968,0,-4
277,714,0,-7
589,707,0,-4
949,96,0,-7
741,320,0,-2
326,226,0,-10
385,367,0,-1
409,534,0,-7
236,713,0,-1
219,314,0,-7
33,71,0,-5
683,321,0,-9
846,746,0,-1
47,118,0,-9
708,807,0,-4
303,530,0,-8
209,943,0,-7
382,196,0,-1
532,474,0,-3
592,578,0,-9
532,617,0,-2
705,675,0,-1
769,999,0,-9
324,925,0,-8
152,831,0,-4
90,305,0,-3
407,561,0,-8
604,991,0,-1
885,849,0,-9
893,340,0,-2
191,637,0,-5
959,641,0,-6
712,69,0,-7
994,611,0,-7
927,738,0,-3
882,556,0,-10
315,875,0,-10
19,500,0,-8
688,850,0,-9
5,467,0,-4
740,870,0,-5
403,113,0,-1
545,715,0,-2
287,869,0,-9
698,529,0,-2
697,494,0,-10
406,851,0,-1
137,500,0,-5
451,630,0,-7
581,718,0,-7
953,246,0,-2
992,976,0,-8
15,383,0,-7
606,901,0,-6
508,175,0,-1
414,207,0,-4
27,624,0,-6
345,218,0,-8
434,396,0,-8
162,586,0,-3
610,759,0,-6
412,815,0,-5
131,430,0,-7
883,137,0,-3
984,107,0,-4
696,161,0,-10
429,162,0,-8
553,904,0,-6
41,453,0,-6
611,761,0,-6
183,574,0,-7
195,620,0,-9
818,427,0,-1
913,674,0,-1
729,168,0,-6
869,413,0,-9
536,907,0,-9
775,813,0,-3
744,14,0,-9
559,762,0,-7
894,124,0,-6
643,81,0,-6
732,253,0,-3
367,671,0,-2
545,218,0,-8
621,119,0,-2
966,303,0,-1
894,807,0,-9
592,479,0,-1
768,400,0,-10
367,520,0,-7
576,13,0,-5
397,656,0,-6
985,759,0,-7
563,188,0,-5
177,885,0,-5
797,24,0,-1
774,64,0,-7
564,777,0,-7
923,45,0,-2
817,218,0,-3
981,785,0,-7
356,509,0,-2
753,166,0,-8
124,261,0,-6
912,697,0,-8
577,271,0,-9
667,902,0,-5
817,327,0,-4
527,259,0,-6
780,707,0,-10
775,622,0,-1
609,143,0,-8
590,307,0,-5
982,268,0,-1
718,458,0,-7
473,853,0,-5
867,251,0,-8
885,626,0,-2
941,876,0,-7
130,862,0,-2
262,987,0,-6
845,219,0,-5
782,45,0,-3
119,482,0,-4
866,16,0,-5
67,875,0,-10
384,22,0,-4
440,27,0,-3
478,991,0,-3
339,169,0,-5
711,689,0,-7
706,783,0,-7
580,929,0,-10
628,149,0,-7
774,845,0,-9
432,560,0,-8
845,26,0,-8
988,502,0,-3
24,474,0,-6
395,390,0,-8
953,292,0,-2
218,756,0,-9
657,535,0,-10
169,452,0,-9
284,651,0,-8
773,275,0,-8
258,387,0,-4
860,350,0,-3
511,719,0,-9
329,975,0,-1
519,741,0,-7
183,975,0,-9
306,868,0,-8
469,104,0,-1
185,810,0,-10
400,928,0,-8
509,592,0,-5
224,953,0,-6
240,776,0,-3
692,47,0,-7
930,304,0,-7
889,926,0,-3
821,828,0,-9
588,110,0,-9
231,935,0,-8
29,526,0,-7
358,766,0,-2
646,125,0,-8
433,839,0,-2
104,980,0,-7
795,602,0,-4
49,504,0,-4
33,79,0,-5
188,621,0,-5
969,722,0,-3
863,365,0,-2
279,82,0,-8
265,916,0,-9
817,293,0,-7
877,537,0,-8
154,594,0,-10
99,851,0,-8
85,812,0,-10
56,716,0,-9
408,791,0,-4
282,234,0,-8
835,349,0,-8
274,570,0,-8
492,245,0,-10
439,454,0,-1
962,476,0,-1
152,221,0,-4
443,170,0,-8
434,61,0,-6
909,464,0,-5
184,990,0,-7
237,89,0,-7
554,905,0,-8
115,623,0,-7
72,990,0,-4
479,892,0,-6
866,818,0,-8
941,106,0,-10
14,312,0,-5
638,341,0,-6
269,319,0,-4
695,748,0,-7
24,137,0,-7
745,777,0,-3
980,389,0,-6
74,218,0,-6
966,20,0,-4
160,265,0,-3
545,219,0,-6
386,631,0,-6
343,462,0,-2
762,238,0,-5
889,196,0,-6
926,576,0,-8
94,90,0,-2
913,97,0,-9
661,255,0,-10
125,191,0,-6
70,699,0,-4
539,937,0,-10
375,893,0,-2
784,225,0,-7
856,87,0,-1
444,900,0,-4
924,163,0,-6
736,72,0,-1
696,875,0,-2
878,522,0,-4
206,429,0,-2
444,550,0,-4
776,203,0,-8
893,226,0,-8
403,546,0,-1
954,730,0,-10
881,686,0,-9
83,882,0,-6
221,809,0,-3
617,721,0,-7
766,774,0,-2
954,625,0,-7
761,990,0,-2
320,61,0,-7
465,692,0,-8
112,62,0,-10
224,135,0,-7
631,623,0,-5
718,572,0,-6
224,258,0,-7
992,552,0,-1
105,23,0,-8
711,774,0,-10
677,775,0,-9
523,374,0,-9
631,869,0,-5
164,571,0,-8
256,287,0,-4
723,887,0,-4
657,234,0,-5
481,470,0,-2
829,418,0,-10
877,779,0,-8
550,39,0,-6
142,896,0,-4
996,186,0,-3
697,16,0,-10
484,202,0,-7
919,647,0,-4
259,539,0,-7
626,10,0,-9
835,79,0,-7
809,311,0,-8
256,769,0,-4
176,218,0,-3
885,615,0,-8
225,425,0,-7
812,894,0,-10
950,739,0,-6
258,582,0,-3
951,882,0,-9
525,468,0,-4
188,548,0,-5
114,29,0,-7
222,355,0,-7
679,586,0,-2
483,883,0,-6
66,686,0,-9
195,327,0,-1
603,292,0,-8
937,168,0,-9
791,347,0,-5
681,537,0,-7
254,163,0,-2
931,605,0,-2
343,397,0,-4
568,108,0,-3
479,880,0,-6
118,985,0,-3
714,608,0,-1
761,740,0,-6
829,172,0,-9
862,813,0,-5
633,383,0,-1
979,427,0,-4
280,207,0,-1
531,997,0,-4
206,923,0,-3
380,495,0,-10
96,311,0,-5
503,173,0,-5
737,625,0,-7
267,116,0,-6
309,750,0,-4
44,332,0,-6
803,792,0,-4
18,749,0,-2
861,178,0,-6
165,455,0,-2
15,784,0,-6
654,738,0,-3
863,296,0,-3
875,96,0,-7
340,558,0,-1
171,849,0,-3
411,532,0,-2
831,569,0,-6
648,746,0,-6
755,293,0,-2
939,83,0,-5
80,990,0,-1
406,438,0,-4
562,484,0,-9
669,51,0,-5
467,735,0,-7
980,521,0,-9
734,526,0,-6
881,597,0,-3
253,57,0,-6
630,347,0,-2
223,651,0,-2
547,772,0,-5
780,973,0,-6
436,529,0,-9
778,136,0,-6
664,87,0,-5
677,968,0,-4
444,626,0,-2
687,789,0,-4
864,704,0,-7
445,474,0,-2
425,266,0,-3
720,48,0,-3
737,764,0,-5
490,959,0,-1
688,849,0,-1
784,956,0,-8
721,561,0,-7
207,384,0,-8
256,464,0,-9
508,466,0,-10
210,624,0,-9
916,790,0,-3
878,12,0,-4
916,229,0,-7
415,108,0,-1
822,160,0,-2
280,51,0,-10
101,525,0,-6
654,990,0,-9
212,68,0,-9
914,729,0,-2
191,483,0,-9
772,320,0,-4
462,888,0,-4
304,583,0,-5
484,178,0,-1
919,104,0,-4
699,789,0,-4
696,428,0,-5
409,274,0,-4
194,368,0,-9
962,822,0,-2
800,303,0,-1
672,309,0,-1
75,493,0,-10
78,155,0,-9
370,112,0,-2
679,775,0,-4
788,385,0,-7
249,878,0,-7
485,545,0,-1
868,101,0,-4
990,323,0,-2
247,506,0,-1
808,893,0,-1
287,516,0,-7
597,29,0,-1
275,958,0,-4
574,964,0,-9
425,332,0,-1
995,593,0,-3
877,646,0,-2
476,283,0,-2
475,183,0,-6
278,47,0,-2
978,676,0,-1
342,890,0,-7
783,542,0,-7
755,777,0,-2
274,884,0,-4
944,163,0,-3
885,753,0,-10
462,393,0,-10
54,470,0,-3
573,93,0,-1
276,896,0,-4
660,388,0,-10
381,790,0,-6
119,363,0,-5
711,9,0,-8
633,834,0,-6
748,20,0,-6
64,341,0,-1
502,107,0,-4
925,957,0,-5
240,967,0,-10
613,953,0,-10
948,767,0,-9
483,604,0,-3
396,559,0,-9
574,345,0,-9
900,908,0,-10
99,46,0,-7
852,62,0,-5
739,629,0,-7
659,124,0,-9
548,331,0,-2
116,854,0,-9
404,54,0,-7
244,355,0,-3
761,148,0,-9
75,802,0,-7
218,999,0,-5
790,621,0,-10
322,263,0,-7
841,532,0,-4
290,710,0,-3
940,609,0,-1
937,740,0,-2
71,995,0,-4
992,88,0,-1
822,401,0,-1
121,797,0,-10
770,894,0,-7
615,359,0,-9
950,141,0,-3
728,753,0,-3
314,402,0,-1
98,435,0,-4
164,623,0,-4
270,377,0,-5
11,515,0,-10
951,848,0,-10
491,930,0,-3
491,814,0,-7
191,540,0,-10
797,366,0,-3
426,331,0,-9
418,268,0,-4
297,322,0,-3
302,648,0,-5
312,445,0,-1
318,124,0,-5
603,689,0,-1
635,739,0,-6
307,125,0,-3
619,443,0,-8
98,641,0,-9
460,632,0,-4
482,706,0,-1
192,630,0,-10
309,574,0,-8
599,449,0,-9
308,598,0,-4
62,971,0,-7
155,848,0,-5
550,598,0,-5
796,238,0,-8
140,374,0,-5
29,519,0,-5
436,528,0,-7
502,95,0,-4
770,575,0,-4
365,846,0,-5
370,774,0,-9
243,127,0,-5
882,836,0,-10
784,625,0,-4
798,922,0,-5
695,124,0,-3
500,315,0,-5
825,362,0,-8
373,296,0,-2
981,697,0,-10
135,525,0,-2
81,742,0,-10
59,762,0,-3
962,260,0,-1
928,339,0,-6
836,306,0,-5
486,571,0,-4
282,758,0,-3
777,615,0,-6
884,259,0,-4
273,947,0,-1
523,726,0,-7
461,561,0,-3
848,126,0,-6
835,777,0,-7
211,722,0,-2
68,350,0,-7
943,651,0,-7
918,730,0,-5
282,460,0,-7
851,187,0,-2
607,741,0,-2
69,189,0,-1
212,875,0,-7
674,96,0,-5
929,220,0,-4
993,35,0,-4
836,857,0,-9
122,162,0,-8
99,10,0,-8
69,584,0,-5
310,709,0,-5
483,93,0,-2
708,634,0,-5
459,308,0,-7
347,214,0,-1
393,873,0,-3
453,634,0,-3
705,671,0,-1
279,471,0,-8
994,323,0,-9
198,611,0,-5
194,21,0,-9
382,524,0,-8
770,898,0,-7
527,970,0,-9
676,304,0,-6
959,908,0,-10
551,406,0,-1
412,524,0,-3
314,279,0,-10
715,411,0,-2
807,79,0,-5
712,443,0,-9
541,186,0,-9
742,724,0,-2
760,989,0,-2
640,680,0,-2
116,493,0,-6
998,795,0,-8
880,900,0,-5
319,82,0,-5
726,835,0,-2
367,347,0,-4
131,861,0,-8
124,721,0,-9
866,749,0,-1
361,321,0,-4
372,889,0,-1
970,148,0,-1
587,764,0,-6
247,355,0,-6
330,838,0,-4
179,801,0,-7
267,188,0,-2
189,616,0,-6
690,729,0,-3
484,926,0,-4
536,164,0,-6
887,260,0,-7
378,457,0,-2
395,170,0,-9
699,660,0,-9
682,132,0,-8
927,743,0,-4
60,436,0,-2
785,800,0,-5
342,363,0,-10
708,616,0,-9
359,216,0,-9
161,875,0,-1
283,624,0,-2
341,621,0,-5
890,166,0,-2
451,409,0,-7
204,972,0,-5
218,493,0,-4
300,267,0,-6
363,415,0,-3
644,224,0,-8
894,520,0,-6
430,549,0,-6
429,259,0,-6
141,268,0,-5
382,106,0,-2
35,488,0,-3
487,542,0,-7
642,675,0,-1
501,758,0,-2
298,828,0,-10
161,755,0,-2
735,32,0,-3
866,359,0,-8
286,935,0,-7
830,970,0,-4
361,365,0,-4
681,579,0,-5
133,485,0,-2
868,117,0,-4
92,722,0,-7
119,367,0,-7
196,663,0,-3
926,649,0,-8
760,750,0,-9
926,631,0,-4
740,410,0,-1
455,998,0,-8
197,860,0,-6
280,584,0,-9
521,796,0,-2
206,256,0,-1
979,824,0,-2
962,559,0,-6
322,984,0,-5
444,684,0,-3
108,153,0,-6
234,397,0,-6
258,710,0,-8
474,925,0,-1
819,175,0,-8
241,844,0,-7
52,315,0,-9
163,200,0,-4
989,465,0,-7
585,946,0,-2
125,110,0,-9
271,899,0,-2
592,100,0,-3
872,902,0,-3
818,398,0,-2
615,832,0,-8
240,939,0,-8
567,454,0,-6
220,437,0,-1
862,697,0,-9
796,315,0,-8
823,494,0,-6
558,828,0,-7
624,347,0,-3
442,585,0,-9
858,493,0,-3
874,436,0,-3
793,749,0,-3
275,107,0,-3
995,654,0,-6
613,503,0,-1
690,829,0,-3
745,409,0,-9
895,670,0,-7
791,852,0,-5
633,192,0,-7
939,466,0,-5
718,932,0,-6
587,204,0,-8
552,854,0,-3
283,692,0,-5
638,413,0,-6
674,929,0,-8
900,341,0,-4
726,966,0,-9
873,533,0,-4
448,942,0,-5
572,619,0,-9
385,43,0,-9
630,863,0,-7
861,771,0,-6
93,348,0,-4
148,72,0,-6
54,806,0,-4
946,688,0,-8
837,695,0,-8
556,599,0,-1
745,290,0,-2
898,599,0,-4
328,636,0,-1
578,85,0,-1
54,542,0,-7
897,369,0,-3
266,211,0,-1
608,63,0,-8
211,61,0,-8
486,573,0,-1
326,942,0,-2
410,51,0,-8
462,645,0,-5
472,950,0,-4
27,591,0,-5
819,227,0,-1
282,830,0,-6
940,54,0,-5
275,129,0,-7
255,760,0,-6
248,42,0,-5
367,980,0,-8
221,333,0,-8
627,217,0,-9
368,491,0,-6
42,66,0,-10
594,413,0,-9
531,328,0,-3
967,24,0,-6
563,139,0,-4
52,911,0,-1
112,880,0,-4
476,314,0,-1
117,212,0,-2
684,241,0,-3
157,900,0,-5
568,757,0,-9
378,142,0,-5
592,483,0,-5
415,614,0,-9
486,814,0,-5
167,389,0,-4
455,784,0,-8
448,638,0,-4
799,306,0,-10
573,765,0,-7
788,917,0,-4
228,334,0,-4
106,47,0,-2
71,403,0,-5
777,860,0,-9
918,432,0,-5
779,265,0,-8
546,823,0,-6
486,531,0,-8
630,414,0,-4
255,361,0,-4
150,939,0,-10
922,57,0,-6
380,679,0,-7
584,998,0,-7
960,600,0,-9
17,994,0,-2
797,93,0,-9
184,78,0,-3
796,340,0,-2
675,947,0,-3
514,972,0,-7
533,459,0,-9
628,524,0,-5
292,988,0,-6
485,218,0,-8
818,137,0,-3
395,246,0,-1
995,491,0,-3
87,703,0,-3
354,712,0,-6
91,820,0,-1
380,508,0,-1
697,114,0,-1
614,430,0,-1
456,398,0,-6
922,80,0,-8
986,351,0,-9
528,522,0,-3
40,420,0,-10
150,111,0,-9
577,970,0,-1
619,362,0,-1
612,768,0,-8
900,141,0,-2
499,609,0,-6
842,766,0,-4
796,892,0,-10
43,307,0,-4
225,529,0,-2
659,875,0,-8
831,688,0,-6
550,700,0,-6
907,53,0,-3
406,10,0,-7
963,124,0,-7
213,240,0,-2
317,194,0,-4
550,499,0,-4
48,371,0,-10
628,402,0,-6
431,536,0,-1
165,118,0,-7
878,627,0,-2
414,80,0,-1
352,657,0,-5
979,871,0,-2
794,648,0,-4
347,854,0,-3
327,761,0,-7
852,578,0,-6
629,525,0,-6
790,246,0,-7
620,699,0,-7
147,475,0,-1
487,667,0,-7
774,846,0,-8
79,141,0,-10
958,687,0,-7
247,759,0,-8
838,731,0,-3
951,888,0,-5
111,689,0,-3
938,346,0,-6
305,954,0,-1
346,121,0,-9
653,377,0,-9
961,955,0,-5
998,106,0,-7
945,643,0,-8
524,585,0,-8
931,410,0,-2
835,606,0,-8
870,335,0,-2
499,194,0,-9
270,576,0,-4
152,468,0,-6
890,718,0,-5
929,818,0,-4
557,642,0,-10
844,271,0,-9
541,479,0,-5
663,956,0,-9
912,293,0,-6
949,898,0,-10
984,101,0,-10
424,938,0,-1
963,652,0,-1
627,208,0,-3
695,391,0,-4
409,58,0,-9
635,437,0,-2
71,422,0,-2
668,935,0,-5
924,916,0,-3
551,258,0,-1
899,87,0,-6
415,235,0,-3
2,271,0,-10
375,738,0,-9
743,536,0,-2
208,808,0,-3
964,229,0,-5
73,675,0,-7
441,231,0,-9
959,997,0,-4
814,731,0,-2
863,3,0,-5
751,375,0,-1
435,336,0,-4
797,17,0,-9
599,659,0,-10
235,340,0,-8
7,644,0,-2
679,870,0,-5
142,476,0,-1
813,509,0,-5
305,790,0,-8
79,852,0,-6
857,434,0,-1
130,349,0,-10
953,893,0,-4
191,923,0,-4
895,400,0,-8
219,11,0,-8
142,123,0,-2
354,276,0,-2
880,523,0,-2
243,601,0,-10
894,613,0,-3
725,26,0,-1
14,322,0,-9
412,716,0,-4
781,986,0,-4
236,256,0,-8
397,357,0,-4
264,466,0,-5
252,531,0,-9
2,199,0,-6
639,31,0,-1
31,616,0,-7
873,999,0,-1
30,854,0,-8
214,842,0,-3
539,90,0,-4
966,26,0,-7
221,179,0,-10
295,823,0,-9
725,179,0,-3
792,956,0,-6
38,162,0,-2
668,777,0,-10
809,988,0,-6
870,721,0,-10
256,747,0,-2
774,537,0,-6
731,377,0,-5
962,648,0,-10
216,868,0,-4
676,192,0,-3
691,556,0,-5
17,578,0,-3
168,175,0,-8
944,951,0,-5
494,210,0,-9
820,410,0,-7
373,403,0,-3
37,107,0,-2
499,315,0,-4
673,713,0,-5
587,589,0,-4
843,852,0,-2
903,379,0,-5
209,820,0,-3
731,359,0,-9
803,244,0,-8
167,660,0,-7
839,205,0,-5
434,371,0,-6
691,452,0,-1
732,750,0,-2
661,853,0,-1
890,764,0,-4
954,910,0,-9
778,880,0,-1
440,877,0,-7
14,162,0,-5
867,816,0,-3
383,311,0,-4
886,298,0,-3
106,787,0,-5
28,583,0,-8
616,406,0,-6
657,375,0,-8
685,599,0,-8
434,592,0,-7
318,588,0,-10
672,430,0,-4
289,582,0,-1
981,631,0,-9
679,506,0,-8
427,813,0,-10
100,603,0,-8
440,539,0,-6
318,801,0,-3
535,649,0,-2
234,233,0,-1
277,165,0,-7
224,77,0,-3
715,840,0,-9
457,852,0,-9
49,255,0,-8
231,535,0,-3
570,231,0,-9
326,156,0,-9
41,206,0,-3
192,706,0,-10
973,198,0,-5
234,24,0,-1
410,965,0,-3
907,279,0,-6
690,346,0,-8
182,97,0,-2
554,250,0,-9
896,23,0,-7
377,567,0,-5
722,248,0,-4
687,749,0,-10
835,64,0,-2
467,983,0,-1
761,789,0,-8
302,721,0,-6
908,647,0,-8
477,726,0,-1
374,320,0,-2
758,638,0,-3
126,842,0,-9
4,248,0,-7
439,734,0,-7
391,792,0,-1
474,283,0,-4
148,69,0,-5
874,123,0,-5
821,938,0,-10
910,567,0,-2
970,274,0,-10
538,982,0,-5
405,189,0,-1
126,459,0,-4
156,417,0,-8
606,723,0,-4
567,870,0,-9
373,703,0,-10
386,794,0,-5
429,529,0,-5
721,901,0,-1
93,278,0,-10
240,980,0,-1
633,799,0,-8
828,843,0,-3
566,149,0,-2
130,508,0,-8
207,952,0,-4
641,701,0,-7
635,945,0,-6
573,777,0,-6
364,214,0,-6
603,319,0,-5
957,737,0,-6
515,423,0,-1
129,493,0,-10
738,22,0,-10
313,962,0,-8
449,984,0,-5
647,161,0,-2
941,497,0,-9
984,384,0,-8
797,748,0,-7
411,665,0,-2
317,237,0,-6
396,628,0,-4
187,958,0,-6
37,457,0,-1
366,616,0,-6
424,352,0,-5
945,252,0,-3
93,668,0,-10
555,799,0,-4
448,927,0,-5
66,539,0,-3
884,605,0,-5
452,6,0,-1
730,310,0,-2
111,492,0,-5
261,537,0,-9
966,641,0,-3
643,923,0,-8
525,100,0,-2
796,117,0,-4
26,367,0,-5
123,359,0,-1
992,679,0,-3
796,667,0,-6
119,500,0,-3
683,116,0,-6
369,586,0,-10
694,178,0,-2
450,642,0,-5
650,925,0,-8
788,568,0,-4
706,983,0,-10
971,28,0,-8
607,198,0,-10
610,192,0,-9
936,495,0,-10
266,745,0,-3
333,514,0,-9
408,613,0,-1
356,956,0,-6
316,292,0,-1
122,536,0,-7
141,623,0,-7
605,927,0,-9
717,476,0,-4
689,227,0,-3
699,701,0,-8
867,4,0,-3
132,613,0,-9
44,664,0,-8
108,782,0,-9
288,394,0,-6
998,625,0,-2
687,980,0,-6
711,460,0,-2
487,240,0,-10
54,693,0,-2
17,150,0,-3
704,232,0,-5
539,540,0,-7
571,546,0,-2
564,537,0,-8
415,512,0,-6
916,106,0,-6
678,587,0,-2
883,453,0,-10
3,922,0,-7
714,760,0,-10
458,461,0,-7
979,727,0,-10
773,965,0,-3
381,121,0,-2
120,335,0,-7
912,722,0,-10
559,467,0,-10
956,487,0,-6
183,231,0,-7
605,651,0,-5
705,29,0,-1
653,771,0,-4
2,885,0,-2
564,946,0,-4
651,620,0,-9
888,949,0,-7
836,585,0,-8
590,242,0,-9
66,285,0,-6
622,951,0,-5
809,516,0,-5
69,410,0,-7
216,880,0,-2
223,749,0,-6
144,809,0,-10
831,22,0,-6
124,994,0,-3
294,758,0,-9
781,415,0,-8
415,465,0,-9
53,806,0,-7
790,338,0,-2
491,750,0,-10
123,332,0,-7
86,441,0,-4
656,464,0,-9
848,152,0,-6
642,337,0,-2
149,760,0,-7
46,910,0,-10
167,211,0,-6
493,968,0,-8
78,554,0,-3
611,960,0,-7
78,376,0,-9
68,506,0,-5
1,489,0,-5
445,564,0,-9
972,279,0,-7
58,485,0,-9
642,120,0,-2
586,83,0,-9
208,600,0,-10
14,864,0,-9
536,124,0,-3
437,809,0,-8
403,630,0,-10
55,779,0,-5
420,540,0,-9
501,720,0,-5
595,413,0,-8
7,240,0,-2
136,317,0,-2
712,93,0,-10
283,619,0,-6
712,420,0,-2
43,427,0,-5
492,106,0,-4
595,163,0,-2
116,724,0,-6
250,965,0,-2
295,185,0,-3
84,885,0,-7
771,827,0,-1
982,163,0,-5
625,276,0,-8
250,946,0,-3
571,733,0,-4
80,468,0,-8
746,179,0,-1
876,493,0,-6
115,94,0,-5
332,606,0,-5
976,547,0,-6
267,783,0,-9
779,49,0,-4
89,832,0,-4
610,880,0,-4
482,546,0,-6
155,166,0,-5
854,751,0,-9
208,939,0,-6
522,615,0,-6
389,537,0,-10
515,890,0,-8
910,419,0,-8
274,720,0,-8
530,86,0,-3
79,530,0,-2
208,601,0,-6
731,42,0,-4
224,774,0,-4
583,561,0,-10
638,157,0,-7
963,304,0,-3
130,126,0,-7
874,789,0,-5
304,605,0,-7
401,716,0,-6
723,552,0,-6
800,281,0,-4
41,318,0,-10
809,116,0,-5
593,911,0,-8
563,83,0,-10
306,865,0,-3
824,865,0,-9
931,13,0,-7
461,612,0,-1
972,222,0,-3
862,43,0,-5
145,984,0,-4
610,76,0,-3
810,478,0,-1
619,635,0,-10
164,111,0,-9
452,523,0,-8
642,621,0,-5
188,995,0,-3
22,797,0,-7
758,142,0,-5
138,465,0,-10
217,768,0,-1
101,178,0,-10
424,955,0,-8
816,341,0,-6
424,676,0,-2
714,720,0,-5
699,204,0,-2
819,629,0,-7
675,607,0,-10
411,561,0,-9
613,9,0,-5
836,301,0,-7
636,872,0,-4
850,423,0,-6
503,860,0,-9
607,219,0,-2
348,461,0,-3
910,590,0,-1
843,467,0,-7
813,930,0,-9
88,845,0,-3
832,870,0,-7
440,570,0,-5
871,52,0,-7
182,129,0,-10
805,613,0,-2
653,346,0,-10
894,113,0,-4
387,922,0,-1
132,146,0,-2
247,945,0,-10
518,986,0,-4
800,649,0,-10
761,375,0,-9
54,789,0,-3
743,29,0,-6
381,545,0,-8
712,503,0,-1
541,108,0,-1
693,839,0,-6
27,354,0,-8
337,714,0,-5
50,854,0,-1
182,575,0,-8
287,789,0,-6
82,227,0,-7
762,660,0,-9
88,335,0,-7
140,854,0,-7
726,383,0,-9
860,594,0,-4
419,536,0,-4
673,761,0,-5
307,330,0,-3
898,960,0,-4
6,128,0,-2
68,839,0,-8
971,688,0,-4
217,344,0,-3
938,281,0,-4
1000,589,0,-6
613,215,0,-3
296,188,0,-7
474,231,0,-1
470,399,0,-10
913,906,0,-3
588,114,0,-6
688,81,0,-2
399,66,0,-10
371,303,0,-3
406,965,0,-5
320,621,0,-7
693,45,0,-1
732,708,0,-6
728,552,0,-6
328,541,0,-8
969,77,0,-6
926,985,0,-3
212,388,0,-1
93,45,0,-2
484,350,0,-1
271,543,0,-7
349,847,0,-6
845,767,0,-2
76,376,0,-3
780,971,0,-5
615,831,0,-2
793,969,0,-3
769,234,0,-10
426,61,0,-1
424,654,0,-9
833,3,0,-3
233,643,0,-2
933,623,0,-4
5,885,0,-4
949,977,0,-7
123,386,0,-2
379,853,0,-7
138,845,0,-7
178,906,0,-6
510,139,0,-2
15,779,0,-5
698,431,0,-6
423,243,0,-3
839,164,0,-4
283,895,0,-1
603,47,0,-8
722,87,0,-4
311,440,0,-6
839,337,0,-5
809,399,0,-3
611,685,0,-10
106,821,0,-7
358,436,0,-5
966,528,0,-7
835,594,0,-8
737,953,0,-2
346,98,0,-10
180,999,0,-1
234,344,0,-5
18,983,0,-5
533,922,0,-2
638,93,0,-4
756,348,0,-9
183,877,0,-5
389,753,0,-2
909,137,0,-5
588,497,0,-10
893,522,0,-7
933,650,0,-4
143,87,0,-10
869,214,0,-4
562,277,0,-2
943,530,0,-10
999,391,0,-8
533,670,0,-9
63,627,0,-10
186,497,0,-10
679,37,0,-9
355,762,0,-3
336,549,0,-9
752,236,0,-7
65,460,0,-3
800,853,0,-1
831,568,0,-9
6,355,0,-7
191,784,0,-7
564,466,0,-5
514,625,0,-6
741,872,0,-4
434,335,0,-9
637,1000,0,-9
267,299,0,-5
40,173,0,-5
530,752,0,-10
734,354,0,-8
271,241,0,-1
328,506,0,-6
610,252,0,-9
432,347,0,-7
44,26,0,-5
938,904,0,-6
363,682,0,-4
668,84,0,-7
697,18,0,-7
731,3,0,-10
305,986,0,-5
450,930,0,-4
803,547,0,-10
894,13,0,-5
391,997,0,-6
698,480,0,-2
814,556,0,-9
221,813,0,-4
9,703,0,-6
854,760,0,-3
362,540,0,-3
486,395,0,-7
374,323,0,-7
798,216,0,-9
919,645,0,-4
823,499,0,-9
724,960,0,-5
177,676,0,-6
557,599,0,-7
523,995,0,-5
295,899,0,-9
581,965,0,-10
819,701,0,-10
802,408,0,-1
180,677,0,-3
214,221,0,-5
574,543,0,-7
726,629,0,-10
724,196,0,-3
572,699,0,-2
156,96,0,-4
658,665,0,-7
617,780,0,-7
805,381,0,-2
838,959,0,-7
810,937,0,-3
277,234,0,-7
428,380,0,-2
758,233,0,-7
431,641,0,-10
157,13,0,-7
395,821,0,-10
812,883,0,-9
752,54,0,-9
413,631,0,-10
383,855,0,-2
268,782,0,-2
429,587,0,-10
282,950,0,-3
703,585,0,-6
355,93,0,-7
115,25,0,-8
147,759,0,-4
533,981,0,-6
999,623,0,-5
485,422,0,-2
552,808,0,-5
313,440,0,-4
621,46,0,-4
255,564,0,-8
106,529,0,-9
726,528,0,-1
896,983,0,-7
883,586,0,-2
88,625,0,-5
462,787,0,-4
413,752,0,-3
381,666,0,-4
256,607,0,-1
92,160,0,-2
368,361,0,-4
6,746,0,-6
425,881,0,-4
732,31,0,-4
39,748,0,-6
556,881,0,-4
14,572,0,-5
329,681,0,-1
530,996,0,-6
645,41,0,-9
277,258,0,-5
261,390,0,-8
157,502,0,-9
888,562,0,-5
913,421,0,-2
379,448,0,-1
589,250,0,-9
467,515,0,-2
735,683,0,-5
186,511,0,-9
666,337,0,-6
995,771,0,-6
687,678,0,-3
16,70,0,-3
468,788,0,-2
659,86,0,-10
439,281,0,-8
43,945,0,-10
22,845,0,-4
756,33,0,-7
835,406,0,-8
445,54,0,-3
881,395,0,-9
529,345,0,-10
840,741,0,-10
322,636,0,-2
530,312,0,-1
397,419,0,-4
498,351,0,-4
741,794,0,-7
127,553,0,-6
444,6,0,-7
881,314,0,-3
362,454,0,-2
193,848,0,-9
659,675,0,-9
210,720,0,-3
40,847,0,-6
234,499,0,-10
772,647,0,-10
786,788,0,-8
883,307,0,-2
12,924,0,-4
44,953,0,-8
144,243,0,-9
82,597,0,-1
51,778,0,-2
140,796,0,-5
581,335,0,-4
968,320,0,-7
587,922,0,-6
514,566,0,-3
588,712,0,-1
465,47,0,-6
339,198,0,-1
452,912,0,-9
312,299,0,-7
361,434,0,-10
170,657,0,-2
174,316,0,-4
253,579,0,-4
26,470,0,-3
24,52,0,-1
605,156,0,-5
32,727,0,-1
762,996,0,-4
944,275,0,-1
19,801,0,-1
601,189,0,-9
978,653,0,-6
733,134,0,-2
863,355,0,-9
806,719,0,-10
856,448,0,-3
448,256,0,-7
728,24,0,-3
356,343,0,-5
788,193,0,-5
887,706,0,-9
396,216,0,-9
119,212,0,-9
329,247,0,-3
126,699,0,-2
795,399,0,-10
983,63,0,-1
983,494,0,-4
542,737,0,-3
977,950,0,-6
683,728,0,-1
147,487,0,-10
476,993,0,-7
105,957,0,-8
600,671,0,-10
907,485,0,-4
265,488,0,-8
945,763,0,-3
349,188,0,-10
20,70,0,-8
882,582,0,-9
464,338,0,-10
396,898,0,-6
784,485,0,-10
467,270,0,-10
237,683,0,-1
892,246,0,-9
432,993,0,-8
127,675,0,-2
701,956,0,-3
159,462,0,-8
938,113,0,-5
901,946,0,-3
86,748,0,-9
341,6,0,-7
218,385,0,-10
589,391,0,-3
287,921,0,-1
855,680,0,-10
900,642,0,-10
993,893,0,-5
154,709,0,-6
19,727,0,-4
992,235,0,-8
420,305,0,-8
986,616,0,-9
507,484,0,-5
424,518,0,-4
204,188,0,-6
511,125,0,-5
565,260,0,-4
511,873,0,-6
126,156,0,-1
291,992,0,-6
422,325,0,-6
619,248,0,-9
477,667,0,-2
952,118,0,-7
183,384,0,-6
90,338,0,-5
984,574,0,-4
169,710,0,-4
527,385,0,-8
371,442,0,-9
540,659,0,-2
683,602,0,-6
510,736,0,-5
960,575,0,-10
248,928,0,-7
93,634,0,-7
87,2,0,-8
662,207,0,-4
527,542,0,-4
764,790,0,-9
267,848,0,-3
213,127,0,-5
408,204,0,-5
764,78,0,-3
97,502,0,-10
786,120,0,-10
66,975,0,-4
627,330,0,-6
287,618,0,-10
930,473,0,-2
861,123,0,-8
120,138,0,-10
734,571,0,-7
602,35,0,-6
652,950,0,-8
185,929,0,-6
806,879,0,-7
777,657,0,-9
1000,822,0,-1
268,788,0,-8
939,142,0,-2
469,912,0,-6
295,658,0,-1
893,219,0,-1
346,394,0,-1
481,594,0,-2
847,281,0,-6
295,613,0,-9
662,186,0,-5
704,976,0,-10
629,62,0,-5
278,839,0,-3
55,417,0,-6
868,632,0,-7
400,817,0,-1
619,37,0,-6
394,4,0,-2
864,216,0,-10
352,237,0,-2
46,719,0,-4
389,886,0,-7
287,476,0,-8
228,614,0,-2
159,582,0,-10
92,213,0,-1
841,638,0,-2
116,111,0,-8
681,756,0,-6
652,80,0,-9
298,913,0,-4
470,507,0,-6
803,16,0,-3
501,660,0,-10
659,680,0,-7
588,390,0,-6
150,270,0,-10
556,561,0,-5
841,699,0,-10
625,125,0,-3
672,771,0,-6
644,170,0,-7
708,213,0,-5
424,315,0,-4
440,863,0,-7
57,769,0,-5
982,250,0,-9
50,906,0,-7
749,112,0,-1
77,680,0,-10
224,869,0,-9
415,596,0,-9
190,588,0,-3
794,697,0,-3
843,906,0,-7
518,604,0,-8
77,575,0,-8
156,257,0,-8
254,109,0,-2
521,519,0,-3
725,795,0,-9
445,427,0,-4
605,682,0,-9
663,28,0,-9
195,667,0,-10
927,815,0,-9
685,858,0,-10
610,767,0,-9
157,558,0,-7
677,433,0,-7
842,231,0,-2
816,125,0,-1
678,129,0,-1
680,980,0,-2
557,256,0,-8
275,399,0,-9
637,429,0,-7
888,942,0,-4
25,294,0,-7
410,890,0,-1
208,246,0,-7
429,844,0,-1
69,122,0,-3
844,507,0,-5
224,496,0,-7
562,708,0,-9
63,374,0,-3
500,843,0,-3
109,696,0,-5
93,98,0,-6
764,484,0,-3
613,830,0,-3
521,954,0,-7
490,400,0,-8
451,859,0,-1
612,838,0,-4
414,570,0,-10
107,300,0,-2
947,274,0,-6
289,616,0,-8
992,40,0,-10
321,574,0,-4
344,312,0,-10
135,263,0,-2
290,421,0,-6
6,948,0,-6
573,613,0,-4
764,655,0,-10
911,225,0,-5
32,661,0,-3
1000,353,0,-6
95,999,0,-5
829,727,0,-4
866,967,0,-2
654,903,0,-10
504,914,0,-9
930,991,0,-10
817,92,0,-3
165,370,0,-5
544,9,0,-5
76,253,0,-10
36,232,0,-8
847,637,0,-4
631,43,0,-7
360,995,0,-1
623,817,0,-9
832,166,0,-1
150,649,0,-3
929,931,0,-6
56,74,0,-4
695,811,0,-3
930,261,0,-1
544,762,0,-10
532,585,0,-2
597,936,0,-4
925,146,0,-10
754,979,0,-6
830,206,0,-2
286,866,0,-4
724,977,0,-2
21,894,0,-1
999,903,0,-9
822,957,0,-1
2,606,0,-9
766,543,0,-9
733,329,0,-9
47,244,0,-7
60,906,0,-3
654,976,0,-10
898,537,0,-7
645,489,0,-1
12,841,0,-8
420,41,0,-8
716,368,0,-7
174,682,0,-1
937,128,0,-2
489,861,0,-4
778,468,0,-4
440,427,0,-1
456,783,0,-1
963,383,0,-7
901,551,0,-4
560,541,0,-6
651,875,0,-9
250,548,0,-9
263,781,0,-6
530,523,0,-9
398,450,0,-4
754,353,0,-9
806,520,0,-1
